&INSTATE
  TOKAMAK_ID = 'd3d' 
  MODEL_SHAPE = 0 
  DENSITY_MODEL = 0 
  R0 = 1.6955 
  B0 = 1.9121 
  IP = 0.75228 
  KAPPA = 1.7383 
  DELTA = 0.6666 
  ASPECT = 0.3574495 
  RMAJOR = 1.6955 
  AMINOR = 0.6060556 
  N_ION = 1 
  Z_ION = 1 
  A_ION = 2 
  F_ION = 1 
  N_IMP = 1 
  Z_IMP = 6 
  A_IMP = 12 
  F_IMP = 1 
  N_MIN = 0 
  Z_MIN = 1 
  A_MIN = 1 
  N_BEAM = 1 
  Z_BEAM = 1 
  A_BEAM = 2 
  N_FUSION = 1 
  Z_FUSION = 2 
  A_FUSION = 4 
  RHO = 0.0 0.01 0.02 0.03 0.04 0.05 0.06 0.07 0.08 0.09 0.1 0.11 0.12  
    0.13 0.14 0.15 0.16 0.17 0.18 0.19 0.2 0.21 0.22 0.23 0.24 0.25  
    0.26 0.27 0.28 0.29 0.3 0.31 0.32 0.33 0.34 0.35 0.36 0.37 0.38  
    0.39 0.4 0.41 0.42 0.43 0.44 0.45 0.46 0.47 0.48 0.49 0.5 0.51 0.52  
    0.53 0.54 0.55 0.56 0.57 0.58 0.59 0.6 0.61 0.62 0.63 0.64 0.65  
    0.66 0.67 0.68 0.69 0.7 0.71 0.72 0.73 0.74 0.75 0.76 0.77 0.78  
    0.79 0.8 0.81 0.82 0.83 0.84 0.85 0.86 0.87 0.88 0.89 0.9 0.91 0.92  
    0.93 0.94 0.95 0.96 0.97 0.98 0.99 1.0 
  NRHO = 101 
  PSIPOL = -0.3789 -0.37885 -0.3787 -0.37845 -0.37811 -0.37767 -0.37713  
    -0.37649 -0.37576 -0.37493 -0.37401 -0.373 -0.3719 -0.3707 -0.36942  
    -0.36805 -0.36659 -0.36505 -0.36343 -0.36173 -0.35995 -0.3581  
    -0.35617 -0.35417 -0.35211 -0.34997 -0.34777 -0.34551 -0.3432  
    -0.34082 -0.33839 -0.33591 -0.33338 -0.33081 -0.32819 -0.32553  
    -0.32283 -0.3201 -0.31733 -0.31453 -0.31171 -0.30886 -0.30599  
    -0.30309 -0.30019 -0.29726 -0.29432 -0.29138 -0.28842 -0.28546  
    -0.2825 -0.27954 -0.27657 -0.27362 -0.27066 -0.26771 -0.26478  
    -0.26185 -0.25894 -0.25604 -0.25316 -0.2503 -0.24745 -0.24463  
    -0.24183 -0.23905 -0.2363 -0.23358 -0.23088 -0.22822 -0.22558  
    -0.22298 -0.22041 -0.21787 -0.21537 -0.2129 -0.21047 -0.20808  
    -0.20572 -0.20341 -0.20114 -0.1989 -0.19671 -0.19456 -0.19246  
    -0.1904 -0.18839 -0.18642 -0.1845 -0.18263 -0.18082 -0.17905  
    -0.17734 -0.17568 -0.17408 -0.17255 -0.17108 -0.16969 -0.16839  
    -0.16733 -0.16665 
  RHOPSI = 0.0 0.1 0.1414214 0.1732051 0.2 0.2236068 0.244949 0.2645751  
    0.2828427 0.3 0.3162278 0.3316625 0.3464102 0.3605551 0.3741657  
    0.3872983 0.4 0.4123106 0.4242641 0.4358899 0.4472136 0.4582576  
    0.4690416 0.4795832 0.4898979 0.5 0.509902 0.5196152 0.5291503  
    0.5385165 0.5477226 0.5567764 0.5656854 0.5744563 0.5830952  
    0.591608 0.6 0.6082763 0.6164414 0.6244998 0.6324555 0.6403124  
    0.6480741 0.6557439 0.663325 0.6708204 0.678233 0.6855655 0.6928203  
    0.7 0.7071068 0.7141428 0.7211103 0.728011 0.7348469 0.7416198  
    0.7483315 0.7549834 0.7615773 0.7681146 0.7745967 0.781025  
    0.7874008 0.7937254 0.8 0.8062258 0.8124038 0.8185353 0.8246211  
    0.8306624 0.83666 0.842615 0.8485281 0.8544004 0.8602325 0.8660254  
    0.8717798 0.8774964 0.8831761 0.8888194 0.8944272 0.9 0.9055385  
    0.9110434 0.9165151 0.9219544 0.9273618 0.9327379 0.9380832  
    0.9433981 0.9486833 0.9539392 0.9591663 0.9643651 0.969536  
    0.9746794 0.9797959 0.9848858 0.9899495 0.9949874 1.0 
  Q = -1.193 -1.1945 -1.1961 -1.1977 -1.1993 -1.2009 -1.2029 -1.2064  
    -1.21 -1.2145 -1.2192 -1.224 -1.2295 -1.2361 -1.2433 -1.251 -1.2593  
    -1.2679 -1.2771 -1.2871 -1.2976 -1.3089 -1.3207 -1.3332 -1.3463  
    -1.3602 -1.3747 -1.3899 -1.4059 -1.4226 -1.44 -1.4583 -1.4773  
    -1.4972 -1.5179 -1.5395 -1.562 -1.5854 -1.6098 -1.6352 -1.6616  
    -1.6889 -1.7174 -1.747 -1.7778 -1.8097 -1.8428 -1.8772 -1.9129  
    -1.95 -1.9884 -2.0283 -2.0697 -2.1126 -2.1571 -2.2033 -2.2512  
    -2.3009 -2.3525 -2.406 -2.4615 -2.5192 -2.5789 -2.6411 -2.7056  
    -2.7725 -2.8421 -2.9145 -2.9896 -3.0679 -3.1492 -3.2339 -3.3222  
    -3.4141 -3.5101 -3.6101 -3.7147 -3.824 -3.9383 -4.0583 -4.1837  
    -4.316 -4.455 -4.6012 -4.7559 -4.92 -5.0938 -5.2785 -5.4756 -5.6876  
    -5.9167 -6.1654 -6.4375 -6.7382 -7.0748 -7.4581 -7.9056 -8.4665  
    -9.1276 -13.898 -22.488 
  NE = 3.0739 3.0736 3.0726 3.071 3.0687 3.0658 3.0623 3.0581 3.0534  
    3.048 3.0421 3.0356 3.0284 3.0208 3.0125 3.0037 2.9943 2.9844 2.974  
    2.963 2.9515 2.9395 2.927 2.914 2.9005 2.8865 2.8721 2.8571 2.8417  
    2.8259 2.8096 2.7928 2.7757 2.7581 2.74 2.7216 2.7028 2.6835 2.6639  
    2.6439 2.6235 2.6028 2.5817 2.5602 2.5384 2.5163 2.4938 2.471  
    2.4479 2.4245 2.4008 2.3768 2.3525 2.3279 2.303 2.2779 2.2525  
    2.2269 2.2011 2.175 2.1486 2.1221 2.0953 2.0683 2.0412 2.0138  
    1.9863 1.9585 1.9306 1.9026 1.8743 1.8459 1.8174 1.7887 1.7598  
    1.7308 1.7017 1.6724 1.6431 1.6136 1.584 1.5543 1.5245 1.4945  
    1.4645 1.4345 1.4043 1.3741 1.3437 1.3134 1.2829 1.2525 1.2219  
    1.1913 1.1607 1.1301 1.0994 1.0687 1.038 1.0073 0.97656 
  TE = 2.1787 2.1772 2.173 2.1661 2.1566 2.1447 2.1304 2.1138 2.0952  
    2.0744 2.0518 2.0273 2.0012 1.9734 1.9442 1.9136 1.8817 1.8487  
    1.8146 1.7796 1.7437 1.7071 1.6699 1.6322 1.5941 1.5557 1.5171  
    1.4784 1.4398 1.4013 1.3631 1.3252 1.2879 1.2511 1.2149 1.1796  
    1.1452 1.1118 1.0793 1.0477 1.0171 0.98732 0.95843 0.93038 0.90315  
    0.87672 0.85107 0.82617 0.80201 0.77856 0.7558 0.7337 0.71225  
    0.69143 0.6712 0.65156 0.63247 0.61392 0.59588 0.57834 0.56126  
    0.54463 0.52842 0.51262 0.4972 0.48214 0.46742 0.45301 0.4389  
    0.42506 0.41147 0.3981 0.38494 0.37196 0.35915 0.34647 0.33391  
    0.32145 0.30906 0.29672 0.28441 0.27211 0.25979 0.24744 0.23503  
    0.22253 0.20994 0.19722 0.18435 0.17132 0.15809 0.14464 0.13098  
    0.11711 0.10306 0.088846 0.074507 0.060063 0.045542 0.030968  
    0.016369 
  TI = 2.5735 2.5705 2.5618 2.5477 2.5287 2.505 2.4771 2.4453 2.4101  
    2.3717 2.3305 2.2869 2.2413 2.1941 2.1455 2.096 2.046 1.9958 1.9458  
    1.8964 1.8479 1.8006 1.7545 1.7097 1.6661 1.6236 1.5823 1.5422  
    1.5032 1.4653 1.4284 1.3926 1.3579 1.3241 1.2913 1.2595 1.2287  
    1.1987 1.1697 1.1415 1.1142 1.0877 1.062 1.0372 1.0131 0.98969  
    0.96705 0.94511 0.92385 0.90325 0.88329 0.86394 0.84518 0.827  
    0.80936 0.79225 0.77565 0.75953 0.74387 0.72865 0.71385 0.69945  
    0.68542 0.67174 0.65839 0.64535 0.6326 0.62011 0.60786 0.59584  
    0.58402 0.57237 0.56087 0.54952 0.53827 0.52711 0.51602 0.50498  
    0.49396 0.48294 0.4719 0.46083 0.44969 0.43846 0.42713 0.41566  
    0.40405 0.39226 0.38028 0.36809 0.35565 0.34296 0.32998 0.31671  
    0.30318 0.28942 0.27547 0.26137 0.24716 0.23288 0.21855 
  ZEFF = 1.2938 1.2938 1.2937 1.2936 1.2935 1.2934 1.2932 1.293 1.2927  
    1.2925 1.2922 1.2919 1.2916 1.2912 1.2909 1.2905 1.2901 1.2897  
    1.2893 1.2889 1.2885 1.2881 1.2877 1.2873 1.2869 1.2865 1.2861  
    1.2857 1.2854 1.285 1.2847 1.2844 1.2841 1.2838 1.2835 1.2833  
    1.2831 1.283 1.2829 1.2828 1.2828 1.2828 1.2829 1.283 1.2832 1.2834  
    1.2837 1.2841 1.2846 1.2851 1.2858 1.2865 1.2873 1.2882 1.2893  
    1.2904 1.2917 1.2931 1.2947 1.2964 1.2982 1.3003 1.3025 1.3048  
    1.3074 1.3102 1.3132 1.3165 1.32 1.3238 1.3278 1.3322 1.3369 1.3419  
    1.3473 1.353 1.3592 1.3658 1.3729 1.3805 1.3886 1.3972 1.4065  
    1.4164 1.4269 1.4376 1.4483 1.4587 1.4682 1.4767 1.4835 1.4883  
    1.4905 1.4895 1.4846 1.475 1.4603 1.4401 1.4149 1.3854 1.3536 
  P_EQ = 13245.129624 13231.4483995 13192.3983694 13130.2776566  
    13046.2248501 12941.626155 12817.5562946 12675.1857492  
    12517.1951394 12342.6557155 12154.557584 11953.4993446  
    11741.0806516 11519.1740884 11288.038364 11049.682976 10805.348778  
    10556.7031792 10304.6751872 10051.0066632 9796.3791452 9542.2656292  
    9289.437774 9038.1881276 8788.670474 8540.8710148 8295.9114116  
    8053.5477286 7814.6535224 7579.1484744 7347.2878924 7119.3961798  
    6896.6303578 6678.007009 6463.9693961 6255.7481885 6053.1058996  
    5855.7359531 5664.2010046 5477.7924345 5297.0136876 5121.3601378  
    4950.793873 4785.410576 4624.874256 4469.086989 4317.9741802  
    4171.4623672 4029.4502049 3891.7886598 3758.3526777 3628.8853902  
    3503.4634212 3381.895479 3263.9696095 3149.776896 3039.001347  
    2931.6623947 2827.6134054 2726.6191039 2628.6684031 2533.6331566  
    2441.3170495 2351.7506896 2264.7834086 2180.2710307 2098.13905  
    2018.2157699 1940.4513308 1864.8062306 1791.0818346 1719.2376108  
    1649.2028791 1580.8713317 1514.1334362 1448.9857515 1385.3194165  
    1323.0358421 1262.1047671 1202.4555962 1144.0644204 1086.8491374  
    1030.7675036 975.7271232 921.8264192 868.9815925 817.2093303  
    766.5448058 716.6503348 668.1107001 620.4698159 573.7722622  
    527.9738119 483.1837152 439.4623925 396.8846867 355.5142073  
    315.4730598 277.3931384 243.0349886 210.4799492 
  OMEGA = 95220.0 95153.0 94956.0 94636.0 94198.0 93649.0 92993.0  
    92238.0 91388.0 90450.0 89431.0 88335.0 87168.0 85938.0 84649.0  
    83308.0 81920.0 80491.0 79028.0 77536.0 76021.0 74490.0 72948.0  
    71400.0 69854.0 68314.0 66788.0 65280.0 63797.0 62345.0 60927.0  
    59546.0 58201.0 56890.0 55613.0 54369.0 53158.0 51979.0 50830.0  
    49712.0 48624.0 47564.0 46533.0 45529.0 44552.0 43601.0 42675.0  
    41774.0 40897.0 40042.0 39211.0 38401.0 37612.0 36844.0 36095.0  
    35365.0 34653.0 33959.0 33281.0 32619.0 31973.0 31341.0 30724.0  
    30119.0 29527.0 28946.0 28376.0 27817.0 27267.0 26727.0 26194.0  
    25669.0 25150.0 24638.0 24130.0 23628.0 23129.0 22633.0 22140.0  
    21648.0 21158.0 20667.0 20177.0 19685.0 19191.0 18694.0 18195.0  
    17691.0 17182.0 16668.0 16148.0 15621.0 15086.0 14543.0 13991.0  
    13429.0 12857.0 12274.0 11678.0 11068.0 10449.0 
  PPRIME = 0.0 0.0 0.0 0.0 0.0 0.0 0.0 0.0 0.0 0.0 0.0 0.0 0.0 0.0 0.0  
    0.0 0.0 0.0 0.0 0.0 0.0 0.0 0.0 0.0 0.0 0.0 0.0 0.0 0.0 0.0 0.0 0.0  
    0.0 0.0 0.0 0.0 0.0 0.0 0.0 0.0 0.0 0.0 0.0 0.0 0.0 0.0 0.0 0.0 0.0  
    0.0 0.0 0.0 0.0 0.0 0.0 0.0 0.0 0.0 0.0 0.0 0.0 0.0 0.0 0.0 0.0 0.0  
    0.0 0.0 0.0 0.0 0.0 0.0 0.0 0.0 0.0 0.0 0.0 0.0 0.0 0.0 0.0 0.0 0.0  
    0.0 0.0 0.0 0.0 0.0 0.0 0.0 0.0 0.0 0.0 0.0 0.0 0.0 0.0 0.0 0.0 0.0  
    0.0 
  FFPRIME = 0.0 0.0 0.0 0.0 0.0 0.0 0.0 0.0 0.0 0.0 0.0 0.0 0.0 0.0 0.0  
    0.0 0.0 0.0 0.0 0.0 0.0 0.0 0.0 0.0 0.0 0.0 0.0 0.0 0.0 0.0 0.0 0.0  
    0.0 0.0 0.0 0.0 0.0 0.0 0.0 0.0 0.0 0.0 0.0 0.0 0.0 0.0 0.0 0.0 0.0  
    0.0 0.0 0.0 0.0 0.0 0.0 0.0 0.0 0.0 0.0 0.0 0.0 0.0 0.0 0.0 0.0 0.0  
    0.0 0.0 0.0 0.0 0.0 0.0 0.0 0.0 0.0 0.0 0.0 0.0 0.0 0.0 0.0 0.0 0.0  
    0.0 0.0 0.0 0.0 0.0 0.0 0.0 0.0 0.0 0.0 0.0 0.0 0.0 0.0 0.0 0.0 0.0  
    0.0 
  J_OH = 1.3984 1.3878 1.3543 1.3161 1.2773 1.2425 1.2146 1.1941 1.1775  
    1.1615 1.1453 1.1293 1.1136 1.0982 1.0829 1.0679 1.0535 1.0392  
    1.0248 1.0109 0.9973 0.98357 0.96972 0.95648 0.94296 0.92916  
    0.91544 0.90171 0.88769 0.87341 0.8593 0.84502 0.83047 0.81566  
    0.80046 0.78501 0.76934 0.75335 0.7364 0.71925 0.70194 0.68448  
    0.66613 0.64769 0.62927 0.61089 0.59228 0.57353 0.55495 0.53655  
    0.51836 0.50001 0.48187 0.46402 0.4465 0.42928 0.41194 0.3949  
    0.37826 0.36203 0.34621 0.3307 0.31541 0.30056 0.28616 0.2722  
    0.25867 0.24558 0.2329 0.22066 0.20884 0.19744 0.18645 0.17588  
    0.16576 0.15618 0.14697 0.13812 0.12964 0.12151 0.11375 0.10634  
    0.099294 0.092678 0.086414 0.08051 0.074971 0.069793 0.065 0.060579  
    0.05653 0.05292 0.049789 0.047185 0.045149 0.043676 0.04278  
    0.042597 0.042276 0.042555 0.046498 
  J_BS = 0.0 0.0020233 0.010145 0.025568 0.044091 0.061086 0.073443  
    0.080446 0.08419 0.087266 0.090397 0.093115 0.095377 0.097283  
    0.098752 0.099783 0.10045 0.10079 0.10081 0.10052 0.099939 0.099162  
    0.098304 0.097348 0.096284 0.095137 0.093905 0.092588 0.091183  
    0.089714 0.088177 0.086543 0.084819 0.083002 0.081103 0.07915  
    0.077147 0.075158 0.073231 0.071362 0.069553 0.067797 0.066099  
    0.064458 0.062868 0.061331 0.059842 0.058399 0.057002 0.055649  
    0.05434 0.053075 0.051851 0.05067 0.049528 0.048427 0.047365  
    0.04634 0.045354 0.044404 0.04349 0.042612 0.041769 0.04096  
    0.040185 0.039442 0.038733 0.038055 0.037408 0.03679 0.0362  
    0.035636 0.035097 0.034581 0.034086 0.033608 0.033146 0.032697  
    0.032258 0.031822 0.031387 0.030948 0.030498 0.030024 0.029513  
    0.028954 0.028334 0.027649 0.026867 0.025995 0.025026 0.023886  
    0.022529 0.0209 0.018954 0.016673 0.014045 0.011067 0.007892  
    0.0047084 0.001538 
  J_NB = 0.12743 0.13535 0.15914 0.17911 0.19552 0.20837 0.21785  
    0.22423 0.22889 0.23256 0.23546 0.2375 0.2387 0.23911 0.23885  
    0.23791 0.23587 0.23332 0.23036 0.22645 0.22184 0.21689 0.2115  
    0.20503 0.1984 0.19162 0.1844 0.17686 0.1693 0.16173 0.15378  
    0.14583 0.13802 0.1304 0.1231 0.11602 0.10914 0.10254 0.096858  
    0.091351 0.086033 0.080907 0.076765 0.072822 0.068992 0.065302  
    0.062041 0.059141 0.056324 0.053586 0.050933 0.048749 0.046678  
    0.044651 0.042651 0.040718 0.039275 0.037931 0.036582 0.035233  
    0.033887 0.032646 0.03161 0.030555 0.029484 0.028404 0.027317  
    0.02623 0.025159 0.024089 0.023022 0.021962 0.020912 0.019871  
    0.018792 0.017595 0.016441 0.015331 0.014263 0.013245 0.01226  
    0.011316 0.010413 0.009479 0.0085978 0.007767 0.0069855 0.0062516  
    0.0055645 0.0049218 0.004324 0.0037663 0.0032482 0.0027673  
    0.0023216 0.0019093 0.0015294 0.0011817 0.0008597 0.000555 0.000262 
  J_EC = 0.0 0.0 0.0 0.0 0.0 0.0 0.0 0.0 0.0 0.0 0.0 0.0 0.0 0.0 0.0  
    0.0 0.0 0.0 0.0 0.0 0.0 0.0 0.0 0.0 0.0 0.0 0.0 0.0 0.0 0.0 0.0 0.0  
    0.0 0.0 0.0 0.0 0.0 0.0 0.0 0.0 0.0 0.0 0.0 0.0 0.0 0.0 0.0 0.0 0.0  
    0.0 0.0 0.0 0.0 0.0 0.0 0.0 0.0 0.0 0.0 0.0 0.0 0.0 0.0 0.0 0.0 0.0  
    0.0 0.0 0.0 0.0 0.0 0.0 0.0 0.0 0.0 0.0 0.0 0.0 0.0 0.0 0.0 0.0 0.0  
    0.0 0.0 0.0 0.0 0.0 0.0 0.0 0.0 0.0 0.0 0.0 0.0 0.0 0.0 0.0 0.0 0.0  
    0.0 
  J_IC = 0.0 0.0 0.0 0.0 0.0 0.0 0.0 0.0 0.0 0.0 0.0 0.0 0.0 0.0 0.0  
    0.0 0.0 0.0 0.0 0.0 0.0 0.0 0.0 0.0 0.0 0.0 0.0 0.0 0.0 0.0 0.0 0.0  
    0.0 0.0 0.0 0.0 0.0 0.0 0.0 0.0 0.0 0.0 0.0 0.0 0.0 0.0 0.0 0.0 0.0  
    0.0 0.0 0.0 0.0 0.0 0.0 0.0 0.0 0.0 0.0 0.0 0.0 0.0 0.0 0.0 0.0 0.0  
    0.0 0.0 0.0 0.0 0.0 0.0 0.0 0.0 0.0 0.0 0.0 0.0 0.0 0.0 0.0 0.0 0.0  
    0.0 0.0 0.0 0.0 0.0 0.0 0.0 0.0 0.0 0.0 0.0 0.0 0.0 0.0 0.0 0.0 0.0  
    0.0 
  J_LH = 0.0 0.0 0.0 0.0 0.0 0.0 0.0 0.0 0.0 0.0 0.0 0.0 0.0 0.0 0.0  
    0.0 0.0 0.0 0.0 0.0 0.0 0.0 0.0 0.0 0.0 0.0 0.0 0.0 0.0 0.0 0.0 0.0  
    0.0 0.0 0.0 0.0 0.0 0.0 0.0 0.0 0.0 0.0 0.0 0.0 0.0 0.0 0.0 0.0 0.0  
    0.0 0.0 0.0 0.0 0.0 0.0 0.0 0.0 0.0 0.0 0.0 0.0 0.0 0.0 0.0 0.0 0.0  
    0.0 0.0 0.0 0.0 0.0 0.0 0.0 0.0 0.0 0.0 0.0 0.0 0.0 0.0 0.0 0.0 0.0  
    0.0 0.0 0.0 0.0 0.0 0.0 0.0 0.0 0.0 0.0 0.0 0.0 0.0 0.0 0.0 0.0 0.0  
    0.0 
  J_HC = 0.0 0.0 0.0 0.0 0.0 0.0 0.0 0.0 0.0 0.0 0.0 0.0 0.0 0.0 0.0  
    0.0 0.0 0.0 0.0 0.0 0.0 0.0 0.0 0.0 0.0 0.0 0.0 0.0 0.0 0.0 0.0 0.0  
    0.0 0.0 0.0 0.0 0.0 0.0 0.0 0.0 0.0 0.0 0.0 0.0 0.0 0.0 0.0 0.0 0.0  
    0.0 0.0 0.0 0.0 0.0 0.0 0.0 0.0 0.0 0.0 0.0 0.0 0.0 0.0 0.0 0.0 0.0  
    0.0 0.0 0.0 0.0 0.0 0.0 0.0 0.0 0.0 0.0 0.0 0.0 0.0 0.0 0.0 0.0 0.0  
    0.0 0.0 0.0 0.0 0.0 0.0 0.0 0.0 0.0 0.0 0.0 0.0 0.0 0.0 0.0 0.0 0.0  
    0.0 
  J_TOT = 1.5195 1.5189 1.5172 1.5145 1.5106 1.5057 1.4996 1.4925  
    1.4844 1.4752 1.465 1.4538 1.4416 1.4286 1.4146 1.3997 1.384 1.3675  
    1.3503 1.3322 1.3135 1.2941 1.2741 1.2535 1.2324 1.2107 1.1886  
    1.1661 1.1432 1.12 1.0965 1.0727 1.0487 1.0245 1.0002 0.97584  
    0.95138 0.9269 0.90243 0.878 0.85365 0.82942 0.80531 0.78138  
    0.75765 0.73413 0.71086 0.68786 0.66516 0.64276 0.6207 0.59899  
    0.57764 0.55667 0.53609 0.51592 0.49617 0.47684 0.45795 0.4395  
    0.42149 0.40394 0.38684 0.37021 0.35403 0.33832 0.32307 0.30828  
    0.29395 0.28008 0.26666 0.2537 0.24118 0.22911 0.21747 0.20627  
    0.19549 0.18514 0.1752 0.16566 0.15652 0.14778 0.13942 0.13143  
    0.12382 0.11656 0.10966 0.10309 0.096864 0.090961 0.085374 0.080095  
    0.075116 0.070431 0.066027 0.061891 0.058017 0.054413 0.051172  
    0.047908 0.044625 
  P_EI = -0.019749 -0.019687 -0.019505 -0.01922 -0.018837 -0.018367  
    -0.017819 -0.017199 -0.016515 -0.015777 -0.014991 -0.014167  
    -0.013313 -0.012439 -0.011556 -0.010675 -0.009809 -0.0089725  
    -0.0081812 -0.0074531 -0.0068075 -0.0062617 -0.0058175 -0.0054726  
    -0.005225 -0.0050732 -0.005015 -0.005048 -0.0051695 -0.0053762  
    -0.0056643 -0.0060289 -0.0064642 -0.006963 -0.0075163 -0.0081135  
    -0.0087436 -0.0093966 -0.010071 -0.010767 -0.011486 -0.012226  
    -0.012987 -0.013768 -0.01457 -0.015392 -0.016232 -0.017091  
    -0.017968 -0.018861 -0.01977 -0.020695 -0.021634 -0.022586  
    -0.023551 -0.024527 -0.025514 -0.026511 -0.027517 -0.028531  
    -0.029554 -0.030584 -0.031621 -0.032665 -0.033717 -0.034777  
    -0.035846 -0.036925 -0.038015 -0.039119 -0.040239 -0.041379  
    -0.042544 -0.043737 -0.044966 -0.046238 -0.047561 -0.048948  
    -0.050411 -0.051967 -0.053635 -0.055439 -0.057408 -0.059581  
    -0.062003 -0.064735 -0.067853 -0.07146 -0.075643 -0.080676 -0.08675  
    -0.094229 -0.10363 -0.11575 -0.13185 -0.15411 -0.18659 -0.2379  
    -0.3303 -0.54019 -1.262 
  SE_NB = 0.0 0.0 0.0 0.0 0.0 0.0 0.0 0.0 0.0 0.0 0.0 0.0 0.0 0.0 0.0  
    0.0 0.0 0.0 0.0 0.0 0.0 0.0 0.0 0.0 0.0 0.0 0.0 0.0 0.0 0.0 0.0 0.0  
    0.0 0.0 0.0 0.0 0.0 0.0 0.0 0.0 0.0 0.0 0.0 0.0 0.0 0.0 0.0 0.0 0.0  
    0.0 0.0 0.0 0.0 0.0 0.0 0.0 0.0 0.0 0.0 0.0 0.0 0.0 0.0 0.0 0.0 0.0  
    0.0 0.0 0.0 0.0 0.0 0.0 0.0 0.0 0.0 0.0 0.0 0.0 0.0 0.0 0.0 0.0 0.0  
    0.0 0.0 0.0 0.0 0.0 0.0 0.0 0.0 0.0 0.0 0.0 0.0 0.0 0.0 0.0 0.0 0.0  
    0.0 
  PE_NB = 0.13682 0.1369 0.13713 0.13728 0.13744 0.13757 0.13766  
    0.13772 0.13775 0.13777 0.13777 0.13772 0.13763 0.1375 0.13733  
    0.13712 0.13685 0.13654 0.13619 0.13578 0.13534 0.13483 0.13428  
    0.13367 0.133 0.13227 0.13148 0.13062 0.1297 0.1287 0.12762 0.12646  
    0.12522 0.1239 0.12249 0.12099 0.11939 0.1177 0.11591 0.11403  
    0.11207 0.11004 0.10793 0.10577 0.10354 0.10126 0.098936 0.096573  
    0.094177 0.091754 0.089308 0.086848 0.084378 0.081904 0.079429  
    0.076962 0.074488 0.072045 0.069622 0.067222 0.06485 0.062508  
    0.0602 0.057928 0.055695 0.053503 0.051353 0.049248 0.047189  
    0.045177 0.043214 0.041299 0.039435 0.037621 0.03586 0.034151  
    0.032496 0.030896 0.029351 0.027861 0.02643 0.025057 0.023744  
    0.022492 0.021302 0.020177 0.019117 0.018124 0.017204 0.016356  
    0.015586 0.0149 0.014302 0.013797 0.013391 0.013097 0.012942  
    0.012983 0.013269 0.013873 0.014811 
  PE_EC = 0.0 0.0 0.0 0.0 0.0 0.0 0.0 0.0 0.0 0.0 0.0 0.0 0.0 0.0 0.0  
    0.0 0.0 0.0 0.0 0.0 0.0 0.0 0.0 0.0 0.0 0.0 0.0 0.0 0.0 0.0 0.0 0.0  
    0.0 0.0 0.0 0.0 0.0 0.0 0.0 0.0 0.0 0.0 0.0 0.0 0.0 0.0 0.0 0.0 0.0  
    0.0 0.0 0.0 0.0 0.0 0.0 0.0 0.0 0.0 0.0 0.0 0.0 0.0 0.0 0.0 0.0 0.0  
    0.0 0.0 0.0 0.0 0.0 0.0 0.0 0.0 0.0 0.0 0.0 0.0 0.0 0.0 0.0 0.0 0.0  
    0.0 0.0 0.0 0.0 0.0 0.0 0.0 0.0 0.0 0.0 0.0 0.0 0.0 0.0 0.0 0.0 0.0  
    0.0 
  PE_IC = 0.0 0.0 0.0 0.0 0.0 0.0 0.0 0.0 0.0 0.0 0.0 0.0 0.0 0.0 0.0  
    0.0 0.0 0.0 0.0 0.0 0.0 0.0 0.0 0.0 0.0 0.0 0.0 0.0 0.0 0.0 0.0 0.0  
    0.0 0.0 0.0 0.0 0.0 0.0 0.0 0.0 0.0 0.0 0.0 0.0 0.0 0.0 0.0 0.0 0.0  
    0.0 0.0 0.0 0.0 0.0 0.0 0.0 0.0 0.0 0.0 0.0 0.0 0.0 0.0 0.0 0.0 0.0  
    0.0 0.0 0.0 0.0 0.0 0.0 0.0 0.0 0.0 0.0 0.0 0.0 0.0 0.0 0.0 0.0 0.0  
    0.0 0.0 0.0 0.0 0.0 0.0 0.0 0.0 0.0 0.0 0.0 0.0 0.0 0.0 0.0 0.0 0.0  
    0.0 
  PE_LH = 0.0 0.0 0.0 0.0 0.0 0.0 0.0 0.0 0.0 0.0 0.0 0.0 0.0 0.0 0.0  
    0.0 0.0 0.0 0.0 0.0 0.0 0.0 0.0 0.0 0.0 0.0 0.0 0.0 0.0 0.0 0.0 0.0  
    0.0 0.0 0.0 0.0 0.0 0.0 0.0 0.0 0.0 0.0 0.0 0.0 0.0 0.0 0.0 0.0 0.0  
    0.0 0.0 0.0 0.0 0.0 0.0 0.0 0.0 0.0 0.0 0.0 0.0 0.0 0.0 0.0 0.0 0.0  
    0.0 0.0 0.0 0.0 0.0 0.0 0.0 0.0 0.0 0.0 0.0 0.0 0.0 0.0 0.0 0.0 0.0  
    0.0 0.0 0.0 0.0 0.0 0.0 0.0 0.0 0.0 0.0 0.0 0.0 0.0 0.0 0.0 0.0 0.0  
    0.0 
  PE_HC = 0.0 0.0 0.0 0.0 0.0 0.0 0.0 0.0 0.0 0.0 0.0 0.0 0.0 0.0 0.0  
    0.0 0.0 0.0 0.0 0.0 0.0 0.0 0.0 0.0 0.0 0.0 0.0 0.0 0.0 0.0 0.0 0.0  
    0.0 0.0 0.0 0.0 0.0 0.0 0.0 0.0 0.0 0.0 0.0 0.0 0.0 0.0 0.0 0.0 0.0  
    0.0 0.0 0.0 0.0 0.0 0.0 0.0 0.0 0.0 0.0 0.0 0.0 0.0 0.0 0.0 0.0 0.0  
    0.0 0.0 0.0 0.0 0.0 0.0 0.0 0.0 0.0 0.0 0.0 0.0 0.0 0.0 0.0 0.0 0.0  
    0.0 0.0 0.0 0.0 0.0 0.0 0.0 0.0 0.0 0.0 0.0 0.0 0.0 0.0 0.0 0.0 0.0  
    0.0 
  SI_NB = 0.0 0.0 0.0 0.0 0.0 0.0 0.0 0.0 0.0 0.0 0.0 0.0 0.0 0.0 0.0  
    0.0 0.0 0.0 0.0 0.0 0.0 0.0 0.0 0.0 0.0 0.0 0.0 0.0 0.0 0.0 0.0 0.0  
    0.0 0.0 0.0 0.0 0.0 0.0 0.0 0.0 0.0 0.0 0.0 0.0 0.0 0.0 0.0 0.0 0.0  
    0.0 0.0 0.0 0.0 0.0 0.0 0.0 0.0 0.0 0.0 0.0 0.0 0.0 0.0 0.0 0.0 0.0  
    0.0 0.0 0.0 0.0 0.0 0.0 0.0 0.0 0.0 0.0 0.0 0.0 0.0 0.0 0.0 0.0 0.0  
    0.0 0.0 0.0 0.0 0.0 0.0 0.0 0.0 0.0 0.0 0.0 0.0 0.0 0.0 0.0 0.0 0.0  
    0.0 
  PI_NB = 0.28401 0.28398 0.28374 0.28288 0.28161 0.2799 0.27781  
    0.27531 0.27243 0.26917 0.26556 0.26162 0.25739 0.25287 0.24808  
    0.24306 0.23783 0.23241 0.22681 0.22107 0.2152 0.20923 0.20317  
    0.19706 0.1909 0.18472 0.17853 0.17234 0.16619 0.16007 0.15402  
    0.14803 0.14212 0.13631 0.1306 0.125 0.11953 0.1142 0.10901 0.10397  
    0.099065 0.094309 0.0897 0.085239 0.080926 0.076762 0.072753  
    0.068886 0.065165 0.061589 0.058157 0.054865 0.051713 0.048697  
    0.045816 0.043064 0.040458 0.03796 0.035582 0.03332 0.031171  
    0.02913 0.027195 0.025361 0.023623 0.021979 0.020424 0.018955  
    0.017567 0.016258 0.015023 0.01386 0.012766 0.011736 0.010769  
    0.0098604 0.009009 0.0082117 0.007466 0.0067705 0.0061211 0.0055169  
    0.0049553 0.0044348 0.0039531 0.0035084 0.0030991 0.0027236  
    0.0023789 0.002066 0.0017819 0.0015254 0.0012951 0.0010889  
    0.0009052 0.0007424 0.0006001 0.0004783 0.0003729 0.0002722  
    0.0001555 
  PI_EC = 0.0 0.0 0.0 0.0 0.0 0.0 0.0 0.0 0.0 0.0 0.0 0.0 0.0 0.0 0.0  
    0.0 0.0 0.0 0.0 0.0 0.0 0.0 0.0 0.0 0.0 0.0 0.0 0.0 0.0 0.0 0.0 0.0  
    0.0 0.0 0.0 0.0 0.0 0.0 0.0 0.0 0.0 0.0 0.0 0.0 0.0 0.0 0.0 0.0 0.0  
    0.0 0.0 0.0 0.0 0.0 0.0 0.0 0.0 0.0 0.0 0.0 0.0 0.0 0.0 0.0 0.0 0.0  
    0.0 0.0 0.0 0.0 0.0 0.0 0.0 0.0 0.0 0.0 0.0 0.0 0.0 0.0 0.0 0.0 0.0  
    0.0 0.0 0.0 0.0 0.0 0.0 0.0 0.0 0.0 0.0 0.0 0.0 0.0 0.0 0.0 0.0 0.0  
    0.0 
  PI_IC = 0.0 0.0 0.0 0.0 0.0 0.0 0.0 0.0 0.0 0.0 0.0 0.0 0.0 0.0 0.0  
    0.0 0.0 0.0 0.0 0.0 0.0 0.0 0.0 0.0 0.0 0.0 0.0 0.0 0.0 0.0 0.0 0.0  
    0.0 0.0 0.0 0.0 0.0 0.0 0.0 0.0 0.0 0.0 0.0 0.0 0.0 0.0 0.0 0.0 0.0  
    0.0 0.0 0.0 0.0 0.0 0.0 0.0 0.0 0.0 0.0 0.0 0.0 0.0 0.0 0.0 0.0 0.0  
    0.0 0.0 0.0 0.0 0.0 0.0 0.0 0.0 0.0 0.0 0.0 0.0 0.0 0.0 0.0 0.0 0.0  
    0.0 0.0 0.0 0.0 0.0 0.0 0.0 0.0 0.0 0.0 0.0 0.0 0.0 0.0 0.0 0.0 0.0  
    0.0 
  PI_LH = 0.0 0.0 0.0 0.0 0.0 0.0 0.0 0.0 0.0 0.0 0.0 0.0 0.0 0.0 0.0  
    0.0 0.0 0.0 0.0 0.0 0.0 0.0 0.0 0.0 0.0 0.0 0.0 0.0 0.0 0.0 0.0 0.0  
    0.0 0.0 0.0 0.0 0.0 0.0 0.0 0.0 0.0 0.0 0.0 0.0 0.0 0.0 0.0 0.0 0.0  
    0.0 0.0 0.0 0.0 0.0 0.0 0.0 0.0 0.0 0.0 0.0 0.0 0.0 0.0 0.0 0.0 0.0  
    0.0 0.0 0.0 0.0 0.0 0.0 0.0 0.0 0.0 0.0 0.0 0.0 0.0 0.0 0.0 0.0 0.0  
    0.0 0.0 0.0 0.0 0.0 0.0 0.0 0.0 0.0 0.0 0.0 0.0 0.0 0.0 0.0 0.0 0.0  
    0.0 
  PI_HC = 0.0 0.0 0.0 0.0 0.0 0.0 0.0 0.0 0.0 0.0 0.0 0.0 0.0 0.0 0.0  
    0.0 0.0 0.0 0.0 0.0 0.0 0.0 0.0 0.0 0.0 0.0 0.0 0.0 0.0 0.0 0.0 0.0  
    0.0 0.0 0.0 0.0 0.0 0.0 0.0 0.0 0.0 0.0 0.0 0.0 0.0 0.0 0.0 0.0 0.0  
    0.0 0.0 0.0 0.0 0.0 0.0 0.0 0.0 0.0 0.0 0.0 0.0 0.0 0.0 0.0 0.0 0.0  
    0.0 0.0 0.0 0.0 0.0 0.0 0.0 0.0 0.0 0.0 0.0 0.0 0.0 0.0 0.0 0.0 0.0  
    0.0 0.0 0.0 0.0 0.0 0.0 0.0 0.0 0.0 0.0 0.0 0.0 0.0 0.0 0.0 0.0 0.0  
    0.0 
  PI_CX = -0.031493 -0.03131 -0.031088 -0.03075 -0.030283 -0.029697  
    -0.028995 -0.02821 -0.027354 -0.026413 -0.025414 -0.024374  
    -0.023303 -0.022212 -0.021112 -0.020018 -0.018965 -0.01793  
    -0.016919 -0.015949 -0.015022 -0.01414 -0.013304 -0.012512 -0.01176  
    -0.011049 -0.010374 -0.009736 -0.0091322 -0.0085616 -0.0080214  
    -0.0075116 -0.0070312 -0.0065784 -0.0061476 -0.005743 -0.0053632  
    -0.005007 -0.0046722 -0.004359 -0.0040667 -0.0037941 -0.003544  
    -0.0033118 -0.0030962 -0.0028964 -0.0027117 -0.0025412 -0.0023842  
    -0.0022402 -0.0021084 -0.0019882 -0.0018791 -0.0017805 -0.001692  
    -0.0016131 -0.0015429 -0.0014815 -0.0014288 -0.0013844 -0.0013482  
    -0.0013196 -0.0012981 -0.0012845 -0.0012787 -0.0012809 -0.0012913  
    -0.00131 -0.0013375 -0.001374 -0.0014204 -0.0014781 -0.0015483  
    -0.0016325 -0.0017323 -0.0018494 -0.0019867 -0.0021479 -0.0023372  
    -0.0025592 -0.0028191 -0.0031231 -0.0034792 -0.0038982 -0.0043929  
    -0.0049782 -0.0056723 -0.006496 -0.0074642 -0.0086125 -0.0099595  
    -0.011536 -0.013397 -0.015637 -0.018388 -0.021809 -0.025968  
    -0.030787 -0.036414 -0.046165 -0.065481 
  PI_FUS = 0.0 0.0 0.0 0.0 0.0 0.0 0.0 0.0 0.0 0.0 0.0 0.0 0.0 0.0 0.0  
    0.0 0.0 0.0 0.0 0.0 0.0 0.0 0.0 0.0 0.0 0.0 0.0 0.0 0.0 0.0 0.0 0.0  
    0.0 0.0 0.0 0.0 0.0 0.0 0.0 0.0 0.0 0.0 0.0 0.0 0.0 0.0 0.0 0.0 0.0  
    0.0 0.0 0.0 0.0 0.0 0.0 0.0 0.0 0.0 0.0 0.0 0.0 0.0 0.0 0.0 0.0 0.0  
    0.0 0.0 0.0 0.0 0.0 0.0 0.0 0.0 0.0 0.0 0.0 0.0 0.0 0.0 0.0 0.0 0.0  
    0.0 0.0 0.0 0.0 0.0 0.0 0.0 0.0 0.0 0.0 0.0 0.0 0.0 0.0 0.0 0.0 0.0  
    0.0 
  PE_FUS = 0.0 0.0 0.0 0.0 0.0 0.0 0.0 0.0 0.0 0.0 0.0 0.0 0.0 0.0 0.0  
    0.0 0.0 0.0 0.0 0.0 0.0 0.0 0.0 0.0 0.0 0.0 0.0 0.0 0.0 0.0 0.0 0.0  
    0.0 0.0 0.0 0.0 0.0 0.0 0.0 0.0 0.0 0.0 0.0 0.0 0.0 0.0 0.0 0.0 0.0  
    0.0 0.0 0.0 0.0 0.0 0.0 0.0 0.0 0.0 0.0 0.0 0.0 0.0 0.0 0.0 0.0 0.0  
    0.0 0.0 0.0 0.0 0.0 0.0 0.0 0.0 0.0 0.0 0.0 0.0 0.0 0.0 0.0 0.0 0.0  
    0.0 0.0 0.0 0.0 0.0 0.0 0.0 0.0 0.0 0.0 0.0 0.0 0.0 0.0 0.0 0.0 0.0  
    0.0 
  P_RAD = -0.025429 -0.025343 -0.025171 -0.02501 -0.024836 -0.024604  
    -0.024317 -0.023985 -0.023612 -0.023199 -0.022748 -0.022261  
    -0.021741 -0.021192 -0.020614 -0.020009 -0.019379 -0.018726  
    -0.018053 -0.017361 -0.016652 -0.015929 -0.015193 -0.014446  
    -0.013689 -0.012925 -0.012155 -0.011381 -0.010606 -0.0098303  
    -0.0090564 -0.0082861 -0.007521 -0.0067631 -0.006014 -0.0052756  
    -0.0045499 -0.0038388 -0.0031442 -0.0024679 -0.001812 -0.0011782  
    -0.0005688 -1.44e-05 -0.0005693 -0.0010938 -0.0015858 -0.002043  
    -0.0024632 -0.0028443 -0.0031839 -0.0034796 -0.0037288 -0.0039291  
    -0.0040782 -0.0041736 -0.0042125 -0.0041917 -0.0041087 -0.0039607  
    -0.0037446 -0.0034572 -0.0030955 -0.0026561 -0.0021357 -0.0015309  
    -0.0008382 -5.39e-05 -0.000826 -0.0018054 -0.0028882 -0.0040787  
    -0.0053813 -0.0068004 -0.0083405 -0.010006 -0.011802 -0.013734  
    -0.015808 -0.018028 -0.020401 -0.02293 -0.025624 -0.028489 -0.03153  
    -0.034754 -0.038169 -0.041783 -0.045602 -0.049631 -0.053879  
    -0.058304 -0.062676 -0.066707 -0.070079 -0.072494 -0.073762  
    -0.07362 -0.071403 -0.066711 -0.060599 
  P_OHM = 0.020341 0.020004 0.019416 0.019064 0.019071 0.019313  
    0.019621 0.019897 0.020135 0.020382 0.020651 0.020929 0.021215  
    0.021515 0.021822 0.02214 0.022486 0.022847 0.023225 0.023635  
    0.024071 0.024517 0.024974 0.025464 0.025959 0.026456 0.026966  
    0.027482 0.027991 0.028494 0.029007 0.02951 0.029988 0.030437  
    0.030841 0.031203 0.031515 0.031757 0.03189 0.031949 0.031941  
    0.031857 0.031648 0.03136 0.031009 0.030592 0.03009 0.029509  
    0.028875 0.028193 0.027462 0.02666 0.025814 0.024939 0.024042  
    0.023118 0.022143 0.021147 0.02015 0.019157 0.018169 0.017183  
    0.016196 0.015228 0.014285 0.013368 0.012481 0.011625 0.010801  
    0.010011 0.0092571 0.0085397 0.0078595 0.0072173 0.0066171 0.006062  
    0.0055424 0.0050569 0.0046048 0.0041855 0.0037989 0.0034438 0.00312  
    0.0028297 0.0025685 0.0023349 0.0021284 0.0019479 0.0017941  
    0.0016661 0.0015643 0.001494 0.0014608 0.0014745 0.001551 0.0017177  
    0.0020303 0.00263 0.0037467 0.0063664 0.010984 
  TORQUE_NB = 0.43066 0.43073 0.43062 0.42961 0.42821 0.42638 0.4247  
    0.42259 0.42006 0.41677 0.413 0.40886 0.40443 0.39975 0.39476  
    0.38949 0.38403 0.37832 0.3724 0.36615 0.35966 0.35302 0.34627  
    0.33954 0.33271 0.32579 0.31876 0.31163 0.30446 0.29726 0.29011  
    0.28295 0.27578 0.2686 0.26117 0.25378 0.24642 0.23913 0.23209  
    0.2251 0.21816 0.21129 0.20448 0.19774 0.19109 0.18453 0.17806  
    0.17171 0.16546 0.15932 0.1533 0.14736 0.14153 0.13584 0.13029  
    0.12487 0.11966 0.11459 0.10965 0.10485 0.10019 0.095654 0.091249  
    0.086981 0.082847 0.078846 0.074976 0.071225 0.067559 0.064026  
    0.060622 0.057345 0.054193 0.051162 0.048246 0.045431 0.042735  
    0.040157 0.037692 0.035339 0.033099 0.030969 0.028949 0.027055  
    0.025264 0.023577 0.021992 0.020511 0.019133 0.017862 0.0167  
    0.015654 0.014727 0.013921 0.013243 0.012709 0.012355 0.012264  
    0.01252 0.013208 0.014476 
  TORQUE_IN = 0.0 0.0 0.0 0.0 0.0 0.0 0.0 0.0 0.0 0.0 0.0 0.0 0.0 0.0  
    0.0 0.0 0.0 0.0 0.0 0.0 0.0 0.0 0.0 0.0 0.0 0.0 0.0 0.0 0.0 0.0 0.0  
    0.0 0.0 0.0 0.0 0.0 0.0 0.0 0.0 0.0 0.0 0.0 0.0 0.0 0.0 0.0 0.0 0.0  
    0.0 0.0 0.0 0.0 0.0 0.0 0.0 0.0 0.0 0.0 0.0 0.0 0.0 0.0 0.0 0.0 0.0  
    0.0 0.0 0.0 0.0 0.0 0.0 0.0 0.0 0.0 0.0 0.0 0.0 0.0 0.0 0.0 0.0 0.0  
    0.0 0.0 0.0 0.0 0.0 0.0 0.0 0.0 0.0 0.0 0.0 0.0 0.0 0.0 0.0 0.0 0.0  
    0.0 0.0 
  SE_IONIZATION = 0.0 0.0 0.0 0.0 0.0 0.0 0.0 0.0 0.0 0.0 0.0 0.0 0.0  
    0.0 0.0 0.0 0.0 0.0 0.0 0.0 0.0 0.0 0.0 0.0 0.0 0.0 0.0 0.0 0.0 0.0  
    0.0 0.0 0.0 0.0 0.0 0.0 0.0 0.0 0.0 0.0 0.0 0.0 0.0 0.0 0.0 0.0 0.0  
    0.0 0.0 0.0 0.0 0.0 0.0 0.0 0.0 0.0 0.0 0.0 0.0 0.0 0.0 0.0 0.0 0.0  
    0.0 0.0 0.0 0.0 0.0 0.0 0.0 0.0 0.0 0.0 0.0 0.0 0.0 0.0 0.0 0.0 0.0  
    0.0 0.0 0.0 0.0 0.0 0.0 0.0 0.0 0.0 0.0 0.0 0.0 0.0 0.0 0.0 0.0 0.0  
    0.0 0.0 0.0 
  SI_IONIZATION = 0.0 0.0 0.0 0.0 0.0 0.0 0.0 0.0 0.0 0.0 0.0 0.0 0.0  
    0.0 0.0 0.0 0.0 0.0 0.0 0.0 0.0 0.0 0.0 0.0 0.0 0.0 0.0 0.0 0.0 0.0  
    0.0 0.0 0.0 0.0 0.0 0.0 0.0 0.0 0.0 0.0 0.0 0.0 0.0 0.0 0.0 0.0 0.0  
    0.0 0.0 0.0 0.0 0.0 0.0 0.0 0.0 0.0 0.0 0.0 0.0 0.0 0.0 0.0 0.0 0.0  
    0.0 0.0 0.0 0.0 0.0 0.0 0.0 0.0 0.0 0.0 0.0 0.0 0.0 0.0 0.0 0.0 0.0  
    0.0 0.0 0.0 0.0 0.0 0.0 0.0 0.0 0.0 0.0 0.0 0.0 0.0 0.0 0.0 0.0 0.0  
    0.0 0.0 0.0 
  PE_IONIZATION = 0.0 0.0 0.0 0.0 0.0 0.0 0.0 0.0 0.0 0.0 0.0 0.0 0.0  
    0.0 0.0 0.0 0.0 0.0 0.0 0.0 0.0 0.0 0.0 0.0 0.0 0.0 0.0 0.0 0.0 0.0  
    0.0 0.0 0.0 0.0 0.0 0.0 0.0 0.0 0.0 0.0 0.0 0.0 0.0 0.0 0.0 0.0 0.0  
    0.0 0.0 0.0 0.0 0.0 0.0 0.0 0.0 0.0 0.0 0.0 0.0 0.0 0.0 0.0 0.0 0.0  
    0.0 0.0 0.0 0.0 0.0 0.0 0.0 0.0 0.0 0.0 0.0 0.0 0.0 0.0 0.0 0.0 0.0  
    0.0 0.0 0.0 0.0 0.0 0.0 0.0 0.0 0.0 0.0 0.0 0.0 0.0 0.0 0.0 0.0 0.0  
    0.0 0.0 0.0 
  PI_IONIZATION = 0.0 0.0 0.0 0.0 0.0 0.0 0.0 0.0 0.0 0.0 0.0 0.0 0.0  
    0.0 0.0 0.0 0.0 0.0 0.0 0.0 0.0 0.0 0.0 0.0 0.0 0.0 0.0 0.0 0.0 0.0  
    0.0 0.0 0.0 0.0 0.0 0.0 0.0 0.0 0.0 0.0 0.0 0.0 0.0 0.0 0.0 0.0 0.0  
    0.0 0.0 0.0 0.0 0.0 0.0 0.0 0.0 0.0 0.0 0.0 0.0 0.0 0.0 0.0 0.0 0.0  
    0.0 0.0 0.0 0.0 0.0 0.0 0.0 0.0 0.0 0.0 0.0 0.0 0.0 0.0 0.0 0.0 0.0  
    0.0 0.0 0.0 0.0 0.0 0.0 0.0 0.0 0.0 0.0 0.0 0.0 0.0 0.0 0.0 0.0 0.0  
    0.0 0.0 0.0 
  WBEAM = 0.0 0.0 0.0 0.0 0.0 0.0 0.0 0.0 0.0 0.0 0.0 0.0 0.0 0.0 0.0  
    0.0 0.0 0.0 0.0 0.0 0.0 0.0 0.0 0.0 0.0 0.0 0.0 0.0 0.0 0.0 0.0 0.0  
    0.0 0.0 0.0 0.0 0.0 0.0 0.0 0.0 0.0 0.0 0.0 0.0 0.0 0.0 0.0 0.0 0.0  
    0.0 0.0 0.0 0.0 0.0 0.0 0.0 0.0 0.0 0.0 0.0 0.0 0.0 0.0 0.0 0.0 0.0  
    0.0 0.0 0.0 0.0 0.0 0.0 0.0 0.0 0.0 0.0 0.0 0.0 0.0 0.0 0.0 0.0 0.0  
    0.0 0.0 0.0 0.0 0.0 0.0 0.0 0.0 0.0 0.0 0.0 0.0 0.0 0.0 0.0 0.0 0.0  
    0.0 
  WALPHA = 0.0 0.0 0.0 0.0 0.0 0.0 0.0 0.0 0.0 0.0 0.0 0.0 0.0 0.0 0.0  
    0.0 0.0 0.0 0.0 0.0 0.0 0.0 0.0 0.0 0.0 0.0 0.0 0.0 0.0 0.0 0.0 0.0  
    0.0 0.0 0.0 0.0 0.0 0.0 0.0 0.0 0.0 0.0 0.0 0.0 0.0 0.0 0.0 0.0 0.0  
    0.0 0.0 0.0 0.0 0.0 0.0 0.0 0.0 0.0 0.0 0.0 0.0 0.0 0.0 0.0 0.0 0.0  
    0.0 0.0 0.0 0.0 0.0 0.0 0.0 0.0 0.0 0.0 0.0 0.0 0.0 0.0 0.0 0.0 0.0  
    0.0 0.0 0.0 0.0 0.0 0.0 0.0 0.0 0.0 0.0 0.0 0.0 0.0 0.0 0.0 0.0 0.0  
    0.0 
  DENSITY_BEAM = 0.37902 0.37899 0.37882 0.37788 0.37646 0.37446 0.3719  
    0.36882 0.36526 0.36127 0.35683 0.35197 0.34671 0.34107 0.33508  
    0.32876 0.32215 0.31527 0.30815 0.30084 0.29334 0.28569 0.2779 0.27  
    0.26201 0.25397 0.24589 0.23781 0.22973 0.22169 0.21369 0.20576  
    0.19793 0.19021 0.18262 0.17519 0.16792 0.16083 0.15392 0.1472  
    0.14066 0.13432 0.12816 0.1222 0.11643 0.11085 0.10547 0.10028  
    0.09527 0.090451 0.085815 0.081362 0.077087 0.072986 0.069055  
    0.065291 0.061689 0.058244 0.054952 0.051809 0.048809 0.045947  
    0.04322 0.040621 0.038145 0.035787 0.033544 0.031409 0.029378  
    0.027448 0.025613 0.023869 0.022212 0.020639 0.019146 0.017729  
    0.016387 0.015115 0.01391 0.012771 0.011695 0.010679 0.0097217  
    0.0088206 0.0079738 0.0071794 0.0064355 0.0057405 0.0050936  
    0.0044918 0.0039348 0.0034207 0.0029477 0.002513 0.0021142  
    0.0017495 0.0014183 0.0011204 0.0008478 0.0005823 0.0003084 
  DENSITY_ALPHA = 0.0 0.0 0.0 0.0 0.0 0.0 0.0 0.0 0.0 0.0 0.0 0.0 0.0  
    0.0 0.0 0.0 0.0 0.0 0.0 0.0 0.0 0.0 0.0 0.0 0.0 0.0 0.0 0.0 0.0 0.0  
    0.0 0.0 0.0 0.0 0.0 0.0 0.0 0.0 0.0 0.0 0.0 0.0 0.0 0.0 0.0 0.0 0.0  
    0.0 0.0 0.0 0.0 0.0 0.0 0.0 0.0 0.0 0.0 0.0 0.0 0.0 0.0 0.0 0.0 0.0  
    0.0 0.0 0.0 0.0 0.0 0.0 0.0 0.0 0.0 0.0 0.0 0.0 0.0 0.0 0.0 0.0 0.0  
    0.0 0.0 0.0 0.0 0.0 0.0 0.0 0.0 0.0 0.0 0.0 0.0 0.0 0.0 0.0 0.0 0.0  
    0.0 0.0 0.0 
  CHIE = 0.23965 0.24351 0.24791 0.25273 0.25823 0.26438 0.27105 0.2782  
    0.28579 0.29385 0.30243 0.31158 0.32132 0.33169 0.34274 0.35452  
    0.36713 0.38065 0.39515 0.41072 0.42749 0.44558 0.46513 0.48629  
    0.50922 0.53411 0.56117 0.59065 0.62282 0.658 0.69657 0.73897  
    0.78574 0.83758 0.8952 0.95917 1.0298 1.1052 1.1851 1.2699 1.3599  
    1.4553 1.5562 1.663 1.776 1.8953 2.0212 2.154 2.294 2.4414 2.5964  
    2.7594 2.9304 3.1098 3.2978 3.4944 3.6998 3.914 4.1372 4.3693  
    4.6101 4.8596 5.1174 5.3833 5.6567 5.9373 6.2242 6.5169 6.8145  
    7.116 7.4204 7.7265 8.0332 8.3391 8.6429 8.9434 9.2393 9.5294  
    9.8123 10.087 10.353 10.609 10.855 11.09 11.315 11.53 11.736 11.935  
    12.128 12.315 12.503 12.714 12.966 13.286 13.695 14.217 14.902  
    15.778 17.243 20.127 0.0 
  CHII = 0.21651 0.2231 0.2308 0.23905 0.24797 0.25757 0.26789 0.27903  
    0.29107 0.30413 0.31831 0.33375 0.35062 0.36914 0.38953 0.4121  
    0.43725 0.46546 0.49732 0.53355 0.57434 0.61726 0.66159 0.7074  
    0.75473 0.80354 0.85382 0.90561 0.9589 1.0137 1.07 1.1279 1.1873  
    1.2483 1.3109 1.3752 1.4412 1.5089 1.5785 1.65 1.7233 1.7986 1.8758  
    1.9549 2.0361 2.1193 2.2044 2.2915 2.3804 2.4712 2.5637 2.6578  
    2.7534 2.8503 2.9482 3.047 3.1462 3.2457 3.3449 3.4436 3.541 3.6369  
    3.7304 3.821 3.908 3.9907 4.0684 4.1402 4.2054 4.2631 4.3126 4.3531  
    4.3839 4.4042 4.4135 4.4112 4.3967 4.3696 4.3296 4.2763 4.2095  
    4.1288 4.0339 3.9245 3.7999 3.6592 3.5012 3.326 3.1304 2.9113  
    2.6678 2.3955 2.09 1.7464 1.3471 0.86314 0.24896 -0.57216 -1.7645  
    -3.7974 0.0 
  NBDRY = 85 
  RBDRY = 1.1572 1.17 1.2001 1.2742 1.3173 1.4438 1.564 1.6412 1.6598  
    1.6781 1.7491 1.7661 1.979 1.9923 2.108 2.1177 2.1769 2.247 2.2114  
    2.2048 2.1483 2.129 2.0863 2.0748 2.0629 2.0257 1.8724 1.8575  
    1.8273 1.812 1.6534 1.6041 1.5202 1.4689 1.3901 1.383 1.3318 1.3165  
    1.3086 1.3046 1.2882 1.284 1.2799 1.2757 1.2225 1.2166 1.2096  
    1.2069 1.2004 1.1967 1.1943 1.1919 1.1895 1.1872 1.1861 1.1742  
    1.1634 1.1356 1.1316 1.1242 1.1208 1.1175 1.1144 1.1085 1.1006  
    1.0939 1.0884 1.0839 1.0826 1.0813 1.0789 1.0778 1.0766 1.0744  
    1.0692 1.0683 1.0675 1.0667 1.0653 1.0664 1.0733 1.0779 1.1184  
    1.1279 1.1435 
  ZBDRY = -0.61181 -0.64951 -0.723 -0.83955 -0.88028 -0.93554 -0.93125  
    -0.90807 -0.90031 -0.89204 -0.85391 -0.84317 -0.66048 -0.6454  
    -0.4817 -0.46415 -0.33699 0.072779 0.22827 0.24715 0.37478 0.40967  
    0.47699 0.49327 0.50933 0.55611 0.71269 0.7259 0.75197 0.76476  
    0.88554 0.91939 0.97317 1.004 1.0497 1.0538 1.0826 1.0912 1.0957  
    1.0981 1.108 1.1105 1.113 1.1155 1.0372 1.0227 1.0046 0.99737  
    0.97923 0.96839 0.9612 0.95405 0.94694 0.93986 0.93634 0.89788  
    0.85915 0.74191 0.72223 0.68276 0.66299 0.6432 0.62339 0.58373  
    0.52411 0.46436 0.40451 0.34461 0.32463 0.30466 0.26472 0.24475  
    0.22478 0.18483 0.084961 0.06498 0.044996 0.025009 -0.054957  
    -0.1149 -0.21452 -0.25419 -0.46995 -0.50871 -0.56649 
  NLIM = 5 
  RLIM = 2.347 0.9652999999999999 0.9652999999999999 2.347 2.347 
  ZLIM = 1.2155 1.2155 -1.0355400000000001 -1.0355400000000001 1.2155 
  SHOT_ID = '150141' 
  TIME_ID = '20560' 
  SCALE_SION = 1 
  SION = 2.0122 2.0044 2.0029 2.0043 2.0059 2.0076 2.0096 2.0119 2.0145  
    2.0172 2.02 2.0228 2.0258 2.0288 2.0319 2.035 2.0383 2.0415 2.0446  
    2.0475 2.0502 2.0527 2.0549 2.0568 2.0584 2.0598 2.0608 2.0616  
    2.0622 2.0625 2.0626 2.0625 2.0623 2.0619 2.0615 2.061 2.0605  
    2.0601 2.0599 2.06 2.0606 2.0618 2.0637 2.0664 2.0702 2.0751 2.0812  
    2.0888 2.098 2.109 2.1219 2.137 2.1544 2.1743 2.1969 2.2224 2.2511  
    2.2833 2.3191 2.359 2.4031 2.4518 2.5055 2.5647 2.6297 2.7011  
    2.7796 2.8657 2.9602 3.0639 3.1778 3.3035 3.4424 3.5961 3.7668  
    3.9566 4.1686 4.4065 4.6749 4.9791 5.3253 5.7212 6.1765 6.7035  
    7.3175 8.0376 8.887 9.8946 11.094 12.527 14.243 16.304 18.79 21.825  
    25.556 30.149 35.62 41.572 46.871 50.092 40.759 
  J_RF = 0.0 0.0 0.0 0.0 0.0 0.0 0.0 0.0 0.0 0.0 0.0 0.0 0.0 0.0 0.0  
    0.0 0.0 0.0 0.0 0.0 0.0 0.0 0.0 0.0 0.0 0.0 0.0 0.0 0.0 0.0 0.0 0.0  
    0.0 0.0 0.0 0.0 0.0 0.0 0.0 0.0 0.0 0.0 0.0 0.0 0.0 0.0 0.0 0.0 0.0  
    0.0 0.0 0.0 0.0 0.0 0.0 0.0 0.0 0.0 0.0 0.0 0.0 0.0 0.0 0.0 0.0 0.0  
    0.0 0.0 0.0 0.0 0.0 0.0 0.0 0.0 0.0 0.0 0.0 0.0 0.0 0.0 0.0 0.0 0.0  
    0.0 0.0 0.0 0.0 0.0 0.0 0.0 0.0 0.0 0.0 0.0 0.0 0.0 0.0 0.0 0.0 0.0  
    0.0 
  PE_RF = 0.0 0.0 0.0 0.0 0.0 0.0 0.0 0.0 0.0 0.0 0.0 0.0 0.0 0.0 0.0  
    0.0 0.0 0.0 0.0 0.0 0.0 0.0 0.0 0.0 0.0 0.0 0.0 0.0 0.0 0.0 0.0 0.0  
    0.0 0.0 0.0 0.0 0.0 0.0 0.0 0.0 0.0 0.0 0.0 0.0 0.0 0.0 0.0 0.0 0.0  
    0.0 0.0 0.0 0.0 0.0 0.0 0.0 0.0 0.0 0.0 0.0 0.0 0.0 0.0 0.0 0.0 0.0  
    0.0 0.0 0.0 0.0 0.0 0.0 0.0 0.0 0.0 0.0 0.0 0.0 0.0 0.0 0.0 0.0 0.0  
    0.0 0.0 0.0 0.0 0.0 0.0 0.0 0.0 0.0 0.0 0.0 0.0 0.0 0.0 0.0 0.0 0.0  
    0.0 
  PI_RF = 0.0 0.0 0.0 0.0 0.0 0.0 0.0 0.0 0.0 0.0 0.0 0.0 0.0 0.0 0.0  
    0.0 0.0 0.0 0.0 0.0 0.0 0.0 0.0 0.0 0.0 0.0 0.0 0.0 0.0 0.0 0.0 0.0  
    0.0 0.0 0.0 0.0 0.0 0.0 0.0 0.0 0.0 0.0 0.0 0.0 0.0 0.0 0.0 0.0 0.0  
    0.0 0.0 0.0 0.0 0.0 0.0 0.0 0.0 0.0 0.0 0.0 0.0 0.0 0.0 0.0 0.0 0.0  
    0.0 0.0 0.0 0.0 0.0 0.0 0.0 0.0 0.0 0.0 0.0 0.0 0.0 0.0 0.0 0.0 0.0  
    0.0 0.0 0.0 0.0 0.0 0.0 0.0 0.0 0.0 0.0 0.0 0.0 0.0 0.0 0.0 0.0 0.0  
    0.0 
/

