&INSTATE
  TOKAMAK_ID = 'd3d' 
  MODEL_SHAPE = 0 
  DENSITY_MODEL = 0 
  R0 = 1.6955 
  B0 = 1.916 
  IP = 1.3938 
  KAPPA = 1.7801 
  DELTA = 0.6713 
  ASPECT = 0.3586184 
  RMAJOR = 1.6955 
  AMINOR = 0.6080375 
  N_ION = 1 
  Z_ION = 1 
  A_ION = 2 
  F_ION = 1 
  N_IMP = 1 
  Z_IMP = 6 
  A_IMP = 12 
  F_IMP = 1 
  N_MIN = 0 
  Z_MIN = 1 
  A_MIN = 1 
  N_BEAM = 1 
  Z_BEAM = 1 
  A_BEAM = 2 
  N_FUSION = 1 
  Z_FUSION = 2 
  A_FUSION = 4 
  RHO = 0.0 0.01 0.02 0.03 0.04 0.05 0.06 0.07 0.08 0.09 0.1 0.11 0.12  
    0.13 0.14 0.15 0.16 0.17 0.18 0.19 0.2 0.21 0.22 0.23 0.24 0.25  
    0.26 0.27 0.28 0.29 0.3 0.31 0.32 0.33 0.34 0.35 0.36 0.37 0.38  
    0.39 0.4 0.41 0.42 0.43 0.44 0.45 0.46 0.47 0.48 0.49 0.5 0.51 0.52  
    0.53 0.54 0.55 0.56 0.57 0.58 0.59 0.6 0.61 0.62 0.63 0.64 0.65  
    0.66 0.67 0.68 0.69 0.7 0.71 0.72 0.73 0.74 0.75 0.76 0.77 0.78  
    0.79 0.8 0.81 0.82 0.83 0.84 0.85 0.86 0.87 0.88 0.89 0.9 0.91 0.92  
    0.93 0.94 0.95 0.96 0.97 0.98 0.99 1.0 
  NRHO = 101 
  PSIPOL = -0.40418 -0.40409 -0.40384 -0.40343 -0.40285 -0.40211  
    -0.4012 -0.40012 -0.39889 -0.3975 -0.39594 -0.39423 -0.39236  
    -0.39034 -0.38817 -0.38585 -0.38338 -0.38076 -0.37801 -0.37511  
    -0.37208 -0.36892 -0.36563 -0.36221 -0.35868 -0.35502 -0.35125  
    -0.34737 -0.34338 -0.33929 -0.3351 -0.33081 -0.32644 -0.32197  
    -0.31743 -0.31281 -0.30812 -0.30336 -0.29854 -0.29365 -0.28872  
    -0.28373 -0.27869 -0.27362 -0.26851 -0.26336 -0.25819 -0.25299  
    -0.24777 -0.24254 -0.2373 -0.23204 -0.22679 -0.22153 -0.21628  
    -0.21104 -0.20581 -0.20059 -0.19539 -0.19021 -0.18506 -0.17994  
    -0.17484 -0.16978 -0.16475 -0.15977 -0.15482 -0.14992 -0.14507  
    -0.14026 -0.13551 -0.13081 -0.12616 -0.12158 -0.11705 -0.11258  
    -0.10817 -0.10383 -0.099558 -0.095351 -0.091214 -0.087148 -0.083155  
    -0.079236 -0.075393 -0.071628 -0.067942 -0.064338 -0.060817  
    -0.057381 -0.054033 -0.050775 -0.04761 -0.044541 -0.041574  
    -0.038714 -0.035969 -0.033352 -0.030877 -0.028793 -0.027352 
  RHOPSI = 0.0 0.1 0.1414214 0.1732051 0.2 0.2236068 0.244949 0.2645751  
    0.2828427 0.3 0.3162278 0.3316625 0.3464102 0.3605551 0.3741657  
    0.3872983 0.4 0.4123106 0.4242641 0.4358899 0.4472136 0.4582576  
    0.4690416 0.4795832 0.4898979 0.5 0.509902 0.5196152 0.5291503  
    0.5385165 0.5477226 0.5567764 0.5656854 0.5744563 0.5830952  
    0.591608 0.6 0.6082763 0.6164414 0.6244998 0.6324555 0.6403124  
    0.6480741 0.6557439 0.663325 0.6708204 0.678233 0.6855655 0.6928203  
    0.7 0.7071068 0.7141428 0.7211103 0.728011 0.7348469 0.7416198  
    0.7483315 0.7549834 0.7615773 0.7681146 0.7745967 0.781025  
    0.7874008 0.7937254 0.8 0.8062258 0.8124038 0.8185353 0.8246211  
    0.8306624 0.83666 0.842615 0.8485281 0.8544004 0.8602325 0.8660254  
    0.8717798 0.8774964 0.8831761 0.8888194 0.8944272 0.9 0.9055385  
    0.9110434 0.9165151 0.9219544 0.9273618 0.9327379 0.9380832  
    0.9433981 0.9486833 0.9539392 0.9591663 0.9643651 0.969536  
    0.9746794 0.9797959 0.9848858 0.9899495 0.9949874 1.0 
  Q = 0.74404 0.74482 0.74563 0.74645 0.74727 0.74809 0.74896 0.75091  
    0.75287 0.75514 0.75765 0.76022 0.76287 0.76646 0.77026 0.77431  
    0.77863 0.78315 0.78808 0.79338 0.79901 0.80498 0.81131 0.81801  
    0.82507 0.8325 0.84028 0.8485 0.8571 0.86611 0.87558 0.88547  
    0.89583 0.90664 0.91795 0.92973 0.94206 0.9549 0.96829 0.98225  
    0.99676 1.0119 1.0276 1.044 1.0611 1.0788 1.0972 1.1164 1.1362  
    1.1569 1.1784 1.2007 1.2239 1.2479 1.2729 1.2988 1.3257 1.3536  
    1.3827 1.4128 1.444 1.4764 1.5102 1.5452 1.5815 1.6192 1.6585  
    1.6992 1.7416 1.7857 1.8315 1.8793 1.9289 1.9807 2.0347 2.0909  
    2.1497 2.211 2.2752 2.3423 2.4125 2.4865 2.5639 2.6454 2.7316  
    2.8223 2.9181 3.0203 3.1291 3.2453 3.37 3.5044 3.6505 3.8107 3.9885  
    4.1894 4.4226 4.7084 5.0481 6.9367 11.074 
  NE = 4.4352 4.4346 4.4328 4.4298 4.4257 4.4205 4.4141 4.4067 4.3982  
    4.3886 4.378 4.3664 4.3538 4.3401 4.3256 4.31 4.2936 4.2762 4.2579  
    4.2388 4.2188 4.198 4.1763 4.1539 4.1306 4.1066 4.0819 4.0564  
    4.0302 4.0033 3.9758 3.9476 3.9187 3.8893 3.8592 3.8286 3.7974  
    3.7656 3.7333 3.7005 3.6673 3.6335 3.5993 3.5647 3.5296 3.4941  
    3.4583 3.4221 3.3855 3.3487 3.3115 3.274 3.2363 3.1983 3.1601  
    3.1216 3.083 3.0442 3.0052 2.9661 2.9268 2.8874 2.8479 2.8083  
    2.7685 2.7286 2.6887 2.6486 2.6084 2.5681 2.5277 2.4872 2.4466  
    2.4059 2.3651 2.3243 2.2834 2.2423 2.2013 2.1601 2.1189 2.0776  
    2.0363 1.9949 1.9534 1.9119 1.8703 1.8287 1.7871 1.7454 1.7037  
    1.6619 1.6202 1.5784 1.5365 1.4947 1.4528 1.4109 1.3691 1.3272  
    1.2853 
  TE = 2.4727 2.471 2.4659 2.4578 2.4467 2.4329 2.4166 2.3981 2.3774  
    2.3548 2.3306 2.3049 2.2779 2.2498 2.2208 2.1912 2.1611 2.1308  
    2.1004 2.0701 2.04 2.0101 1.9804 1.9509 1.9215 1.8924 1.8634 1.8346  
    1.806 1.7775 1.7493 1.7212 1.6932 1.6654 1.6378 1.6103 1.583 1.5559  
    1.5289 1.502 1.4753 1.4487 1.4223 1.396 1.3698 1.3438 1.3179 1.2922  
    1.2665 1.241 1.2157 1.1904 1.1652 1.1402 1.1153 1.0905 1.0658  
    1.0412 1.0167 0.99228 0.96798 0.94378 0.91967 0.89566 0.87173  
    0.84789 0.82413 0.80045 0.77685 0.75333 0.72988 0.7065 0.6832  
    0.65995 0.63678 0.61367 0.59061 0.56762 0.54467 0.52179 0.49895  
    0.47616 0.45341 0.43071 0.40805 0.38543 0.36284 0.34028 0.31776  
    0.29527 0.2728 0.25036 0.22793 0.20553 0.18314 0.16077 0.13841  
    0.11606 0.093719 0.07138 0.049044 
  TI = 2.662 2.6604 2.6555 2.6476 2.6367 2.6231 2.6068 2.5881 2.567  
    2.5437 2.5183 2.4911 2.4621 2.4314 2.3993 2.3659 2.3313 2.2957  
    2.2592 2.2219 2.184 2.1457 2.1071 2.0683 2.0295 1.9908 1.9524  
    1.9144 1.877 1.8403 1.8042 1.7689 1.7342 1.7002 1.6669 1.6342  
    1.6022 1.5708 1.54 1.5098 1.4802 1.4512 1.4228 1.395 1.3677 1.341  
    1.3148 1.2892 1.2641 1.2395 1.2154 1.1918 1.1686 1.146 1.1238 1.102  
    1.0807 1.0599 1.0394 1.0194 0.9998 0.98057 0.96173 0.94327 0.92516  
    0.90742 0.89002 0.87295 0.85621 0.83979 0.82367 0.80784 0.7923  
    0.77704 0.76205 0.74731 0.73281 0.71856 0.70453 0.69072 0.67711  
    0.6637 0.65048 0.63744 0.62456 0.61184 0.59927 0.58684 0.57454  
    0.56235 0.55027 0.53829 0.5264 0.51459 0.50285 0.49117 0.47953  
    0.46794 0.45638 0.44483 0.4333 
  ZEFF = 1.3184 1.3184 1.3185 1.3186 1.3187 1.3189 1.3192 1.3194 1.3197  
    1.3201 1.3204 1.3209 1.3213 1.3218 1.3223 1.3229 1.3235 1.3241  
    1.3248 1.3255 1.3263 1.327 1.3279 1.3287 1.3296 1.3305 1.3315  
    1.3325 1.3335 1.3345 1.3356 1.3368 1.3379 1.3391 1.3404 1.3417  
    1.343 1.3443 1.3457 1.3471 1.3486 1.3501 1.3517 1.3532 1.3549  
    1.3565 1.3582 1.36 1.3618 1.3636 1.3655 1.3674 1.3693 1.3713 1.3734  
    1.3755 1.3776 1.3798 1.382 1.3843 1.3866 1.389 1.3914 1.3939 1.3964  
    1.399 1.4017 1.4045 1.4073 1.4102 1.4132 1.4162 1.4194 1.4227 1.426  
    1.4295 1.4331 1.4368 1.4406 1.4446 1.4487 1.453 1.4575 1.4621 1.467  
    1.472 1.4772 1.4827 1.4885 1.4945 1.5008 1.5074 1.5143 1.5216  
    1.5293 1.5375 1.5461 1.5552 1.5649 1.5753 1.5861 
  P_EQ = 34317.1210272 34290.0386995 34209.4706224 34081.0993389  
    33905.0344971 33685.9097893 33424.9857619 33126.8942462  
    32791.5586208 32423.4906742 32025.3353752 31600.4191698  
    31150.5128755 30677.6475539 30186.1408726 29677.9936685  
    29156.3209781 28623.6867725 28082.4439014 27534.4978728  
    26982.4267008 26428.0428237 25871.5466898 25314.4400286  
    24757.204176 24202.2784858 23650.051936 23101.6458701 22558.6910768  
    22021.2650762 21490.1881536 20966.0283931 20446.9005702  
    19935.2098131 19430.4900214 18932.1629027 18440.9522662  
    17956.8828883 17479.399536 17008.5668736 16545.7322125  
    16089.3836397 15640.8407072 15199.757824 14764.965816 14338.4433024  
    13918.8911936 13507.5657939 13102.4504134 12705.4431488  
    12316.1001056 11933.342857 11557.5944202 11190.2758656  
    10829.7031302 10476.2138144 10130.2164994 9791.4861862 9459.4278406  
    9134.7736205 8817.0627853 8506.3343873 8202.4117938 7905.2465619  
    7614.5806119 7330.6295992 7053.0198001 6781.8259338 6516.8469477  
    6258.0009176 6005.260415 5758.5415404 5517.710667 5282.6991165  
    5053.4251589 4829.924234 4611.9822708 4399.5792654 4192.6302255  
    3991.0535825 3794.8209975 3603.8505597 3418.1253799 3237.4376588  
    3061.8821773 2891.2971587 2725.6367477 2565.0074717 2409.1940294  
    2258.2316045 2111.9438036 1970.4521168 1833.7408518 1701.5765631  
    1573.3826539 1450.0878088 1329.7739236 1212.1742406 1096.4122671  
    980.8638183 865.0522298 
  OMEGA = 103550.0 103520.0 103450.0 103330.0 103170.0 102960.0  
    102710.0 102410.0 102080.0 101700.0 101290.0 100840.0 100350.0  
    99829.0 99271.0 98680.0 98056.0 97401.0 96716.0 96003.0 95261.0  
    94492.0 93698.0 92880.0 92037.0 91173.0 90287.0 89381.0 88456.0  
    87513.0 86553.0 85577.0 84586.0 83582.0 82566.0 81538.0 80500.0  
    79452.0 78397.0 77334.0 76265.0 75192.0 74115.0 73036.0 71955.0  
    70873.0 69792.0 68713.0 67637.0 66563.0 65492.0 64423.0 63357.0  
    62294.0 61233.0 60174.0 59118.0 58064.0 57012.0 55963.0 54915.0  
    53870.0 52826.0 51785.0 50745.0 49708.0 48672.0 47638.0 46605.0  
    45574.0 44545.0 43518.0 42492.0 41467.0 40444.0 39422.0 38402.0  
    37382.0 36364.0 35347.0 34331.0 33316.0 32302.0 31289.0 30277.0  
    29266.0 28256.0 27246.0 26237.0 25228.0 24221.0 23213.0 22206.0  
    21200.0 20194.0 19188.0 18182.0 17177.0 16172.0 15167.0 14162.0 
  PPRIME = 0.0 0.0 0.0 0.0 0.0 0.0 0.0 0.0 0.0 0.0 0.0 0.0 0.0 0.0 0.0  
    0.0 0.0 0.0 0.0 0.0 0.0 0.0 0.0 0.0 0.0 0.0 0.0 0.0 0.0 0.0 0.0 0.0  
    0.0 0.0 0.0 0.0 0.0 0.0 0.0 0.0 0.0 0.0 0.0 0.0 0.0 0.0 0.0 0.0 0.0  
    0.0 0.0 0.0 0.0 0.0 0.0 0.0 0.0 0.0 0.0 0.0 0.0 0.0 0.0 0.0 0.0 0.0  
    0.0 0.0 0.0 0.0 0.0 0.0 0.0 0.0 0.0 0.0 0.0 0.0 0.0 0.0 0.0 0.0 0.0  
    0.0 0.0 0.0 0.0 0.0 0.0 0.0 0.0 0.0 0.0 0.0 0.0 0.0 0.0 0.0 0.0 0.0  
    0.0 
  FFPRIME = 0.0 0.0 0.0 0.0 0.0 0.0 0.0 0.0 0.0 0.0 0.0 0.0 0.0 0.0 0.0  
    0.0 0.0 0.0 0.0 0.0 0.0 0.0 0.0 0.0 0.0 0.0 0.0 0.0 0.0 0.0 0.0 0.0  
    0.0 0.0 0.0 0.0 0.0 0.0 0.0 0.0 0.0 0.0 0.0 0.0 0.0 0.0 0.0 0.0 0.0  
    0.0 0.0 0.0 0.0 0.0 0.0 0.0 0.0 0.0 0.0 0.0 0.0 0.0 0.0 0.0 0.0 0.0  
    0.0 0.0 0.0 0.0 0.0 0.0 0.0 0.0 0.0 0.0 0.0 0.0 0.0 0.0 0.0 0.0 0.0  
    0.0 0.0 0.0 0.0 0.0 0.0 0.0 0.0 0.0 0.0 0.0 0.0 0.0 0.0 0.0 0.0 0.0  
    0.0 
  J_OH = 2.5489 2.5406 2.5135 2.4804 2.4451 2.4117 2.383 2.3597 2.3394  
    2.3191 2.2976 2.2754 2.2527 2.2294 2.2054 2.1806 2.1552 2.1292  
    2.1023 2.0745 2.046 2.0164 1.986 1.9551 1.9237 1.8915 1.8587 1.8261  
    1.7929 1.7591 1.7249 1.6911 1.6568 1.622 1.5871 1.5524 1.5173 1.482  
    1.4463 1.4102 1.3739 1.3377 1.3014 1.2646 1.2279 1.1915 1.1554  
    1.1192 1.0834 1.0479 1.013 0.97849 0.94401 0.91013 0.87687 0.84426  
    0.81232 0.78072 0.74985 0.71972 0.69035 0.66173 0.6336 0.60601  
    0.57925 0.55332 0.52823 0.50397 0.48042 0.45754 0.43552 0.41434  
    0.39401 0.3745 0.35581 0.33777 0.3204 0.30385 0.2881 0.27313  
    0.25892 0.24547 0.23275 0.22084 0.20976 0.19934 0.18956 0.18043  
    0.17194 0.1641 0.15691 0.15038 0.14454 0.13941 0.13506 0.13152  
    0.12877 0.12746 0.12576 0.12878 0.14181 
  J_BS = 0.0 0.0020233 0.0099849 0.024809 0.042442 0.058636 0.070643  
    0.077663 0.081253 0.083833 0.086368 0.088545 0.09018 0.091367  
    0.092119 0.092493 0.092536 0.092256 0.091709 0.090968 0.090134  
    0.08927 0.088369 0.087442 0.086486 0.085474 0.084397 0.083268  
    0.082112 0.080955 0.079833 0.078734 0.077653 0.076595 0.075556  
    0.074548 0.073567 0.072612 0.071679 0.070764 0.069869 0.068991  
    0.068132 0.06729 0.066464 0.065654 0.06486 0.06408 0.063314  
    0.062562 0.061823 0.061095 0.060378 0.059672 0.058978 0.058294  
    0.057617 0.056948 0.056288 0.055638 0.055001 0.054377 0.053768  
    0.053172 0.052588 0.052014 0.051449 0.050892 0.050342 0.049798  
    0.049259 0.048722 0.048189 0.047657 0.047123 0.046587 0.046048  
    0.045504 0.044952 0.04439 0.043815 0.043227 0.042619 0.041989  
    0.041333 0.040643 0.039911 0.039132 0.038293 0.037378 0.036369  
    0.035241 0.033962 0.032513 0.030815 0.028859 0.026575 0.023796  
    0.020903 0.017438 0.013255 
  J_NB = 0.09482 0.10026 0.11657 0.13028 0.1416 0.15051 0.15718 0.16168  
    0.16486 0.16731 0.16924 0.17062 0.17148 0.17185 0.17178 0.1713  
    0.1704 0.16917 0.16764 0.16591 0.16383 0.16164 0.15925 0.15633  
    0.15308 0.14973 0.1463 0.14187 0.13741 0.13294 0.12824 0.1227  
    0.11726 0.1119 0.10636 0.10038 0.094551 0.08888 0.083533 0.078664  
    0.073934 0.069336 0.064996 0.061462 0.058024 0.05468 0.051433  
    0.048607 0.045982 0.043437 0.040971 0.038605 0.036839 0.035118  
    0.033439 0.031803 0.030211 0.029012 0.027834 0.026674 0.025535  
    0.024415 0.023604 0.023047 0.022465 0.021856 0.021222 0.020567  
    0.020023 0.019609 0.019147 0.01864 0.018094 0.017511 0.016889  
    0.016403 0.016002 0.015548 0.015047 0.014504 0.013925 0.013314  
    0.012678 0.011929 0.011045 0.01019 0.0093614 0.0085625 0.0077934  
    0.0070541 0.0063441 0.0056655 0.0050124 0.004384 0.0037767  
    0.0031897 0.002631 0.0021127 0.0016371 0.0011728 0.0007103 
  J_EC = 0.0 0.0 0.0 0.0 0.0 0.0 0.0 0.0 0.0 0.0 0.0 0.0 0.0 0.0 0.0  
    0.0 0.0 0.0 0.0 0.0 0.0 0.0 0.0 0.0 0.0 0.0 0.0 0.0 0.0 0.0 0.0 0.0  
    0.0 0.0 0.0 0.0 0.0 0.0 0.0 0.0 0.0 0.0 0.0 0.0 0.0 0.0 0.0 0.0 0.0  
    0.0 0.0 0.0 0.0 0.0 0.0 0.0 0.0 0.0 0.0 0.0 0.0 0.0 0.0 0.0 0.0 0.0  
    0.0 0.0 0.0 0.0 0.0 0.0 0.0 0.0 0.0 0.0 0.0 0.0 0.0 0.0 0.0 0.0 0.0  
    0.0 0.0 0.0 0.0 0.0 0.0 0.0 0.0 0.0 0.0 0.0 0.0 0.0 0.0 0.0 0.0 0.0  
    0.0 
  J_IC = 0.0 0.0 0.0 0.0 0.0 0.0 0.0 0.0 0.0 0.0 0.0 0.0 0.0 0.0 0.0  
    0.0 0.0 0.0 0.0 0.0 0.0 0.0 0.0 0.0 0.0 0.0 0.0 0.0 0.0 0.0 0.0 0.0  
    0.0 0.0 0.0 0.0 0.0 0.0 0.0 0.0 0.0 0.0 0.0 0.0 0.0 0.0 0.0 0.0 0.0  
    0.0 0.0 0.0 0.0 0.0 0.0 0.0 0.0 0.0 0.0 0.0 0.0 0.0 0.0 0.0 0.0 0.0  
    0.0 0.0 0.0 0.0 0.0 0.0 0.0 0.0 0.0 0.0 0.0 0.0 0.0 0.0 0.0 0.0 0.0  
    0.0 0.0 0.0 0.0 0.0 0.0 0.0 0.0 0.0 0.0 0.0 0.0 0.0 0.0 0.0 0.0 0.0  
    0.0 
  J_LH = 0.0 0.0 0.0 0.0 0.0 0.0 0.0 0.0 0.0 0.0 0.0 0.0 0.0 0.0 0.0  
    0.0 0.0 0.0 0.0 0.0 0.0 0.0 0.0 0.0 0.0 0.0 0.0 0.0 0.0 0.0 0.0 0.0  
    0.0 0.0 0.0 0.0 0.0 0.0 0.0 0.0 0.0 0.0 0.0 0.0 0.0 0.0 0.0 0.0 0.0  
    0.0 0.0 0.0 0.0 0.0 0.0 0.0 0.0 0.0 0.0 0.0 0.0 0.0 0.0 0.0 0.0 0.0  
    0.0 0.0 0.0 0.0 0.0 0.0 0.0 0.0 0.0 0.0 0.0 0.0 0.0 0.0 0.0 0.0 0.0  
    0.0 0.0 0.0 0.0 0.0 0.0 0.0 0.0 0.0 0.0 0.0 0.0 0.0 0.0 0.0 0.0 0.0  
    0.0 
  J_HC = 0.0 0.0 0.0 0.0 0.0 0.0 0.0 0.0 0.0 0.0 0.0 0.0 0.0 0.0 0.0  
    0.0 0.0 0.0 0.0 0.0 0.0 0.0 0.0 0.0 0.0 0.0 0.0 0.0 0.0 0.0 0.0 0.0  
    0.0 0.0 0.0 0.0 0.0 0.0 0.0 0.0 0.0 0.0 0.0 0.0 0.0 0.0 0.0 0.0 0.0  
    0.0 0.0 0.0 0.0 0.0 0.0 0.0 0.0 0.0 0.0 0.0 0.0 0.0 0.0 0.0 0.0 0.0  
    0.0 0.0 0.0 0.0 0.0 0.0 0.0 0.0 0.0 0.0 0.0 0.0 0.0 0.0 0.0 0.0 0.0  
    0.0 0.0 0.0 0.0 0.0 0.0 0.0 0.0 0.0 0.0 0.0 0.0 0.0 0.0 0.0 0.0 0.0  
    0.0 
  J_TOT = 2.6364 2.6355 2.6327 2.6282 2.6218 2.6136 2.6036 2.5918  
    2.5783 2.563 2.5461 2.5275 2.5073 2.4856 2.4623 2.4375 2.4114  
    2.3839 2.355 2.3248 2.2934 2.2609 2.2272 2.1926 2.157 2.1206 2.0833  
    2.0453 2.0066 1.9672 1.9274 1.887 1.8462 1.8051 1.7637 1.7221  
    1.6804 1.6385 1.5966 1.5548 1.5131 1.4715 1.4301 1.389 1.3481  
    1.3077 1.2676 1.228 1.1888 1.1502 1.1121 1.0747 1.0378 1.0016  
    0.96605 0.93122 0.8971 0.86373 0.83111 0.79926 0.7682 0.73793  
    0.70846 0.6798 0.65196 0.62493 0.59872 0.57333 0.54876 0.525  
    0.50205 0.4799 0.45855 0.43799 0.41822 0.39921 0.38097 0.36348  
    0.34674 0.33071 0.31541 0.30081 0.28689 0.27366 0.26108 0.24915  
    0.23786 0.22719 0.21713 0.20767 0.1988 0.1905 0.18276 0.17558  
    0.16896 0.16289 0.15736 0.15265 0.14795 0.14711 0.15212 
  P_EI = -0.017479 -0.017499 -0.017553 -0.017636 -0.01774 -0.01786  
    -0.017988 -0.018118 -0.018241 -0.018351 -0.018439 -0.018498  
    -0.018517 -0.018488 -0.018401 -0.018244 -0.018008 -0.01768  
    -0.017248 -0.016701 -0.016046 -0.015295 -0.014463 -0.013564  
    -0.012616 -0.011634 -0.010637 -0.009644 -0.0086734 -0.0077424  
    -0.0068555 -0.0060141 -0.0052194 -0.0044728 -0.0037754 -0.0031282  
    -0.0025321 -0.001988 -0.0014969 -0.0010596 -0.0006766 -0.0003487  
    -7.64e-05 0.0001398 0.0002992 0.0004016 0.0004464 0.0004334  
    0.0003622 0.0002324 4.37e-05 -0.0002046 -0.0005125 -0.0008806  
    -0.0013093 -0.0017991 -0.0023507 -0.0029648 -0.0036423 -0.0043841  
    -0.0051916 -0.006066 -0.0070088 -0.008022 -0.0091074 -0.010268  
    -0.011506 -0.012824 -0.014227 -0.015719 -0.017305 -0.018991  
    -0.020784 -0.022691 -0.024723 -0.02689 -0.029205 -0.031685  
    -0.034347 -0.037214 -0.040313 -0.043677 -0.047345 -0.051366  
    -0.055803 -0.060733 -0.066255 -0.072496 -0.079624 -0.087863  
    -0.097519 -0.10902 -0.12298 -0.1403 -0.16229 -0.19133 -0.23093  
    -0.28794 -0.37623 -0.52868 -0.84855 
  SE_NB = 0.0 0.0 0.0 0.0 0.0 0.0 0.0 0.0 0.0 0.0 0.0 0.0 0.0 0.0 0.0  
    0.0 0.0 0.0 0.0 0.0 0.0 0.0 0.0 0.0 0.0 0.0 0.0 0.0 0.0 0.0 0.0 0.0  
    0.0 0.0 0.0 0.0 0.0 0.0 0.0 0.0 0.0 0.0 0.0 0.0 0.0 0.0 0.0 0.0 0.0  
    0.0 0.0 0.0 0.0 0.0 0.0 0.0 0.0 0.0 0.0 0.0 0.0 0.0 0.0 0.0 0.0 0.0  
    0.0 0.0 0.0 0.0 0.0 0.0 0.0 0.0 0.0 0.0 0.0 0.0 0.0 0.0 0.0 0.0 0.0  
    0.0 0.0 0.0 0.0 0.0 0.0 0.0 0.0 0.0 0.0 0.0 0.0 0.0 0.0 0.0 0.0 0.0  
    0.0 
  PE_NB = 0.11799 0.11807 0.11827 0.11838 0.11849 0.11858 0.11866  
    0.11872 0.11873 0.11869 0.1186 0.11845 0.11824 0.11796 0.1176  
    0.11717 0.11668 0.11611 0.11545 0.11471 0.11388 0.11297 0.11199  
    0.11094 0.10983 0.10866 0.10744 0.10618 0.10488 0.10354 0.10218  
    0.10077 0.099342 0.097893 0.096427 0.094948 0.093457 0.091955  
    0.090444 0.088926 0.087402 0.085873 0.084338 0.0828 0.081259  
    0.079715 0.078171 0.076624 0.075078 0.073532 0.071987 0.070444  
    0.068905 0.067369 0.065837 0.064308 0.062785 0.061264 0.059749  
    0.058241 0.05674 0.055247 0.053763 0.052289 0.050824 0.049365  
    0.047919 0.046483 0.04506 0.043649 0.042251 0.040867 0.039498  
    0.038146 0.036811 0.03549 0.034197 0.032927 0.031682 0.030464  
    0.029277 0.028123 0.027005 0.025924 0.024883 0.023883 0.022927  
    0.022017 0.021157 0.020348 0.019594 0.018899 0.018261 0.017675  
    0.017133 0.016633 0.016201 0.015921 0.015867 0.015867 0.015576 
  PE_EC = 0.0 0.0 0.0 0.0 0.0 0.0 0.0 0.0 0.0 0.0 0.0 0.0 0.0 0.0 0.0  
    0.0 0.0 0.0 0.0 0.0 0.0 0.0 0.0 0.0 0.0 0.0 0.0 0.0 0.0 0.0 0.0 0.0  
    0.0 0.0 0.0 0.0 0.0 0.0 0.0 0.0 0.0 0.0 0.0 0.0 0.0 0.0 0.0 0.0 0.0  
    0.0 0.0 0.0 0.0 0.0 0.0 0.0 0.0 0.0 0.0 0.0 0.0 0.0 0.0 0.0 0.0 0.0  
    0.0 0.0 0.0 0.0 0.0 0.0 0.0 0.0 0.0 0.0 0.0 0.0 0.0 0.0 0.0 0.0 0.0  
    0.0 0.0 0.0 0.0 0.0 0.0 0.0 0.0 0.0 0.0 0.0 0.0 0.0 0.0 0.0 0.0 0.0  
    0.0 
  PE_IC = 0.0 0.0 0.0 0.0 0.0 0.0 0.0 0.0 0.0 0.0 0.0 0.0 0.0 0.0 0.0  
    0.0 0.0 0.0 0.0 0.0 0.0 0.0 0.0 0.0 0.0 0.0 0.0 0.0 0.0 0.0 0.0 0.0  
    0.0 0.0 0.0 0.0 0.0 0.0 0.0 0.0 0.0 0.0 0.0 0.0 0.0 0.0 0.0 0.0 0.0  
    0.0 0.0 0.0 0.0 0.0 0.0 0.0 0.0 0.0 0.0 0.0 0.0 0.0 0.0 0.0 0.0 0.0  
    0.0 0.0 0.0 0.0 0.0 0.0 0.0 0.0 0.0 0.0 0.0 0.0 0.0 0.0 0.0 0.0 0.0  
    0.0 0.0 0.0 0.0 0.0 0.0 0.0 0.0 0.0 0.0 0.0 0.0 0.0 0.0 0.0 0.0 0.0  
    0.0 
  PE_LH = 0.0 0.0 0.0 0.0 0.0 0.0 0.0 0.0 0.0 0.0 0.0 0.0 0.0 0.0 0.0  
    0.0 0.0 0.0 0.0 0.0 0.0 0.0 0.0 0.0 0.0 0.0 0.0 0.0 0.0 0.0 0.0 0.0  
    0.0 0.0 0.0 0.0 0.0 0.0 0.0 0.0 0.0 0.0 0.0 0.0 0.0 0.0 0.0 0.0 0.0  
    0.0 0.0 0.0 0.0 0.0 0.0 0.0 0.0 0.0 0.0 0.0 0.0 0.0 0.0 0.0 0.0 0.0  
    0.0 0.0 0.0 0.0 0.0 0.0 0.0 0.0 0.0 0.0 0.0 0.0 0.0 0.0 0.0 0.0 0.0  
    0.0 0.0 0.0 0.0 0.0 0.0 0.0 0.0 0.0 0.0 0.0 0.0 0.0 0.0 0.0 0.0 0.0  
    0.0 
  PE_HC = 0.0 0.0 0.0 0.0 0.0 0.0 0.0 0.0 0.0 0.0 0.0 0.0 0.0 0.0 0.0  
    0.0 0.0 0.0 0.0 0.0 0.0 0.0 0.0 0.0 0.0 0.0 0.0 0.0 0.0 0.0 0.0 0.0  
    0.0 0.0 0.0 0.0 0.0 0.0 0.0 0.0 0.0 0.0 0.0 0.0 0.0 0.0 0.0 0.0 0.0  
    0.0 0.0 0.0 0.0 0.0 0.0 0.0 0.0 0.0 0.0 0.0 0.0 0.0 0.0 0.0 0.0 0.0  
    0.0 0.0 0.0 0.0 0.0 0.0 0.0 0.0 0.0 0.0 0.0 0.0 0.0 0.0 0.0 0.0 0.0  
    0.0 0.0 0.0 0.0 0.0 0.0 0.0 0.0 0.0 0.0 0.0 0.0 0.0 0.0 0.0 0.0 0.0  
    0.0 
  SI_NB = 0.0 0.0 0.0 0.0 0.0 0.0 0.0 0.0 0.0 0.0 0.0 0.0 0.0 0.0 0.0  
    0.0 0.0 0.0 0.0 0.0 0.0 0.0 0.0 0.0 0.0 0.0 0.0 0.0 0.0 0.0 0.0 0.0  
    0.0 0.0 0.0 0.0 0.0 0.0 0.0 0.0 0.0 0.0 0.0 0.0 0.0 0.0 0.0 0.0 0.0  
    0.0 0.0 0.0 0.0 0.0 0.0 0.0 0.0 0.0 0.0 0.0 0.0 0.0 0.0 0.0 0.0 0.0  
    0.0 0.0 0.0 0.0 0.0 0.0 0.0 0.0 0.0 0.0 0.0 0.0 0.0 0.0 0.0 0.0 0.0  
    0.0 0.0 0.0 0.0 0.0 0.0 0.0 0.0 0.0 0.0 0.0 0.0 0.0 0.0 0.0 0.0 0.0  
    0.0 
  PI_NB = 0.29715 0.29717 0.29693 0.29606 0.29478 0.29305 0.29086  
    0.28827 0.28528 0.28194 0.27826 0.27426 0.26998 0.26544 0.26067  
    0.25568 0.2505 0.24517 0.23971 0.23416 0.22853 0.22285 0.21713  
    0.21138 0.20564 0.1999 0.19419 0.1885 0.18286 0.17728 0.17176  
    0.16632 0.16096 0.15568 0.15049 0.14539 0.14039 0.13548 0.13067  
    0.12595 0.12134 0.11683 0.11242 0.10811 0.1039 0.099793 0.095783  
    0.091871 0.088057 0.084339 0.080716 0.077188 0.073752 0.07041  
    0.06716 0.064 0.060932 0.057955 0.055066 0.052265 0.049551 0.046923  
    0.044379 0.041919 0.039542 0.037251 0.035039 0.032908 0.030857  
    0.028886 0.026994 0.025179 0.023441 0.02178 0.020195 0.018691  
    0.017254 0.01589 0.014597 0.013374 0.012219 0.011133 0.010112  
    0.0091539 0.0082566 0.0074178 0.0066343 0.0059043 0.0052253  
    0.0045957 0.0040121 0.003473 0.0029752 0.0025137 0.0020844  
    0.0016876 0.0013291 0.001023 0.0007714 0.0005324 0.0002977 
  PI_EC = 0.0 0.0 0.0 0.0 0.0 0.0 0.0 0.0 0.0 0.0 0.0 0.0 0.0 0.0 0.0  
    0.0 0.0 0.0 0.0 0.0 0.0 0.0 0.0 0.0 0.0 0.0 0.0 0.0 0.0 0.0 0.0 0.0  
    0.0 0.0 0.0 0.0 0.0 0.0 0.0 0.0 0.0 0.0 0.0 0.0 0.0 0.0 0.0 0.0 0.0  
    0.0 0.0 0.0 0.0 0.0 0.0 0.0 0.0 0.0 0.0 0.0 0.0 0.0 0.0 0.0 0.0 0.0  
    0.0 0.0 0.0 0.0 0.0 0.0 0.0 0.0 0.0 0.0 0.0 0.0 0.0 0.0 0.0 0.0 0.0  
    0.0 0.0 0.0 0.0 0.0 0.0 0.0 0.0 0.0 0.0 0.0 0.0 0.0 0.0 0.0 0.0 0.0  
    0.0 
  PI_IC = 0.0 0.0 0.0 0.0 0.0 0.0 0.0 0.0 0.0 0.0 0.0 0.0 0.0 0.0 0.0  
    0.0 0.0 0.0 0.0 0.0 0.0 0.0 0.0 0.0 0.0 0.0 0.0 0.0 0.0 0.0 0.0 0.0  
    0.0 0.0 0.0 0.0 0.0 0.0 0.0 0.0 0.0 0.0 0.0 0.0 0.0 0.0 0.0 0.0 0.0  
    0.0 0.0 0.0 0.0 0.0 0.0 0.0 0.0 0.0 0.0 0.0 0.0 0.0 0.0 0.0 0.0 0.0  
    0.0 0.0 0.0 0.0 0.0 0.0 0.0 0.0 0.0 0.0 0.0 0.0 0.0 0.0 0.0 0.0 0.0  
    0.0 0.0 0.0 0.0 0.0 0.0 0.0 0.0 0.0 0.0 0.0 0.0 0.0 0.0 0.0 0.0 0.0  
    0.0 
  PI_LH = 0.0 0.0 0.0 0.0 0.0 0.0 0.0 0.0 0.0 0.0 0.0 0.0 0.0 0.0 0.0  
    0.0 0.0 0.0 0.0 0.0 0.0 0.0 0.0 0.0 0.0 0.0 0.0 0.0 0.0 0.0 0.0 0.0  
    0.0 0.0 0.0 0.0 0.0 0.0 0.0 0.0 0.0 0.0 0.0 0.0 0.0 0.0 0.0 0.0 0.0  
    0.0 0.0 0.0 0.0 0.0 0.0 0.0 0.0 0.0 0.0 0.0 0.0 0.0 0.0 0.0 0.0 0.0  
    0.0 0.0 0.0 0.0 0.0 0.0 0.0 0.0 0.0 0.0 0.0 0.0 0.0 0.0 0.0 0.0 0.0  
    0.0 0.0 0.0 0.0 0.0 0.0 0.0 0.0 0.0 0.0 0.0 0.0 0.0 0.0 0.0 0.0 0.0  
    0.0 
  PI_HC = 0.0 0.0 0.0 0.0 0.0 0.0 0.0 0.0 0.0 0.0 0.0 0.0 0.0 0.0 0.0  
    0.0 0.0 0.0 0.0 0.0 0.0 0.0 0.0 0.0 0.0 0.0 0.0 0.0 0.0 0.0 0.0 0.0  
    0.0 0.0 0.0 0.0 0.0 0.0 0.0 0.0 0.0 0.0 0.0 0.0 0.0 0.0 0.0 0.0 0.0  
    0.0 0.0 0.0 0.0 0.0 0.0 0.0 0.0 0.0 0.0 0.0 0.0 0.0 0.0 0.0 0.0 0.0  
    0.0 0.0 0.0 0.0 0.0 0.0 0.0 0.0 0.0 0.0 0.0 0.0 0.0 0.0 0.0 0.0 0.0  
    0.0 0.0 0.0 0.0 0.0 0.0 0.0 0.0 0.0 0.0 0.0 0.0 0.0 0.0 0.0 0.0 0.0  
    0.0 
  PI_CX = -0.028757 -0.028484 -0.028326 -0.028145 -0.027872 -0.027516  
    -0.02709 -0.026611 -0.026081 -0.025498 -0.024866 -0.024194  
    -0.023486 -0.022745 -0.021981 -0.0212 -0.020395 -0.01958 -0.018761  
    -0.017943 -0.017124 -0.016316 -0.015523 -0.014742 -0.013979  
    -0.013241 -0.012531 -0.011856 -0.011213 -0.010605 -0.010033  
    -0.0095009 -0.0089974 -0.0085212 -0.0080728 -0.0076526 -0.0072556  
    -0.0068808 -0.0065269 -0.0061927 -0.0058777 -0.005581 -0.0053018  
    -0.0050393 -0.0047925 -0.0045606 -0.004343 -0.0041387 -0.0039472  
    -0.0037679 -0.0036002 -0.0034435 -0.0032967 -0.00316 -0.0030329  
    -0.0029151 -0.0028061 -0.0027035 -0.0026092 -0.0025231 -0.0024448  
    -0.002374 -0.0023108 -0.0022551 -0.0022064 -0.0021647 -0.0021299  
    -0.0021022 -0.0020816 -0.0020684 -0.0020634 -0.0020678 -0.0020828  
    -0.0021098 -0.0021503 -0.0022056 -0.002279 -0.0023755 -0.0025002  
    -0.0026592 -0.002859 -0.0031074 -0.0034191 -0.0038186 -0.0043352  
    -0.0050052 -0.0058718 -0.0069878 -0.0084168 -0.01024 -0.012566  
    -0.01554 -0.019421 -0.024694 -0.032055 -0.042619 -0.057336  
    -0.076767 -0.10193 -0.14915 -0.26462 
  PI_FUS = 0.0 0.0 0.0 0.0 0.0 0.0 0.0 0.0 0.0 0.0 0.0 0.0 0.0 0.0 0.0  
    0.0 0.0 0.0 0.0 0.0 0.0 0.0 0.0 0.0 0.0 0.0 0.0 0.0 0.0 0.0 0.0 0.0  
    0.0 0.0 0.0 0.0 0.0 0.0 0.0 0.0 0.0 0.0 0.0 0.0 0.0 0.0 0.0 0.0 0.0  
    0.0 0.0 0.0 0.0 0.0 0.0 0.0 0.0 0.0 0.0 0.0 0.0 0.0 0.0 0.0 0.0 0.0  
    0.0 0.0 0.0 0.0 0.0 0.0 0.0 0.0 0.0 0.0 0.0 0.0 0.0 0.0 0.0 0.0 0.0  
    0.0 0.0 0.0 0.0 0.0 0.0 0.0 0.0 0.0 0.0 0.0 0.0 0.0 0.0 0.0 0.0 0.0  
    0.0 
  PE_FUS = 0.0 0.0 0.0 0.0 0.0 0.0 0.0 0.0 0.0 0.0 0.0 0.0 0.0 0.0 0.0  
    0.0 0.0 0.0 0.0 0.0 0.0 0.0 0.0 0.0 0.0 0.0 0.0 0.0 0.0 0.0 0.0 0.0  
    0.0 0.0 0.0 0.0 0.0 0.0 0.0 0.0 0.0 0.0 0.0 0.0 0.0 0.0 0.0 0.0 0.0  
    0.0 0.0 0.0 0.0 0.0 0.0 0.0 0.0 0.0 0.0 0.0 0.0 0.0 0.0 0.0 0.0 0.0  
    0.0 0.0 0.0 0.0 0.0 0.0 0.0 0.0 0.0 0.0 0.0 0.0 0.0 0.0 0.0 0.0 0.0  
    0.0 0.0 0.0 0.0 0.0 0.0 0.0 0.0 0.0 0.0 0.0 0.0 0.0 0.0 0.0 0.0 0.0  
    0.0 
  P_RAD = -0.0085022 -0.0084731 -0.0084178 -0.0083723 -0.008327  
    -0.0082653 -0.0081895 -0.0081051 -0.0080115 -0.0079071 -0.0077928  
    -0.0076701 -0.0075396 -0.007402 -0.0072576 -0.0071072 -0.0069512  
    -0.0067904 -0.0066253 -0.0064564 -0.0062842 -0.0061094 -0.0059324  
    -0.0057541 -0.0055747 -0.0053949 -0.0052152 -0.0050361 -0.0048582  
    -0.0046821 -0.0045084 -0.0043374 -0.0041698 -0.0040062 -0.0038472  
    -0.0036934 -0.0035452 -0.0034034 -0.0032685 -0.0031411 -0.0030217  
    -0.0029111 -0.0028099 -0.0027187 -0.0026382 -0.0025691 -0.002512  
    -0.0024677 -0.0024369 -0.0024203 -0.0024187 -0.0024328 -0.0024634  
    -0.0025114 -0.0025777 -0.002663 -0.0027681 -0.0028942 -0.0030421  
    -0.0032128 -0.0034073 -0.0036265 -0.0038714 -0.0041434 -0.0044434  
    -0.0047727 -0.0051324 -0.0055237 -0.0059479 -0.0064064 -0.0069005  
    -0.0074316 -0.0080012 -0.0086109 -0.0092621 -0.0099562 -0.010695  
    -0.011481 -0.012315 -0.013199 -0.014135 -0.015125 -0.016171  
    -0.017275 -0.01844 -0.019667 -0.02096 -0.022319 -0.023749 -0.025251  
    -0.026828 -0.028472 -0.030132 -0.031745 -0.033244 -0.034565  
    -0.035663 -0.036482 -0.03688 -0.036775 -0.036381 
  P_OHM = 0.055383 0.055231 0.055149 0.056113 0.058167 0.060773  
    0.063274 0.065251 0.066778 0.068215 0.069739 0.071281 0.072767  
    0.07421 0.075608 0.076963 0.078278 0.079533 0.080711 0.081785  
    0.082744 0.083588 0.084311 0.084943 0.085479 0.08589 0.086181  
    0.08641 0.086528 0.086525 0.086417 0.086246 0.085957 0.085543  
    0.085037 0.084457 0.08376 0.082947 0.082002 0.080922 0.07974  
    0.078462 0.077076 0.075548 0.073939 0.072265 0.070528 0.06871  
    0.066833 0.06492 0.062976 0.061002 0.058964 0.056914 0.054865  
    0.052823 0.050789 0.048741 0.046714 0.044717 0.042754 0.040826  
    0.038909 0.037013 0.035167 0.033378 0.031647 0.029974 0.028349  
    0.026773 0.025262 0.023817 0.02244 0.02113 0.019884 0.018689  
    0.017548 0.016472 0.015462 0.014517 0.013634 0.012814 0.012055  
    0.011363 0.01074 0.010174 0.0096625 0.0092078 0.008813 0.0084833  
    0.0082266 0.0080546 0.0079866 0.0080504 0.0082976 0.0088048  
    0.009712 0.011369 0.014102 0.020147 0.030688 
  TORQUE_NB = 0.41778 0.4179 0.41796 0.41748 0.41661 0.41526 0.41284  
    0.40996 0.40666 0.40315 0.3994 0.39529 0.39087 0.38637 0.38155  
    0.37645 0.37086 0.36493 0.35881 0.3525 0.346 0.33938 0.33265  
    0.32592 0.31917 0.31238 0.30555 0.29851 0.29147 0.28446 0.27755  
    0.27092 0.26434 0.2578 0.25128 0.24475 0.23828 0.23191 0.2256  
    0.21936 0.21322 0.20716 0.2012 0.19535 0.1896 0.18393 0.17836  
    0.1729 0.16754 0.16227 0.15709 0.15199 0.14696 0.14202 0.13717  
    0.13241 0.12774 0.12323 0.1188 0.11446 0.1102 0.10602 0.10189  
    0.097806 0.093813 0.089911 0.0861 0.082379 0.078739 0.075178  
    0.071711 0.068338 0.06506 0.061878 0.058795 0.055814 0.052935  
    0.050155 0.047474 0.044892 0.042413 0.040036 0.037763 0.035589  
    0.033513 0.031535 0.029654 0.027868 0.026176 0.024578 0.023073  
    0.021657 0.02033 0.019071 0.017863 0.016703 0.015634 0.014792  
    0.014282 0.01378 0.012901 
  TORQUE_IN = 0.0 0.0 0.0 0.0 0.0 0.0 0.0 0.0 0.0 0.0 0.0 0.0 0.0 0.0  
    0.0 0.0 0.0 0.0 0.0 0.0 0.0 0.0 0.0 0.0 0.0 0.0 0.0 0.0 0.0 0.0 0.0  
    0.0 0.0 0.0 0.0 0.0 0.0 0.0 0.0 0.0 0.0 0.0 0.0 0.0 0.0 0.0 0.0 0.0  
    0.0 0.0 0.0 0.0 0.0 0.0 0.0 0.0 0.0 0.0 0.0 0.0 0.0 0.0 0.0 0.0 0.0  
    0.0 0.0 0.0 0.0 0.0 0.0 0.0 0.0 0.0 0.0 0.0 0.0 0.0 0.0 0.0 0.0 0.0  
    0.0 0.0 0.0 0.0 0.0 0.0 0.0 0.0 0.0 0.0 0.0 0.0 0.0 0.0 0.0 0.0 0.0  
    0.0 0.0 
  SE_IONIZATION = 0.0 0.0 0.0 0.0 0.0 0.0 0.0 0.0 0.0 0.0 0.0 0.0 0.0  
    0.0 0.0 0.0 0.0 0.0 0.0 0.0 0.0 0.0 0.0 0.0 0.0 0.0 0.0 0.0 0.0 0.0  
    0.0 0.0 0.0 0.0 0.0 0.0 0.0 0.0 0.0 0.0 0.0 0.0 0.0 0.0 0.0 0.0 0.0  
    0.0 0.0 0.0 0.0 0.0 0.0 0.0 0.0 0.0 0.0 0.0 0.0 0.0 0.0 0.0 0.0 0.0  
    0.0 0.0 0.0 0.0 0.0 0.0 0.0 0.0 0.0 0.0 0.0 0.0 0.0 0.0 0.0 0.0 0.0  
    0.0 0.0 0.0 0.0 0.0 0.0 0.0 0.0 0.0 0.0 0.0 0.0 0.0 0.0 0.0 0.0 0.0  
    0.0 0.0 0.0 
  SI_IONIZATION = 0.0 0.0 0.0 0.0 0.0 0.0 0.0 0.0 0.0 0.0 0.0 0.0 0.0  
    0.0 0.0 0.0 0.0 0.0 0.0 0.0 0.0 0.0 0.0 0.0 0.0 0.0 0.0 0.0 0.0 0.0  
    0.0 0.0 0.0 0.0 0.0 0.0 0.0 0.0 0.0 0.0 0.0 0.0 0.0 0.0 0.0 0.0 0.0  
    0.0 0.0 0.0 0.0 0.0 0.0 0.0 0.0 0.0 0.0 0.0 0.0 0.0 0.0 0.0 0.0 0.0  
    0.0 0.0 0.0 0.0 0.0 0.0 0.0 0.0 0.0 0.0 0.0 0.0 0.0 0.0 0.0 0.0 0.0  
    0.0 0.0 0.0 0.0 0.0 0.0 0.0 0.0 0.0 0.0 0.0 0.0 0.0 0.0 0.0 0.0 0.0  
    0.0 0.0 0.0 
  PE_IONIZATION = 0.0 0.0 0.0 0.0 0.0 0.0 0.0 0.0 0.0 0.0 0.0 0.0 0.0  
    0.0 0.0 0.0 0.0 0.0 0.0 0.0 0.0 0.0 0.0 0.0 0.0 0.0 0.0 0.0 0.0 0.0  
    0.0 0.0 0.0 0.0 0.0 0.0 0.0 0.0 0.0 0.0 0.0 0.0 0.0 0.0 0.0 0.0 0.0  
    0.0 0.0 0.0 0.0 0.0 0.0 0.0 0.0 0.0 0.0 0.0 0.0 0.0 0.0 0.0 0.0 0.0  
    0.0 0.0 0.0 0.0 0.0 0.0 0.0 0.0 0.0 0.0 0.0 0.0 0.0 0.0 0.0 0.0 0.0  
    0.0 0.0 0.0 0.0 0.0 0.0 0.0 0.0 0.0 0.0 0.0 0.0 0.0 0.0 0.0 0.0 0.0  
    0.0 0.0 0.0 
  PI_IONIZATION = 0.0 0.0 0.0 0.0 0.0 0.0 0.0 0.0 0.0 0.0 0.0 0.0 0.0  
    0.0 0.0 0.0 0.0 0.0 0.0 0.0 0.0 0.0 0.0 0.0 0.0 0.0 0.0 0.0 0.0 0.0  
    0.0 0.0 0.0 0.0 0.0 0.0 0.0 0.0 0.0 0.0 0.0 0.0 0.0 0.0 0.0 0.0 0.0  
    0.0 0.0 0.0 0.0 0.0 0.0 0.0 0.0 0.0 0.0 0.0 0.0 0.0 0.0 0.0 0.0 0.0  
    0.0 0.0 0.0 0.0 0.0 0.0 0.0 0.0 0.0 0.0 0.0 0.0 0.0 0.0 0.0 0.0 0.0  
    0.0 0.0 0.0 0.0 0.0 0.0 0.0 0.0 0.0 0.0 0.0 0.0 0.0 0.0 0.0 0.0 0.0  
    0.0 0.0 0.0 
  WBEAM = 186486.1725495 186545.3116733 186427.826426 185589.9148299  
    184351.3833409 182654.3568079 180547.2406032 178038.2891539  
    175143.8509 171881.5687275 168293.7972729 164409.399554  
    160276.535613 155910.4957 151363.4902874 146660.5620561  
    141852.951457 136975.8458219 132040.9545734 127086.4372534  
    122142.1508694 117221.495619 112352.8784421 107537.3426341  
    102810.7522819 98165.8039764 93637.3190231 89224.691886  
    84936.1663781 80778.1291303 76749.6203931 72850.5275167  
    69096.1820105 65478.0164757 62004.9937499 58670.0268382  
    55472.0802352 52409.152163 49476.230456 46671.4856667 43991.894807  
    41431.7143259 38990.443411 36661.4951439 34441.2838693 32326.823972  
    30314.074181 28398.426629 26578.141586 24848.614982 23206.4537362  
    21649.0078412 20172.6120042 18774.4893804 17451.6347369  
    16200.4255947 15018.8097557 13903.5239402 12852.1235278  
    11862.0069693 10930.7930024 10056.0640601 9235.3596484 8466.6284013  
    7747.2601086 7075.066408 6448.051048 5864.0336614 5321.2402423  
    4817.5712524 4351.0568563 3919.8329181 3522.1914842 3156.4958053  
    2820.7738342 2513.6514463 2233.2897936 1978.2178657 1746.7009009  
    1537.4162802 1348.7194219 1179.4056229 1027.8950631 892.6353  
    772.3352942 665.6053046 571.2751127 488.1476648 415.157866  
    351.2679417 295.5173736 247.0449801 204.8868266 168.0597884  
    135.7761064 107.50647 83.3422169 63.7019979 48.099928 33.6152218  
    19.2423834 
  WALPHA = 0.0 0.0 0.0 0.0 0.0 0.0 0.0 0.0 0.0 0.0 0.0 0.0 0.0 0.0 0.0  
    0.0 0.0 0.0 0.0 0.0 0.0 0.0 0.0 0.0 0.0 0.0 0.0 0.0 0.0 0.0 0.0 0.0  
    0.0 0.0 0.0 0.0 0.0 0.0 0.0 0.0 0.0 0.0 0.0 0.0 0.0 0.0 0.0 0.0 0.0  
    0.0 0.0 0.0 0.0 0.0 0.0 0.0 0.0 0.0 0.0 0.0 0.0 0.0 0.0 0.0 0.0 0.0  
    0.0 0.0 0.0 0.0 0.0 0.0 0.0 0.0 0.0 0.0 0.0 0.0 0.0 0.0 0.0 0.0 0.0  
    0.0 0.0 0.0 0.0 0.0 0.0 0.0 0.0 0.0 0.0 0.0 0.0 0.0 0.0 0.0 0.0 0.0  
    0.0 
  DENSITY_BEAM = 0.26239 0.26241 0.26227 0.26157 0.26056 0.25919  
    0.25752 0.25552 0.25322 0.2506 0.2477 0.24454 0.24115 0.23753  
    0.23373 0.22976 0.22566 0.22146 0.21716 0.21278 0.20836 0.20389  
    0.1994 0.19488 0.19036 0.18583 0.18133 0.17686 0.17242 0.16802  
    0.16365 0.15932 0.15505 0.15083 0.14668 0.14259 0.13856 0.1346  
    0.1307 0.12687 0.1231 0.11939 0.11575 0.11217 0.10865 0.10519  
    0.10179 0.098447 0.095164 0.091938 0.088768 0.085655 0.082597  
    0.079594 0.076646 0.073751 0.070909 0.06812 0.065384 0.0627  
    0.060069 0.057491 0.054966 0.052495 0.050077 0.047712 0.045401  
    0.043144 0.040942 0.038795 0.036703 0.034667 0.032688 0.030767  
    0.028903 0.027099 0.025354 0.02367 0.022046 0.020485 0.018985  
    0.017549 0.016176 0.014864 0.013613 0.012421 0.011288 0.010212  
    0.0091917 0.0082257 0.0073123 0.0064501 0.0056355 0.0048624  
    0.0041269 0.0034276 0.002777 0.002196 0.0016886 0.0011973 0.0007081 
  DENSITY_ALPHA = 0.0 0.0 0.0 0.0 0.0 0.0 0.0 0.0 0.0 0.0 0.0 0.0 0.0  
    0.0 0.0 0.0 0.0 0.0 0.0 0.0 0.0 0.0 0.0 0.0 0.0 0.0 0.0 0.0 0.0 0.0  
    0.0 0.0 0.0 0.0 0.0 0.0 0.0 0.0 0.0 0.0 0.0 0.0 0.0 0.0 0.0 0.0 0.0  
    0.0 0.0 0.0 0.0 0.0 0.0 0.0 0.0 0.0 0.0 0.0 0.0 0.0 0.0 0.0 0.0 0.0  
    0.0 0.0 0.0 0.0 0.0 0.0 0.0 0.0 0.0 0.0 0.0 0.0 0.0 0.0 0.0 0.0 0.0  
    0.0 0.0 0.0 0.0 0.0 0.0 0.0 0.0 0.0 0.0 0.0 0.0 0.0 0.0 0.0 0.0 0.0  
    0.0 0.0 0.0 
  CHIE = 0.17877 0.18385 0.18992 0.19724 0.20602 0.21612 0.2273 0.23936  
    0.25223 0.26608 0.2811 0.29746 0.31532 0.3349 0.35644 0.38017  
    0.40649 0.43596 0.46866 0.50296 0.53831 0.57442 0.6112 0.6487  
    0.6869 0.72578 0.7653 0.80547 0.84629 0.88777 0.92992 0.97273  
    1.0162 1.0603 1.1052 1.1507 1.1969 1.2439 1.2914 1.3397 1.3887  
    1.4383 1.4886 1.5396 1.5912 1.6435 1.6965 1.7502 1.8046 1.8596  
    1.9154 1.972 2.0294 2.0875 2.1465 2.2063 2.2672 2.3289 2.3917  
    2.4555 2.5205 2.5867 2.6543 2.7233 2.7937 2.8658 2.9397 3.0155  
    3.0935 3.1736 3.2563 3.3416 3.4298 3.5212 3.616 3.7146 3.8173  
    3.9246 4.0368 4.1546 4.2783 4.4088 4.5468 4.693 4.8485 5.0145  
    5.1924 5.3838 5.5908 5.8159 6.0622 6.3339 6.6363 6.9766 7.3652  
    7.816 8.3594 9.004 9.9359 11.577 0.0 
  CHII = 0.2879 0.29434 0.3012 0.30806 0.31513 0.32243 0.33 0.33783  
    0.34596 0.35441 0.36321 0.3724 0.38205 0.39222 0.40295 0.41432  
    0.42644 0.43939 0.45327 0.46823 0.48442 0.50198 0.52111 0.54201  
    0.56494 0.59018 0.61808 0.64905 0.6831 0.71868 0.75537 0.79319  
    0.83217 0.87238 0.91384 0.9566 1.0007 1.0462 1.0931 1.1415 1.1913  
    1.2428 1.2958 1.3505 1.4069 1.465 1.5249 1.5865 1.65 1.7155 1.7828  
    1.8521 1.9234 1.9966 2.0718 2.1491 2.2284 2.3097 2.393 2.4783  
    2.5656 2.6549 2.746 2.8389 2.9336 3.0299 3.1278 3.2272 3.3278  
    3.4295 3.5321 3.6353 3.7388 3.8424 3.9456 4.048 4.1491 4.2482  
    4.3448 4.4379 4.5266 4.6098 4.6861 4.7539 4.8111 4.8553 4.8835  
    4.8918 4.8754 4.8279 4.7414 4.6054 4.4053 4.1223 3.7255 3.1697  
    2.3918 1.2795 -0.3614 -3.0965 0.0 
  NBDRY = 85 
  RBDRY = 127.57 117.97 216.85 115.84 205.41 147.44 119.63 225.59  
    225.57 203.05 124.92 218.34 212.63 161.22 199.29 220.99 145.43  
    175.49 221.58 117.21 168.56 200.58 208.7 122.59 225.49 159.31  
    195.29 178.79 225.27 166.77 163.1 143.43 191.06 177.15 224.76  
    112.62 216.06 223.18 207.63 130.57 219.72 182.0 133.91 201.83  
    225.54 173.8 192.49 224.43 155.43 193.9 222.15 225.35 120.55 222.68  
    114.65 149.46 164.95 215.25 225.43 180.41 126.2 183.56 210.73  
    186.63 137.57 123.71 132.2 211.69 223.64 224.06 213.53 220.37  
    225.04 121.54 135.71 219.04 114.1 170.34 188.13 185.11 197.98  
    129.03 204.25 113.09 217.61 
  ZBDRY = -91.699 -76.844 -38.706 -71.287 -59.834 -99.456 -80.438  
    -1.9412 0.057138 -63.088 -88.774 -34.988 -47.796 -96.675 -67.794  
    -27.433 -99.434 -89.252 -25.521 -75.011 -93.358 -66.251 -54.79  
    -85.58 2.0539 -97.335 -72.292 -86.955 -7.9273 -94.265 -95.94  
    -99.282 -76.583 -88.119 -11.894 -59.799 -40.549 -19.734 -56.493  
    -94.276 -31.23 -84.52 -96.409 -64.681 -3.9393 -90.351 -75.172  
    -13.866 -98.418 -73.742 -23.601 4.047 -82.189 -21.672 -67.5 -99.357  
    -95.13 -42.381 -5.9352 -85.754 -90.279 -83.264 -51.329 -80.664  
    -97.988 -87.205 -95.41 -49.57 -17.787 -15.83 -46.004 -29.336  
    -9.9139 -83.904 -97.269 -33.114 -65.586 -92.403 -79.326 -81.979  
    -69.313 -93.032 -61.473 -61.734 -36.852 
  NLIM = 5 
  RLIM = 226.09 112.12 112.12 226.09 226.09 
  ZLIM = 6.5343 6.5343 -99.956 -99.956 6.5343 
  SHOT_ID = '150146' 
  TIME_ID = '20800' 
  J_RF = 0.0 0.0 0.0 0.0 0.0 0.0 0.0 0.0 0.0 0.0 0.0 0.0 0.0 0.0 0.0  
    0.0 0.0 0.0 0.0 0.0 0.0 0.0 0.0 0.0 0.0 0.0 0.0 0.0 0.0 0.0 0.0 0.0  
    0.0 0.0 0.0 0.0 0.0 0.0 0.0 0.0 0.0 0.0 0.0 0.0 0.0 0.0 0.0 0.0 0.0  
    0.0 0.0 0.0 0.0 0.0 0.0 0.0 0.0 0.0 0.0 0.0 0.0 0.0 0.0 0.0 0.0 0.0  
    0.0 0.0 0.0 0.0 0.0 0.0 0.0 0.0 0.0 0.0 0.0 0.0 0.0 0.0 0.0 0.0 0.0  
    0.0 0.0 0.0 0.0 0.0 0.0 0.0 0.0 0.0 0.0 0.0 0.0 0.0 0.0 0.0 0.0 0.0  
    0.0 
  PE_RF = 0.0 0.0 0.0 0.0 0.0 0.0 0.0 0.0 0.0 0.0 0.0 0.0 0.0 0.0 0.0  
    0.0 0.0 0.0 0.0 0.0 0.0 0.0 0.0 0.0 0.0 0.0 0.0 0.0 0.0 0.0 0.0 0.0  
    0.0 0.0 0.0 0.0 0.0 0.0 0.0 0.0 0.0 0.0 0.0 0.0 0.0 0.0 0.0 0.0 0.0  
    0.0 0.0 0.0 0.0 0.0 0.0 0.0 0.0 0.0 0.0 0.0 0.0 0.0 0.0 0.0 0.0 0.0  
    0.0 0.0 0.0 0.0 0.0 0.0 0.0 0.0 0.0 0.0 0.0 0.0 0.0 0.0 0.0 0.0 0.0  
    0.0 0.0 0.0 0.0 0.0 0.0 0.0 0.0 0.0 0.0 0.0 0.0 0.0 0.0 0.0 0.0 0.0  
    0.0 
  PI_RF = 0.0 0.0 0.0 0.0 0.0 0.0 0.0 0.0 0.0 0.0 0.0 0.0 0.0 0.0 0.0  
    0.0 0.0 0.0 0.0 0.0 0.0 0.0 0.0 0.0 0.0 0.0 0.0 0.0 0.0 0.0 0.0 0.0  
    0.0 0.0 0.0 0.0 0.0 0.0 0.0 0.0 0.0 0.0 0.0 0.0 0.0 0.0 0.0 0.0 0.0  
    0.0 0.0 0.0 0.0 0.0 0.0 0.0 0.0 0.0 0.0 0.0 0.0 0.0 0.0 0.0 0.0 0.0  
    0.0 0.0 0.0 0.0 0.0 0.0 0.0 0.0 0.0 0.0 0.0 0.0 0.0 0.0 0.0 0.0 0.0  
    0.0 0.0 0.0 0.0 0.0 0.0 0.0 0.0 0.0 0.0 0.0 0.0 0.0 0.0 0.0 0.0 0.0  
    0.0 
/

