&INSTATE
  TOKAMAK_ID = 'd3d' 
  MODEL_SHAPE = 0 
  DENSITY_MODEL = 0 
  R0 = 1.6955 
  B0 = 1.1323 
  IP = 0.80255 
  KAPPA = 1.7247 
  DELTA = 0.18051 
  ASPECT = 0.3712722 
  RMAJOR = 1.6955 
  AMINOR = 0.629492 
  N_ION = 1 
  Z_ION = 1 
  A_ION = 2 
  F_ION = 1 
  N_IMP = 1 
  Z_IMP = 6 
  A_IMP = 12 
  F_IMP = 1 
  N_MIN = 0 
  Z_MIN = 1 
  A_MIN = 1 
  N_BEAM = 1 
  Z_BEAM = 1 
  A_BEAM = 2 
  N_FUSION = 1 
  Z_FUSION = 2 
  A_FUSION = 4 
  RHO = 0.0 0.02 0.04 0.06 0.08 0.1 0.12 0.14 0.16 0.18 0.2 0.22 0.24  
    0.26 0.28 0.3 0.32 0.34 0.36 0.38 0.4 0.42 0.44 0.46 0.48 0.5 0.52  
    0.54 0.56 0.58 0.6 0.62 0.64 0.66 0.68 0.7 0.72 0.74 0.76 0.78 0.8  
    0.82 0.84 0.86 0.88 0.9 0.92 0.94 0.96 0.98 1.0 
  NRHO = 51 
  PSIPOL = -0.16488 -0.16471 -0.16421 -0.16337 -0.1622 -0.16073  
    -0.15895 -0.15686 -0.15447 -0.15176 -0.14874 -0.14542 -0.14179  
    -0.13784 -0.1336 -0.12904 -0.1242 -0.11906 -0.11366 -0.10802  
    -0.10216 -0.096115 -0.089932 -0.083643 -0.077285 -0.070889  
    -0.064483 -0.05809 -0.05173 -0.045419 -0.03917 -0.032996 -0.026907  
    -0.020911 -0.015016 -0.0092303 -0.0035589 0.0019919 0.0074165  
    0.012709 0.017865 0.022877 0.02774 0.032446 0.036985 0.041349  
    0.045521 0.04948 0.053226 0.056577 0.058946 
  RHOPSI = 0.0 0.1414214 0.2 0.244949 0.2828427 0.3162278 0.3464102  
    0.3741657 0.4 0.4242641 0.4472136 0.4690416 0.4898979 0.509902  
    0.5291503 0.5477226 0.5656854 0.5830952 0.6 0.6164414 0.6324555  
    0.6480741 0.663325 0.678233 0.6928203 0.7071068 0.7211103 0.7348469  
    0.7483315 0.7615773 0.7745967 0.7874008 0.8 0.8124038 0.8246211  
    0.83666 0.8485281 0.8602325 0.8717798 0.8831761 0.8944272 0.9055385  
    0.9165151 0.9273618 0.9380832 0.9486833 0.9591663 0.969536  
    0.9797959 0.9899495 1.0 
  Q = 0.91303 0.91075 0.90391 0.90738 0.92089 0.93582 0.94564 0.95107  
    0.95483 0.95801 0.96063 0.96278 0.96465 0.96655 0.96869 0.97152  
    0.97571 0.98195 0.99119 1.0043 1.0219 1.0446 1.0727 1.1062 1.1447  
    1.1882 1.2362 1.2885 1.345 1.4055 1.4702 1.539 1.6121 1.6898 1.7723  
    1.86 1.9533 2.0527 2.1589 2.2727 2.3952 2.5278 2.6722 2.8312 3.0082  
    3.2071 3.4406 3.7213 4.0094 4.8825 9.0486 
  NE = 3.0068 3.0053 3.0007 2.9932 2.9829 2.9699 2.9544 2.9365 2.9163  
    2.8939 2.8695 2.8431 2.8149 2.785 2.7536 2.7208 2.6866 2.6512  
    2.6148 2.5774 2.5392 2.5003 2.4609 2.4209 2.3807 2.3402 2.2996  
    2.2591 2.2188 2.1787 2.139 2.0998 2.0605 2.0206 1.9796 1.9369  
    1.8919 1.8442 1.793 1.7379 1.6784 1.6138 1.5436 1.4673 1.3842  
    1.2939 1.1958 1.0893 0.97398 0.85158 0.72562 
  TE = 1.1307 1.1294 1.1255 1.1193 1.1107 1.1 1.0871 1.0723 1.0556  
    1.0371 1.017 0.99531 0.97221 0.94778 0.92214 0.89538 0.86764 0.839  
    0.80959 0.77951 0.74887 0.71778 0.68635 0.65469 0.62291 0.59112  
    0.55943 0.52794 0.49677 0.46603 0.43583 0.40626 0.37746 0.34952  
    0.32255 0.29667 0.27197 0.24858 0.2265 0.20564 0.18589 0.16715  
    0.14933 0.13231 0.11601 0.10032 0.085127 0.070343 0.055864 0.041587  
    0.027412 
  TI = 0.92292 0.92151 0.91739 0.91072 0.90165 0.89034 0.87694 0.86161  
    0.84452 0.8258 0.80563 0.78416 0.76154 0.73793 0.71349 0.68837  
    0.66273 0.63673 0.61052 0.58426 0.55811 0.53222 0.50675 0.48186  
    0.4577 0.43442 0.41216 0.3909 0.37061 0.35123 0.33273 0.31507  
    0.29821 0.28209 0.26669 0.25195 0.23784 0.22432 0.21134 0.19886  
    0.18685 0.17525 0.16403 0.15314 0.14254 0.1322 0.12206 0.11209  
    0.10225 0.092489 0.082771 
  ZEFF = 1.4028 1.4022 1.4007 1.3983 1.3951 1.3912 1.3867 1.3817 1.3762  
    1.3704 1.3643 1.3581 1.3519 1.3456 1.3395 1.3336 1.3281 1.3229  
    1.3182 1.3141 1.3106 1.3077 1.3054 1.3034 1.3018 1.3004 1.2992  
    1.2981 1.297 1.2959 1.2945 1.2929 1.291 1.2887 1.2858 1.2824 1.2783  
    1.2735 1.2679 1.2613 1.2537 1.2451 1.2354 1.2246 1.2131 1.2008  
    1.1878 1.1744 1.1606 1.1466 1.1325 
  P_EQ = 9581.6797225 9564.6560463 9513.9816864 9432.3902223  
    9320.8702963 9181.8872137 9016.9221903 8828.7096042 8619.0675343  
    8389.6009984 8143.447923 7881.7487033 7607.383689 7322.1260559  
    7028.2944862 6727.8203319 6422.5958799 6114.5840273 5805.830465  
    5497.8467065 5192.5478094 4891.3867529 4596.2053424 4307.979205  
    4028.4771109 3758.512517 3499.2148385 3250.9972958 3014.0819457  
    2788.5397484 2574.4205716 2371.7170914 2179.8762897 1998.1181852  
    1826.0803777 1663.4444869 1509.823668 1365.2156547 1229.0269153  
    1100.6947293 979.6102136 865.480024 757.7532601 656.1656567  
    560.6333734 471.163615 387.7729025 310.7335953 240.4625904  
    178.0584461 124.7393081 
  OMEGA = 0.0 0.0 0.0 0.0 0.0 0.0 0.0 0.0 0.0 0.0 0.0 0.0 0.0 0.0 0.0  
    0.0 0.0 0.0 0.0 0.0 0.0 0.0 0.0 0.0 0.0 0.0 0.0 0.0 0.0 0.0 0.0 0.0  
    0.0 0.0 0.0 0.0 0.0 0.0 0.0 0.0 0.0 0.0 0.0 0.0 0.0 0.0 0.0 0.0 0.0  
    0.0 0.0 
  PPRIME = 0.0 0.0 0.0 0.0 0.0 0.0 0.0 0.0 0.0 0.0 0.0 0.0 0.0 0.0 0.0  
    0.0 0.0 0.0 0.0 0.0 0.0 0.0 0.0 0.0 0.0 0.0 0.0 0.0 0.0 0.0 0.0 0.0  
    0.0 0.0 0.0 0.0 0.0 0.0 0.0 0.0 0.0 0.0 0.0 0.0 0.0 0.0 0.0 0.0 0.0  
    0.0 0.0 
  FFPRIME = 0.0 0.0 0.0 0.0 0.0 0.0 0.0 0.0 0.0 0.0 0.0 0.0 0.0 0.0 0.0  
    0.0 0.0 0.0 0.0 0.0 0.0 0.0 0.0 0.0 0.0 0.0 0.0 0.0 0.0 0.0 0.0 0.0  
    0.0 0.0 0.0 0.0 0.0 0.0 0.0 0.0 0.0 0.0 0.0 0.0 0.0 0.0 0.0 0.0 0.0  
    0.0 0.0 
  J_OH = 1.1978 1.1998 1.1937 1.1631 1.124 1.1004 1.0947 1.0942 1.0923  
    1.091 1.0912 1.0921 1.0934 1.0942 1.0926 1.0859 1.0713 1.0457 1.007  
    0.95487 0.89106 0.81945 0.74499 0.67241 0.60516 0.545 0.49228  
    0.4465 0.40668 0.3718 0.341 0.31359 0.28905 0.26699 0.24708 0.22904  
    0.21263 0.19762 0.18371 0.1706 0.15801 0.14567 0.13333 0.1208  
    0.10789 0.094476 0.080507 0.06596 0.051052 0.036208 0.021653 
  J_BS = 0.0 0.0008029 0.0044321 0.011587 0.020294 0.028476 0.033675  
    0.035924 0.037361 0.038325 0.038853 0.039042 0.038938 0.038586  
    0.038039 0.037345 0.03655 0.035698 0.034833 0.033986 0.033177  
    0.03241 0.031682 0.030976 0.030268 0.029536 0.028774 0.027978  
    0.027137 0.026239 0.025285 0.024311 0.023339 0.022343 0.021293  
    0.020162 0.018931 0.017612 0.016241 0.014834 0.013397 0.011936  
    0.010443 0.0089243 0.0073969 0.0058866 0.0044283 0.003071 0.0018727  
    0.0008997 5.8e-05 
  J_NB = 0.0 0.0 0.0 0.0 0.0 0.0 0.0 0.0 0.0 0.0 0.0 0.0 0.0 0.0 0.0  
    0.0 0.0 0.0 0.0 0.0 0.0 0.0 0.0 0.0 0.0 0.0 0.0 0.0 0.0 0.0 0.0 0.0  
    0.0 0.0 0.0 0.0 0.0 0.0 0.0 0.0 0.0 0.0 0.0 0.0 0.0 0.0 0.0 0.0 0.0  
    0.0 0.0 
  J_EC = 0.0 0.0 0.0 0.0 0.0 0.0 0.0 0.0 0.0 0.0 0.0 0.0 0.0 0.0 0.0  
    0.0 0.0 0.0 0.0 0.0 0.0 0.0 0.0 0.0 0.0 0.0 0.0 0.0 0.0 0.0 0.0 0.0  
    0.0 0.0 0.0 0.0 0.0 0.0 0.0 0.0 0.0 0.0 0.0 0.0 0.0 0.0 0.0 0.0 0.0  
    0.0 0.0 
  J_IC = 0.0 0.0 0.0 0.0 0.0 0.0 0.0 0.0 0.0 0.0 0.0 0.0 0.0 0.0 0.0  
    0.0 0.0 0.0 0.0 0.0 0.0 0.0 0.0 0.0 0.0 0.0 0.0 0.0 0.0 0.0 0.0 0.0  
    0.0 0.0 0.0 0.0 0.0 0.0 0.0 0.0 0.0 0.0 0.0 0.0 0.0 0.0 0.0 0.0 0.0  
    0.0 0.0 
  J_LH = 0.0 0.0 0.0 0.0 0.0 0.0 0.0 0.0 0.0 0.0 0.0 0.0 0.0 0.0 0.0  
    0.0 0.0 0.0 0.0 0.0 0.0 0.0 0.0 0.0 0.0 0.0 0.0 0.0 0.0 0.0 0.0 0.0  
    0.0 0.0 0.0 0.0 0.0 0.0 0.0 0.0 0.0 0.0 0.0 0.0 0.0 0.0 0.0 0.0 0.0  
    0.0 0.0 
  J_HC = 0.0 0.0 0.0 0.0 0.0 0.0 0.0 0.0 0.0 0.0 0.0 0.0 0.0 0.0 0.0  
    0.0 0.0 0.0 0.0 0.0 0.0 0.0 0.0 0.0 0.0 0.0 0.0 0.0 0.0 0.0 0.0 0.0  
    0.0 0.0 0.0 0.0 0.0 0.0 0.0 0.0 0.0 0.0 0.0 0.0 0.0 0.0 0.0 0.0 0.0  
    0.0 0.0 
  J_TOT = 1.2028 1.2053 1.2023 1.178 1.1469 1.1311 1.1304 1.1321 1.1317  
    1.1315 1.1322 1.1333 1.1344 1.1345 1.1316 1.1233 1.1068 1.0792  
    1.0388 0.98539 0.92093 0.84924 0.77502 0.70272 0.63555 0.57515  
    0.52188 0.47531 0.43454 0.39861 0.36671 0.33819 0.31258 0.28946  
    0.26845 0.24925 0.23159 0.21524 0.19995 0.18544 0.17141 0.1576  
    0.14378 0.12972 0.11528 0.10036 0.084934 0.06903 0.052924 0.037107  
    0.02171 
  P_EI = 0.029215 0.029248 0.029343 0.029493 0.029691 0.029931 0.030206  
    0.030512 0.030843 0.031194 0.03156 0.031935 0.032315 0.032693  
    0.033064 0.033422 0.03376 0.03407 0.034344 0.034571 0.03474  
    0.034838 0.034847 0.034747 0.034514 0.034118 0.033526 0.032733  
    0.031737 0.030531 0.029108 0.027454 0.025543 0.023347 0.020841  
    0.018013 0.014867 0.011429 0.0077188 0.0037236 -0.0005692  
    -0.0051726 -0.010102 -0.015383 -0.021062 -0.02723 -0.034068  
    -0.041953 -0.051774 -0.066272 -0.095376 
  SE_NB = 0.0 0.0 0.0 0.0 0.0 0.0 0.0 0.0 0.0 0.0 0.0 0.0 0.0 0.0 0.0  
    0.0 0.0 0.0 0.0 0.0 0.0 0.0 0.0 0.0 0.0 0.0 0.0 0.0 0.0 0.0 0.0 0.0  
    0.0 0.0 0.0 0.0 0.0 0.0 0.0 0.0 0.0 0.0 0.0 0.0 0.0 0.0 0.0 0.0 0.0  
    0.0 0.0 
  PE_NB = 0.0 0.0 0.0 0.0 0.0 0.0 0.0 0.0 0.0 0.0 0.0 0.0 0.0 0.0 0.0  
    0.0 0.0 0.0 0.0 0.0 0.0 0.0 0.0 0.0 0.0 0.0 0.0 0.0 0.0 0.0 0.0 0.0  
    0.0 0.0 0.0 0.0 0.0 0.0 0.0 0.0 0.0 0.0 0.0 0.0 0.0 0.0 0.0 0.0 0.0  
    0.0 0.0 
  PE_EC = 0.0 0.0 0.0 0.0 0.0 0.0 0.0 0.0 0.0 0.0 0.0 0.0 0.0 0.0 0.0  
    0.0 0.0 0.0 0.0 0.0 0.0 0.0 0.0 0.0 0.0 0.0 0.0 0.0 0.0 0.0 0.0 0.0  
    0.0 0.0 0.0 0.0 0.0 0.0 0.0 0.0 0.0 0.0 0.0 0.0 0.0 0.0 0.0 0.0 0.0  
    0.0 0.0 
  PE_IC = 0.0 0.0 0.0 0.0 0.0 0.0 0.0 0.0 0.0 0.0 0.0 0.0 0.0 0.0 0.0  
    0.0 0.0 0.0 0.0 0.0 0.0 0.0 0.0 0.0 0.0 0.0 0.0 0.0 0.0 0.0 0.0 0.0  
    0.0 0.0 0.0 0.0 0.0 0.0 0.0 0.0 0.0 0.0 0.0 0.0 0.0 0.0 0.0 0.0 0.0  
    0.0 0.0 
  PE_LH = 0.0 0.0 0.0 0.0 0.0 0.0 0.0 0.0 0.0 0.0 0.0 0.0 0.0 0.0 0.0  
    0.0 0.0 0.0 0.0 0.0 0.0 0.0 0.0 0.0 0.0 0.0 0.0 0.0 0.0 0.0 0.0 0.0  
    0.0 0.0 0.0 0.0 0.0 0.0 0.0 0.0 0.0 0.0 0.0 0.0 0.0 0.0 0.0 0.0 0.0  
    0.0 0.0 
  PE_HC = 0.0 0.0 0.0 0.0 0.0 0.0 0.0 0.0 0.0 0.0 0.0 0.0 0.0 0.0 0.0  
    0.0 0.0 0.0 0.0 0.0 0.0 0.0 0.0 0.0 0.0 0.0 0.0 0.0 0.0 0.0 0.0 0.0  
    0.0 0.0 0.0 0.0 0.0 0.0 0.0 0.0 0.0 0.0 0.0 0.0 0.0 0.0 0.0 0.0 0.0  
    0.0 0.0 
  SI_NB = 0.0 0.0 0.0 0.0 0.0 0.0 0.0 0.0 0.0 0.0 0.0 0.0 0.0 0.0 0.0  
    0.0 0.0 0.0 0.0 0.0 0.0 0.0 0.0 0.0 0.0 0.0 0.0 0.0 0.0 0.0 0.0 0.0  
    0.0 0.0 0.0 0.0 0.0 0.0 0.0 0.0 0.0 0.0 0.0 0.0 0.0 0.0 0.0 0.0 0.0  
    0.0 0.0 
  PI_NB = 0.0 0.0 0.0 0.0 0.0 0.0 0.0 0.0 0.0 0.0 0.0 0.0 0.0 0.0 0.0  
    0.0 0.0 0.0 0.0 0.0 0.0 0.0 0.0 0.0 0.0 0.0 0.0 0.0 0.0 0.0 0.0 0.0  
    0.0 0.0 0.0 0.0 0.0 0.0 0.0 0.0 0.0 0.0 0.0 0.0 0.0 0.0 0.0 0.0 0.0  
    0.0 0.0 
  PI_EC = 0.0 0.0 0.0 0.0 0.0 0.0 0.0 0.0 0.0 0.0 0.0 0.0 0.0 0.0 0.0  
    0.0 0.0 0.0 0.0 0.0 0.0 0.0 0.0 0.0 0.0 0.0 0.0 0.0 0.0 0.0 0.0 0.0  
    0.0 0.0 0.0 0.0 0.0 0.0 0.0 0.0 0.0 0.0 0.0 0.0 0.0 0.0 0.0 0.0 0.0  
    0.0 0.0 
  PI_IC = 0.0 0.0 0.0 0.0 0.0 0.0 0.0 0.0 0.0 0.0 0.0 0.0 0.0 0.0 0.0  
    0.0 0.0 0.0 0.0 0.0 0.0 0.0 0.0 0.0 0.0 0.0 0.0 0.0 0.0 0.0 0.0 0.0  
    0.0 0.0 0.0 0.0 0.0 0.0 0.0 0.0 0.0 0.0 0.0 0.0 0.0 0.0 0.0 0.0 0.0  
    0.0 0.0 
  PI_LH = 0.0 0.0 0.0 0.0 0.0 0.0 0.0 0.0 0.0 0.0 0.0 0.0 0.0 0.0 0.0  
    0.0 0.0 0.0 0.0 0.0 0.0 0.0 0.0 0.0 0.0 0.0 0.0 0.0 0.0 0.0 0.0 0.0  
    0.0 0.0 0.0 0.0 0.0 0.0 0.0 0.0 0.0 0.0 0.0 0.0 0.0 0.0 0.0 0.0 0.0  
    0.0 0.0 
  PI_HC = 0.0 0.0 0.0 0.0 0.0 0.0 0.0 0.0 0.0 0.0 0.0 0.0 0.0 0.0 0.0  
    0.0 0.0 0.0 0.0 0.0 0.0 0.0 0.0 0.0 0.0 0.0 0.0 0.0 0.0 0.0 0.0 0.0  
    0.0 0.0 0.0 0.0 0.0 0.0 0.0 0.0 0.0 0.0 0.0 0.0 0.0 0.0 0.0 0.0 0.0  
    0.0 0.0 
  PI_CX = -4.82e-05 -4.66e-05 -4.7e-05 -4.73e-05 -4.82e-05 -4.94e-05  
    -5.09e-05 -5.27e-05 -5.49e-05 -5.75e-05 -6.05e-05 -6.39e-05  
    -6.76e-05 -7.18e-05 -7.63e-05 -8.13e-05 -8.65e-05 -9.21e-05  
    -9.8e-05 -0.0001042 -0.0001108 -0.0001177 -0.0001249 -0.0001325  
    -0.0001406 -0.0001495 -0.0001596 -0.0001711 -0.0001842 -0.0001994  
    -0.0002171 -0.0002382 -0.0002637 -0.0002951 -0.0003343 -0.0003842  
    -0.0004489 -0.0005346 -0.0006493 -0.0008045 -0.0010155 -0.0013045  
    -0.0016989 -0.0022351 -0.0029555 -0.0038917 -0.0050616 -0.0065169  
    -0.0083006 -0.010078 -0.01395 
  PI_FUS = 0.0 0.0 0.0 0.0 0.0 0.0 0.0 0.0 0.0 0.0 0.0 0.0 0.0 0.0 0.0  
    0.0 0.0 0.0 0.0 0.0 0.0 0.0 0.0 0.0 0.0 0.0 0.0 0.0 0.0 0.0 0.0 0.0  
    0.0 0.0 0.0 0.0 0.0 0.0 0.0 0.0 0.0 0.0 0.0 0.0 0.0 0.0 0.0 0.0 0.0  
    0.0 0.0 
  PE_FUS = 0.0 0.0 0.0 0.0 0.0 0.0 0.0 0.0 0.0 0.0 0.0 0.0 0.0 0.0 0.0  
    0.0 0.0 0.0 0.0 0.0 0.0 0.0 0.0 0.0 0.0 0.0 0.0 0.0 0.0 0.0 0.0 0.0  
    0.0 0.0 0.0 0.0 0.0 0.0 0.0 0.0 0.0 0.0 0.0 0.0 0.0 0.0 0.0 0.0 0.0  
    0.0 0.0 
  P_RAD = -0.0050068 -0.0050174 -0.0050465 -0.0050904 -0.0051452  
    -0.0052071 -0.0052732 -0.0053444 -0.0054227 -0.0055098 -0.0056076  
    -0.0057172 -0.0058357 -0.0059595 -0.006085 -0.0062084 -0.0063274  
    -0.0064438 -0.0065608 -0.0066816 -0.0068093 -0.0069457 -0.0070881  
    -0.0072324 -0.0073745 -0.0075102 -0.0076368 -0.0077567 -0.0078732  
    -0.0079902 -0.008111 -0.0082379 -0.0083668 -0.0084924 -0.0086092  
    -0.0087118 -0.0087972 -0.0088714 -0.008943 -0.0090205 -0.0091124  
    -0.0092209 -0.0093237 -0.0093923 -0.0093982 -0.0093127 -0.009116  
    -0.0088235 -0.0084591 -0.0080467 -0.0076103 
  P_OHM = 0.045411 0.046463 0.047783 0.049076 0.050518 0.052753  
    0.055787 0.059118 0.06257 0.066306 0.070433 0.074974 0.07993  
    0.08521 0.090569 0.095573 0.099602 0.1019 0.1018 0.098937 0.093475  
    0.0861 0.07779 0.069495 0.061886 0.050917 0.045366 0.040757  
    0.036912 0.033659 0.030859 0.028409 0.026237 0.02429 0.022528  
    0.020921 0.019443 0.018074 0.016793 0.015576 0.014399 0.01324  
    0.01208 0.010899 0.0096864 0.0084328 0.0071367 0.0058004 0.0044471  
    0.003118 0.0018243 
  TORQUE_NB = 0.0 0.0 0.0 0.0 0.0 0.0 0.0 0.0 0.0 0.0 0.0 0.0 0.0 0.0  
    0.0 0.0 0.0 0.0 0.0 0.0 0.0 0.0 0.0 0.0 0.0 0.0 0.0 0.0 0.0 0.0 0.0  
    0.0 0.0 0.0 0.0 0.0 0.0 0.0 0.0 0.0 0.0 0.0 0.0 0.0 0.0 0.0 0.0 0.0  
    0.0 0.0 0.0 
  TORQUE_IN = 0.0 0.0 0.0 0.0 0.0 0.0 0.0 0.0 0.0 0.0 0.0 0.0 0.0 0.0  
    0.0 0.0 0.0 0.0 0.0 0.0 0.0 0.0 0.0 0.0 0.0 0.0 0.0 0.0 0.0 0.0 0.0  
    0.0 0.0 0.0 0.0 0.0 0.0 0.0 0.0 0.0 0.0 0.0 0.0 0.0 0.0 0.0 0.0 0.0  
    0.0 0.0 0.0 
  SE_IONIZATION = 0.0 0.0 0.0 0.0 0.0 0.0 0.0 0.0 0.0 0.0 0.0 0.0 0.0  
    0.0 0.0 0.0 0.0 0.0 0.0 0.0 0.0 0.0 0.0 0.0 0.0 0.0 0.0 0.0 0.0 0.0  
    0.0 0.0 0.0 0.0 0.0 0.0 0.0 0.0 0.0 0.0 0.0 0.0 0.0 0.0 0.0 0.0 0.0  
    0.0 0.0 0.0 0.0 
  SI_IONIZATION = 0.0 0.0 0.0 0.0 0.0 0.0 0.0 0.0 0.0 0.0 0.0 0.0 0.0  
    0.0 0.0 0.0 0.0 0.0 0.0 0.0 0.0 0.0 0.0 0.0 0.0 0.0 0.0 0.0 0.0 0.0  
    0.0 0.0 0.0 0.0 0.0 0.0 0.0 0.0 0.0 0.0 0.0 0.0 0.0 0.0 0.0 0.0 0.0  
    0.0 0.0 0.0 0.0 
  PE_IONIZATION = 0.0 0.0 0.0 0.0 0.0 0.0 0.0 0.0 0.0 0.0 0.0 0.0 0.0  
    0.0 0.0 0.0 0.0 0.0 0.0 0.0 0.0 0.0 0.0 0.0 0.0 0.0 0.0 0.0 0.0 0.0  
    0.0 0.0 0.0 0.0 0.0 0.0 0.0 0.0 0.0 0.0 0.0 0.0 0.0 0.0 0.0 0.0 0.0  
    0.0 0.0 0.0 0.0 
  PI_IONIZATION = 0.0 0.0 0.0 0.0 0.0 0.0 0.0 0.0 0.0 0.0 0.0 0.0 0.0  
    0.0 0.0 0.0 0.0 0.0 0.0 0.0 0.0 0.0 0.0 0.0 0.0 0.0 0.0 0.0 0.0 0.0  
    0.0 0.0 0.0 0.0 0.0 0.0 0.0 0.0 0.0 0.0 0.0 0.0 0.0 0.0 0.0 0.0 0.0  
    0.0 0.0 0.0 0.0 
  WBEAM = 0.0 0.0 0.0 0.0 0.0 0.0 0.0 0.0 0.0 0.0 0.0 0.0 0.0 0.0 0.0  
    0.0 0.0 0.0 0.0 0.0 0.0 0.0 0.0 0.0 0.0 0.0 0.0 0.0 0.0 0.0 0.0 0.0  
    0.0 0.0 0.0 0.0 0.0 0.0 0.0 0.0 0.0 0.0 0.0 0.0 0.0 0.0 0.0 0.0 0.0  
    0.0 0.0 
  WALPHA = 0.0 0.0 0.0 0.0 0.0 0.0 0.0 0.0 0.0 0.0 0.0 0.0 0.0 0.0 0.0  
    0.0 0.0 0.0 0.0 0.0 0.0 0.0 0.0 0.0 0.0 0.0 0.0 0.0 0.0 0.0 0.0 0.0  
    0.0 0.0 0.0 0.0 0.0 0.0 0.0 0.0 0.0 0.0 0.0 0.0 0.0 0.0 0.0 0.0 0.0  
    0.0 0.0 
  DENSITY_BEAM = 0.0 0.0 0.0 0.0 0.0 0.0 0.0 0.0 0.0 0.0 0.0 0.0 0.0  
    0.0 0.0 0.0 0.0 0.0 0.0 0.0 0.0 0.0 0.0 0.0 0.0 0.0 0.0 0.0 0.0 0.0  
    0.0 0.0 0.0 0.0 0.0 0.0 0.0 0.0 0.0 0.0 0.0 0.0 0.0 0.0 0.0 0.0 0.0  
    0.0 0.0 0.0 0.0 
  DENSITY_ALPHA = 0.0 0.0 0.0 0.0 0.0 0.0 0.0 0.0 0.0 0.0 0.0 0.0 0.0  
    0.0 0.0 0.0 0.0 0.0 0.0 0.0 0.0 0.0 0.0 0.0 0.0 0.0 0.0 0.0 0.0 0.0  
    0.0 0.0 0.0 0.0 0.0 0.0 0.0 0.0 0.0 0.0 0.0 0.0 0.0 0.0 0.0 0.0 0.0  
    0.0 0.0 0.0 0.0 
  CHIE = 0.11719 0.12936 0.14175 0.15413 0.1675 0.18477 0.20721 0.23408  
    0.26475 0.29951 0.33903 0.38404 0.43533 0.49353 0.55889 0.63096  
    0.70826 0.78808 0.86669 0.93984 1.0037 1.0558 1.0952 1.1229 1.1409  
    1.1418 1.1378 1.131 1.1232 1.1157 1.1099 1.1072 1.1093 1.1183  
    1.1369 1.1684 1.2174 1.2843 1.3681 1.4735 1.6068 1.7756 1.9904  
    2.2651 2.6195 3.083 3.7025 4.5559 5.7833 7.6787 0.0 
  CHII = 0.31372 0.32228 0.33275 0.34457 0.35774 0.37233 0.38848 0.4063  
    0.42597 0.44768 0.47163 0.4981 0.52738 0.55985 0.59591 0.63608  
    0.68095 0.73122 0.78779 0.85171 0.92427 1.0071 1.1022 1.2121 1.3402  
    1.4889 1.6527 1.8301 2.021 2.2254 2.4427 2.6722 2.9134 3.165 3.4256  
    3.6929 3.9643 4.2367 4.5061 4.7687 5.0174 5.2443 5.4416 5.5957  
    5.6883 5.6936 5.5737 5.2643 4.6412 3.4626 0.0 
  NBDRY = 51 
  RBDRY = 114.43 115.02 115.63 116.26 116.92 117.6 118.3 119.02 119.76  
    120.52 121.3 122.1 122.92 123.76 124.62 125.49 126.39 127.3 128.23  
    129.18 130.16 131.15 132.16 133.19 134.24 135.31 136.4 137.51  
    138.07 138.36 138.56 138.75 138.95 139.15 139.35 139.55 139.75  
    139.96 140.16 140.37 140.57 140.78 140.99 141.2 141.41 141.62  
    141.83 142.04 142.26 142.47 142.69 
  ZBDRY = -54.333 -56.238 -58.135 -60.025 -61.906 -63.779 -65.645  
    -67.504 -69.354 -71.196 -73.03 -74.855 -76.672 -78.48 -80.279  
    -82.069 -83.85 -85.62 -87.38 -89.13 -90.869 -92.596 -94.313 -96.016  
    -97.708 -99.387 -101.05 -102.71 -103.54 -103.95 -104.23 -104.51  
    -104.8 -105.08 -105.36 -105.65 -105.93 -106.21 -106.5 -106.78  
    -107.07 -107.36 -107.64 -107.93 -108.21 -108.5 -108.79 -109.07  
    -109.36 -109.65 -109.93 
  NLIM = 5 
  RLIM = 143.19 113.93 113.93 143.19 143.19 
  ZLIM = -53.833 -53.833 -110.43 -110.43 -53.833 
  SHOT_ID = '090765' 
  TIME_ID = '09900' 
  J_RF = 0.0 0.0 0.0 0.0 0.0 0.0 0.0 0.0 0.0 0.0 0.0 0.0 0.0 0.0 0.0  
    0.0 0.0 0.0 0.0 0.0 0.0 0.0 0.0 0.0 0.0 0.0 0.0 0.0 0.0 0.0 0.0 0.0  
    0.0 0.0 0.0 0.0 0.0 0.0 0.0 0.0 0.0 0.0 0.0 0.0 0.0 0.0 0.0 0.0 0.0  
    0.0 0.0 
  PE_RF = 0.0 0.0 0.0 0.0 0.0 0.0 0.0 0.0 0.0 0.0 0.0 0.0 0.0 0.0 0.0  
    0.0 0.0 0.0 0.0 0.0 0.0 0.0 0.0 0.0 0.0 0.0 0.0 0.0 0.0 0.0 0.0 0.0  
    0.0 0.0 0.0 0.0 0.0 0.0 0.0 0.0 0.0 0.0 0.0 0.0 0.0 0.0 0.0 0.0 0.0  
    0.0 0.0 
  PI_RF = 0.0 0.0 0.0 0.0 0.0 0.0 0.0 0.0 0.0 0.0 0.0 0.0 0.0 0.0 0.0  
    0.0 0.0 0.0 0.0 0.0 0.0 0.0 0.0 0.0 0.0 0.0 0.0 0.0 0.0 0.0 0.0 0.0  
    0.0 0.0 0.0 0.0 0.0 0.0 0.0 0.0 0.0 0.0 0.0 0.0 0.0 0.0 0.0 0.0 0.0  
    0.0 0.0 
/

