&INSTATE
  TOKAMAK_ID = 'd3d' 
  MODEL_SHAPE = 0 
  DENSITY_MODEL = 0 
  R0 = 1.6955 
  B0 = 1.9159142 
  IP = 0.9979453 
  KAPPA = 1.7929889 
  DELTA = 0.671303 
  ASPECT = 0.3539611 
  RMAJOR = 1.6955 
  AMINOR = 0.6001411 
  N_ION = 1 
  Z_ION = 1 
  A_ION = 2 
  F_ION = 1 
  N_IMP = 1 
  Z_IMP = 6 
  A_IMP = 12 
  F_IMP = 1 
  N_MIN = 0 
  Z_MIN = 1 
  A_MIN = 1 
  N_BEAM = 1 
  Z_BEAM = 1 
  A_BEAM = 2 
  N_FUSION = 1 
  Z_FUSION = 2 
  A_FUSION = 4 
  RHO = 0.0 0.01 0.02 0.03 0.04 0.05 0.06 0.07 0.08 0.09 0.1 0.11 0.12  
    0.13 0.14 0.15 0.16 0.17 0.18 0.19 0.2 0.21 0.22 0.23 0.24 0.25  
    0.26 0.27 0.28 0.29 0.3 0.31 0.32 0.33 0.34 0.35 0.36 0.37 0.38  
    0.39 0.4 0.41 0.42 0.43 0.44 0.45 0.46 0.47 0.48 0.49 0.5 0.51 0.52  
    0.53 0.54 0.55 0.56 0.57 0.58 0.59 0.6 0.61 0.62 0.63 0.64 0.65  
    0.66 0.67 0.68 0.69 0.7 0.71 0.72 0.73 0.74 0.75 0.76 0.77 0.78  
    0.79 0.8 0.81 0.82 0.83 0.84 0.85 0.86 0.87 0.88 0.89 0.9 0.91 0.92  
    0.93 0.94 0.95 0.96 0.97 0.98 0.99 1.0 
  NRHO = 101 
  PSIPOL = -0.38276 -0.3827067 -0.3825459 -0.3822764 -0.3818986  
    -0.3814142 -0.3808243 -0.3801283 -0.3793248 -0.3784126 -0.3773908  
    -0.3762586 -0.3750146 -0.3736578 -0.3721882 -0.3706055 -0.3689095  
    -0.3670997 -0.3651762 -0.3631396 -0.3609908 -0.3587308 -0.3563613  
    -0.353884 -0.3513013 -0.3486159 -0.345831 -0.3429502 -0.3399776  
    -0.3369174 -0.3337745 -0.3305537 -0.3272603 -0.3238997 -0.3204774  
    -0.3169986 -0.3134689 -0.3098934 -0.3062772 -0.3026252 -0.2989423  
    -0.295233 -0.2915016 -0.2877524 -0.2839893 -0.280216 -0.2764362  
    -0.2726532 -0.2688702 -0.2650901 -0.2613157 -0.2575496 -0.2537943  
    -0.2500519 -0.2463247 -0.2426144 -0.2389229 -0.235252 -0.2316031  
    -0.2279777 -0.2243772 -0.2208029 -0.217256 -0.2137377 -0.2102492  
    -0.2067915 -0.2033657 -0.1999728 -0.1966139 -0.19329 -0.1900019  
    -0.1867507 -0.1835374 -0.1803627 -0.1772278 -0.1741334 -0.1710805  
    -0.1680701 -0.1651029 -0.16218 -0.1593023 -0.1564708 -0.1536865  
    -0.1509505 -0.1482639 -0.1456279 -0.1430437 -0.1405129 -0.138037  
    -0.1356177 -0.1332571 -0.1309573 -0.128721 -0.1265513 -0.1244519  
    -0.1224275 -0.1204846 -0.1186299 -0.1168906 -0.115299 -0.1141471 
  RHOPSI = 0.0 0.1 0.1414214 0.1732051 0.2 0.2236068 0.244949 0.2645751  
    0.2828427 0.3 0.3162278 0.3316625 0.3464102 0.3605551 0.3741657  
    0.3872983 0.4 0.4123106 0.4242641 0.4358899 0.4472136 0.4582576  
    0.4690416 0.4795832 0.4898979 0.5 0.509902 0.5196152 0.5291503  
    0.5385165 0.5477226 0.5567764 0.5656854 0.5744563 0.5830952  
    0.591608 0.6 0.6082763 0.6164414 0.6244998 0.6324555 0.6403124  
    0.6480741 0.6557439 0.663325 0.6708204 0.678233 0.6855655 0.6928203  
    0.7 0.7071068 0.7141428 0.7211103 0.728011 0.7348469 0.7416198  
    0.7483315 0.7549834 0.7615773 0.7681146 0.7745967 0.781025  
    0.7874008 0.7937254 0.8 0.8062258 0.8124038 0.8185353 0.8246211  
    0.8306624 0.83666 0.842615 0.8485281 0.8544004 0.8602325 0.8660254  
    0.8717798 0.8774964 0.8831761 0.8888194 0.8944272 0.9 0.9055385  
    0.9110434 0.9165151 0.9219544 0.9273618 0.9327379 0.9380832  
    0.9433981 0.9486833 0.9539392 0.9591663 0.9643651 0.969536  
    0.9746794 0.9797959 0.9848858 0.9899495 0.9949874 1.0 
  Q = -1.1318734 -1.1287229 -1.1192714 -1.1136688 -1.1150874 -1.1197241  
    -1.1233073 -1.1238503 -1.1222912 -1.1199378 -1.1172299 -1.1143309  
    -1.1101841 -1.1067179 -1.103745 -1.1008438 -1.0982028 -1.0956567  
    -1.0935604 -1.0921595 -1.0913764 -1.0912646 -1.0919167 -1.0934387  
    -1.095874 -1.0993114 -1.1038366 -1.1094923 -1.1163472 -1.1244592  
    -1.1338556 -1.1445919 -1.1566958 -1.1701659 -1.184992 -1.2011715  
    -1.2186798 -1.2374908 -1.2575932 -1.2789681 -1.3015982 -1.3254739  
    -1.3505814 -1.376909 -1.4044626 -1.4332327 -1.4632107 -1.4944007  
    -1.526796 -1.5604043 -1.595231 -1.6312757 -1.6685475 -1.7070441  
    -1.7467682 -1.7877408 -1.8299738 -1.8734923 -1.918315 -1.9644695  
    -2.0119966 -2.0609372 -2.1113414 -2.1632665 -2.2167749 -2.2719384  
    -2.3288338 -2.3875436 -2.4481582 -2.510779 -2.5755179 -2.6424917  
    -2.7118288 -2.7836638 -2.8581445 -2.935438 -3.01573 -3.0992228  
    -3.1861451 -3.2767559 -3.3713425 -3.4702383 -3.5738184 -3.6825243  
    -3.7968677 -3.9174578 -4.0450156 -4.1804086 -4.32469 -4.4791596  
    -4.6454415 -4.8256093 -5.022366 -5.2392011 -5.4811802 -5.7562647  
    -6.0778246 -6.4504708 -7.0626289 -7.8672293 -15.2321744 
  NE = 3.1893307 3.1889147 3.1876753 3.1856249 3.1827759 3.1791416  
    3.1747341 3.1695663 3.1636512 3.1570009 3.1496287 3.1415466  
    3.1327677 3.1233046 3.11317 3.1023761 3.0909359 3.0788624 3.0661678  
    3.0528651 3.0389664 3.0244853 3.0094337 2.9938244 2.9776701  
    2.9609839 2.9437781 2.926065 2.9078577 2.8891687 2.870011 2.850397  
    2.8303395 2.809851 2.788944 2.7676317 2.7459261 2.7238404 2.7013877  
    2.6785794 2.6554288 2.6319489 2.6081519 2.5840507 2.5596578  
    2.534986 2.5100478 2.484856 2.4594236 2.4337629 2.4078863 2.3818071  
    2.3555374 2.3290901 2.3024779 2.2757136 2.2488094 2.2217781  
    2.1946329 2.1673863 2.1400501 2.1126382 2.0851627 2.0576359  
    2.0300709 2.0024804 1.9748769 1.9472732 1.919682 1.8921157 1.864587  
    1.8371084 1.8096845 1.7823131 1.7549929 1.7277217 1.7004976  
    1.6733188 1.6461836 1.6190898 1.5920356 1.565019 1.5380385  
    1.5110918 1.4841771 1.4572929 1.4304367 1.4036071 1.376802  
    1.3500195 1.3232579 1.296515 1.2697892 1.2430785 1.2163808  
    1.1896946 1.1630178 1.1363485 1.109685 1.0830252 1.0563672 
  TE = 2.3998721 2.3984046 2.394078 2.387007 2.3773053 2.3650873  
    2.3504674 2.3335595 2.3144779 2.2933369 2.2702508 2.2453337  
    2.2186994 2.1904628 2.160738 2.1296387 2.0972795 2.0637748  
    2.0292385 1.9937847 1.9575278 1.9205819 1.8830614 1.8450806  
    1.8067534 1.7681942 1.7295171 1.6908364 1.6522663 1.6139209  
    1.5759145 1.5383614 1.5013756 1.4650555 1.429417 1.3944503  
    1.3601447 1.3264902 1.2934768 1.2610939 1.229332 1.1981805  
    1.1676294 1.1376679 1.1082866 1.0794752 1.0512232 1.0235208  
    0.9963574 0.9697232 0.943608 0.9180016 0.8928935 0.8682737  
    0.8441324 0.8204587 0.7972431 0.774475 0.7521448 0.7302416  
    0.7087557 0.6876765 0.6669943 0.6466986 0.6267795 0.6072265  
    0.5880296 0.569179 0.5506638 0.5324743 0.5146001 0.4970312  
    0.4797573 0.4627684 0.4460541 0.4296044 0.413409 0.3974578  
    0.3817407 0.3662473 0.3509676 0.3358913 0.3210084 0.3063087  
    0.2917819 0.2774178 0.2632065 0.2491375 0.2352008 0.2213862  
    0.2076835 0.1940826 0.1805732 0.1671452 0.1537885 0.1404928  
    0.1272479 0.1140438 0.1008702 0.0877169 0.0745738 
  TI = 3.0400398 3.035928 3.0239863 3.0048053 2.9789758 2.9470885  
    2.9097335 2.8675022 2.8209846 2.770772 2.7174544 2.6616228  
    2.6038678 2.54478 2.4849501 2.4249685 2.3654263 2.3068929 2.249615  
    2.1935844 2.1387861 2.0852043 2.032824 1.9816306 1.9316081  
    1.8827415 1.8350156 1.7884155 1.7429258 1.6985309 1.6552158  
    1.612966 1.5717654 1.531599 1.4924517 1.4543085 1.4171536 1.3809725  
    1.3457496 1.3114695 1.2781177 1.2456779 1.214136 1.1834755  
    1.1536826 1.1247418 1.0966368 1.0693535 1.042876 1.0171902  
    0.9922796 0.9681293 0.9447246 0.9220503 0.9000904 0.8788309  
    0.858255 0.8383489 0.8190964 0.8004826 0.7824931 0.7651114  
    0.7483233 0.7321131 0.7164653 0.7013655 0.6867981 0.6727476  
    0.6591988 0.6461374 0.6335469 0.6214133 0.6097202 0.5984532  
    0.587597 0.5771361 0.5670558 0.5573399 0.5479744 0.5389434  
    0.5302317 0.5218242 0.5137057 0.5058613 0.4982751 0.4909322  
    0.4838176 0.4769161 0.4702121 0.4636908 0.4573366 0.4511347  
    0.4450697 0.4391262 0.4332893 0.4275436 0.421874 0.4162653  
    0.4107021 0.4051694 0.3996519 
  ZEFF = 1.3172557 1.3172536 1.3172479 1.317239 1.317228 1.3172152  
    1.3172014 1.3171872 1.3171735 1.3171608 1.3171497 1.3171412  
    1.3171357 1.3171341 1.3171371 1.3171455 1.31716 1.3171813 1.3172104  
    1.317248 1.3172949 1.3173522 1.3174206 1.317501 1.3175946 1.3177022  
    1.3178249 1.3179639 1.3181201 1.3182947 1.3184891 1.3187042  
    1.3189416 1.3192026 1.3194886 1.3198009 1.3201414 1.3205113  
    1.3209124 1.3213466 1.3218157 1.3223214 1.3228659 1.3234511  
    1.3240794 1.3247529 1.3254741 1.3262455 1.3270695 1.3279491  
    1.3288871 1.3298864 1.3309503 1.332082 1.3332851 1.3345629  
    1.3359196 1.3373589 1.3388852 1.3405026 1.3422159 1.3440297  
    1.3459493 1.3479799 1.3501269 1.3523963 1.354794 1.3573265  
    1.3600004 1.3628226 1.3658007 1.3689421 1.3722565 1.3757557  
    1.3794517 1.3833576 1.3874873 1.3918555 1.3964778 1.4013677  
    1.4065339 1.4119852 1.4177306 1.4237801 1.4301441 1.4368341  
    1.4438622 1.4512415 1.4589861 1.4671114 1.4756337 1.484571  
    1.4855904 1.4927189 1.4947814 1.4908754 1.4800268 1.4612623  
    1.4337784 1.3973087 1.352906 
  P_EQ = 32197.0926357 32169.8670413 32088.1902579 31943.9279142  
    31748.1436525 31490.967592 31177.9925969 30820.2736007  
    30419.1560093 29976.4536284 29496.6879075 28982.8022542  
    28440.6787796 27874.4208718 27290.5275062 26691.5143665  
    26078.0954314 25456.3850338 24829.1697116 24197.2521504  
    23561.9649187 22925.9302689 22290.3926736 21659.5986757  
    21031.0398984 20404.1735524 19784.0857386 19171.9933383  
    18566.2032286 17969.0546152 17383.2260375 16808.9542839  
    16247.8176099 15699.4142462 15163.639887 14641.7979291 14133.973158  
    13639.5488672 13158.5380215 12690.7177002 12236.128347  
    11794.8139185 11366.638527 10951.6807059 10549.6922465  
    10160.0841356 9782.5548915 9417.098819 9063.5471788 8721.4888106  
    8390.52669 8070.4792336 7761.0807532 7462.0374153 7173.0432917  
    6893.9253667 6624.263253 6363.7526202 6112.0921495 5869.0451076  
    5634.3161918 5407.6468783 5188.8105858 4977.5640799 4773.6598048  
    4576.8573069 4386.9252877 4203.6481521 4026.8182836 3856.2413606  
    3691.725925 3533.0385978 3379.9920859 3232.4639151 3090.2153601  
    2953.0683525 2820.8499309 2693.3844913 2570.5195992 2452.0980133  
    2337.9711444 2227.9962619 2122.0303868 2019.932232 1921.5620396  
    1826.7872175 1735.476599 1647.4971486 1562.7205418 1481.0241802  
    1402.2872886 1326.3839503 1254.0051328 1183.580868 1115.9967946  
    1051.1847283 989.1272236 929.8725614 873.3634754 819.1092199  
    766.410894 
  OMEGA = 127165.40625 125707.0546484 123520.1327155 121365.1326691  
    119241.6951241 117149.5704672 115088.2887881 113057.6875601  
    111057.23402 109087.0085118 107146.2893495 105234.8358244  
    103352.436999 101498.6006853 99673.1016705 97875.5948131  
    96105.7259345 94363.4846841 92647.9543424 90959.1167881  
    89296.9848665 87660.6004981 86049.9685595 84465.1412811  
    82904.8663573 81369.671875 79858.584508 78371.6343948 76908.8048605  
    75469.397246 74052.9391749 72659.1878296 71288.1709023  
    69939.1658171 68611.9301583 67306.014853 66021.4080726  
    64757.6451289 63514.4994121 62291.4865461 61088.3913363  
    59904.7261426 58740.0258292 57594.5359688 56467.7966085  
    55358.8385326 54267.9149653 53194.7967481 52139.0184074  
    51099.6142643 50077.3203125 49071.1826419 48080.9668762  
    47106.2042651 46147.158292 45202.8526795 44273.0510012 43357.788413  
    42456.8110076 41569.1851897 40694.908319 39833.5012228  
    38985.2230579 38148.6363229 37324.7097671 36512.2558893  
    35711.2911486 34921.3177156 34142.1216473 33373.4685679  
    32614.6416796 31865.8948876 31126.2853057 30396.0424004  
    29674.2155279 28961.3007812 28256.350894 27559.3600057  
    26869.6230369 26187.046379 25511.4871295 24842.4825807  
    24179.4487467 23522.389533 22870.8303293 22224.4331759 21582.950133  
    20946.1487401 20313.5661055 19684.7217594 19059.633279 18437.653971  
    17818.7100152 17202.34419 16588.2576663 15976.1057165 15365.593418  
    14756.4099447 14148.1661986 13540.5884699 12933.3320312 
  PPRIME = -0.0 -0.0 -0.0 -0.0 -0.0 -0.0 -0.0 -0.0 -0.0 -0.0 -0.0 -0.0  
    -0.0 -0.0 -0.0 -0.0 -0.0 -0.0 -0.0 -0.0 -0.0 -0.0 -0.0 -0.0 -0.0  
    -0.0 -0.0 -0.0 -0.0 -0.0 -0.0 -0.0 -0.0 -0.0 -0.0 -0.0 -0.0 -0.0  
    -0.0 -0.0 -0.0 -0.0 -0.0 -0.0 -0.0 -0.0 -0.0 -0.0 -0.0 -0.0 -0.0  
    -0.0 -0.0 -0.0 -0.0 -0.0 -0.0 -0.0 -0.0 -0.0 -0.0 -0.0 -0.0 -0.0  
    -0.0 -0.0 -0.0 -0.0 -0.0 -0.0 -0.0 -0.0 -0.0 -0.0 -0.0 -0.0 -0.0  
    -0.0 -0.0 -0.0 -0.0 -0.0 -0.0 -0.0 -0.0 -0.0 -0.0 -0.0 -0.0 -0.0  
    -0.0 -0.0 -0.0 -0.0 -0.0 -0.0 -0.0 -0.0 -0.0 -0.0 -0.0 
  FFPRIME = -1.787909 -1.8101383 -1.806489 -1.7654246 -1.7514622  
    -1.7051052 -1.7398567 -1.8214413 -1.8973322 -1.9707048 -2.0479817  
    -2.1291175 -2.2141017 -2.3015779 -2.3872001 -2.4634342 -2.5347923  
    -2.6027128 -2.6610661 -2.708675 -2.7467842 -2.7749081 -2.7936846  
    -2.8010467 -2.793558 -2.7763892 -2.7515551 -2.7150138 -2.668146  
    -2.6147187 -2.5541905 -2.4869685 -2.4146868 -2.3383311 -2.259855  
    -2.1805063 -2.1002926 -2.0197398 -1.9398184 -1.861116 -1.7842676  
    -1.7095788 -1.6372852 -1.5674042 -1.4997115 -1.4346428 -1.3725816  
    -1.3134401 -1.2571117 -1.2034175 -1.1523972 -1.1041829 -1.0586755  
    -1.0157864 -0.9753051 -0.9368912 -0.9004167 -0.8658643 -0.8331069  
    -0.8018863 -0.7719584 -0.743217 -0.715561 -0.688864 -0.6630472  
    -0.6380491 -0.6138373 -0.5903727 -0.5675388 -0.5452592 -0.5235065  
    -0.5022833 -0.4816732 -0.4616822 -0.4422328 -0.4232908 -0.4048528  
    -0.3869335 -0.3695112 -0.3525538 -0.33606 -0.3200209 -0.3043953  
    -0.2891267 -0.2741646 -0.2594522 -0.244917 -0.2304803 -0.2160546  
    -0.20154 -0.1868102 -0.1721743 -0.1570957 -0.1413567 -0.1254321  
    -0.109193 -0.0926044 -0.0751878 -0.0558956 -0.0220201 -0.0112013 
  J_OH = 1.6649662 1.6671663 1.660344 1.6328306 1.5935342 1.5640436  
    1.5555246 1.5608309 1.5675826 1.5729397 1.579739 1.5878798  
    1.5965218 1.6059554 1.6149769 1.6231366 1.6301252 1.6354789  
    1.6384628 1.6389892 1.6365538 1.6307924 1.6213547 1.6084254  
    1.5917721 1.5710262 1.54647 1.5181785 1.4864693 1.451651 1.4141663  
    1.3741407 1.3324423 1.2897182 1.2462383 1.2024701 1.1588069  
    1.1155339 1.0729473 1.0312007 0.9905109 0.9509007 0.912496  
    0.8754493 0.8397631 0.8055153 0.7726786 0.7413484 0.7115834  
    0.6832913 0.6565591 0.6313007 0.6074218 0.5848813 0.5635913  
    0.5435337 0.524541 0.5065288 0.4893694 0.4730255 0.4574033  
    0.4424282 0.4280188 0.4141079 0.4006592 0.3876421 0.3749807  
    0.3626602 0.3506693 0.338967 0.3275603 0.3164306 0.3055945  
    0.2949768 0.2846194 0.2745306 0.2647104 0.2551326 0.245815  
    0.2367438 0.2279185 0.2193184 0.2109399 0.2027582 0.1947468  
    0.1868773 0.1791149 0.1714158 0.1637322 0.1560101 0.148188  
    0.1403293 0.1323773 0.1241483 0.1156892 0.1071012 0.0983518  
    0.089448 0.0805483 0.0717053 0.073951 
  J_BS = 0.0 0.0032142 0.0141719 0.032904 0.0532897 0.0696085 0.0795137  
    0.0847648 0.0886182 0.0921755 0.0950381 0.0971558 0.0986472  
    0.0995703 0.1000483 0.1000275 0.0994778 0.0985824 0.0975095  
    0.0963134 0.0950352 0.0936965 0.0923233 0.0908677 0.0893094  
    0.0877465 0.0861795 0.0845665 0.0829206 0.0812581 0.0795851  
    0.0779143 0.0762263 0.0745437 0.0729463 0.0714406 0.0699984  
    0.0686167 0.0672922 0.066018 0.0647878 0.0635975 0.062442 0.0613155  
    0.0602153 0.0591348 0.0580752 0.0570377 0.0560137 0.0550022  
    0.054004 0.0530163 0.05204 0.0510718 0.0501117 0.0491599 0.0482142  
    0.0472753 0.0463436 0.0454191 0.0445021 0.0435923 0.0426907  
    0.0417985 0.0409147 0.04004 0.0391754 0.0383204 0.0374762 0.0366438  
    0.0358222 0.0350132 0.0342207 0.0334463 0.0326896 0.0319491  
    0.0312238 0.0305122 0.0298137 0.0291271 0.0284502 0.0277807  
    0.0271165 0.0264564 0.0257976 0.0251365 0.0244698 0.0237936  
    0.023103 0.022392 0.0216535 0.0207301 0.019889 0.0190776 0.018014  
    0.0168865 0.0156819 0.0144193 0.0130954 0.0121589 0.0116569 
  J_NB = 0.0402932 0.0429084 0.0507538 0.0573058 0.0624393 0.0659336  
    0.0678785 0.0691272 0.0700905 0.0709174 0.0713697 0.0713179  
    0.070844 0.0698407 0.0685286 0.0669863 0.0656435 0.0642292  
    0.0629038 0.0615632 0.0602581 0.0588916 0.0574537 0.0558782  
    0.0542442 0.0525997 0.050923 0.0492263 0.047378 0.0454704 0.0432871  
    0.041105 0.038893 0.036775 0.0348011 0.0329514 0.0312433 0.0295772  
    0.0279574 0.0264509 0.0250369 0.0238381 0.0227992 0.0217685  
    0.0207523 0.0198771 0.0192027 0.0185387 0.0178565 0.0171957  
    0.0164252 0.0156614 0.0149656 0.0143411 0.0137377 0.0130234 0.01233  
    0.0117047 0.0111941 0.0107011 0.0101983 0.0096895 0.0091996  
    0.0087341 0.0082893 0.0078602 0.0074996 0.0071977 0.0068983  
    0.0065971 0.0062842 0.0059784 0.0056773 0.0054743 0.005302  
    0.0051194 0.0049281 0.0047608 0.0045866 0.0044041 0.0042149  
    0.0040393 0.0038624 0.0036809 0.0034961 0.003308 0.0031162  
    0.0029251 0.0027356 0.0025486 0.0023609 0.002154 0.0019552  
    0.0017641 0.0015784 0.0013965 0.0012193 0.0010509 0.0008917  
    0.0007199 0.0005126 
  J_EC = 0.0 0.0 0.0 0.0 0.0 0.0 0.0 0.0 0.0 0.0 0.0 0.0 0.0 0.0 0.0  
    0.0 0.0 0.0 0.0 0.0 0.0 0.0 0.0 0.0 0.0 0.0 0.0 0.0 0.0 0.0 0.0 0.0  
    0.0 0.0 0.0 0.0 0.0 0.0 0.0 0.0 0.0 0.0 0.0 0.0 0.0 0.0 0.0 0.0 0.0  
    0.0 0.0 0.0 0.0 0.0 0.0 0.0 0.0 0.0 0.0 0.0 0.0 0.0 0.0 0.0 0.0 0.0  
    0.0 0.0 0.0 0.0 0.0 0.0 0.0 0.0 0.0 0.0 0.0 0.0 0.0 0.0 0.0 0.0 0.0  
    0.0 0.0 0.0 0.0 0.0 0.0 0.0 0.0 0.0 0.0 0.0 0.0 0.0 0.0 0.0 0.0 0.0  
    0.0 
  J_IC = 0.0 0.0 0.0 0.0 0.0 0.0 0.0 0.0 0.0 0.0 0.0 0.0 0.0 0.0 0.0  
    0.0 0.0 0.0 0.0 0.0 0.0 0.0 0.0 0.0 0.0 0.0 0.0 0.0 0.0 0.0 0.0 0.0  
    0.0 0.0 0.0 0.0 0.0 0.0 0.0 0.0 0.0 0.0 0.0 0.0 0.0 0.0 0.0 0.0 0.0  
    0.0 0.0 0.0 0.0 0.0 0.0 0.0 0.0 0.0 0.0 0.0 0.0 0.0 0.0 0.0 0.0 0.0  
    0.0 0.0 0.0 0.0 0.0 0.0 0.0 0.0 0.0 0.0 0.0 0.0 0.0 0.0 0.0 0.0 0.0  
    0.0 0.0 0.0 0.0 0.0 0.0 0.0 0.0 0.0 0.0 0.0 0.0 0.0 0.0 0.0 0.0 0.0  
    0.0 
  J_LH = 0.0 0.0 0.0 0.0 0.0 0.0 0.0 0.0 0.0 0.0 0.0 0.0 0.0 0.0 0.0  
    0.0 0.0 0.0 0.0 0.0 0.0 0.0 0.0 0.0 0.0 0.0 0.0 0.0 0.0 0.0 0.0 0.0  
    0.0 0.0 0.0 0.0 0.0 0.0 0.0 0.0 0.0 0.0 0.0 0.0 0.0 0.0 0.0 0.0 0.0  
    0.0 0.0 0.0 0.0 0.0 0.0 0.0 0.0 0.0 0.0 0.0 0.0 0.0 0.0 0.0 0.0 0.0  
    0.0 0.0 0.0 0.0 0.0 0.0 0.0 0.0 0.0 0.0 0.0 0.0 0.0 0.0 0.0 0.0 0.0  
    0.0 0.0 0.0 0.0 0.0 0.0 0.0 0.0 0.0 0.0 0.0 0.0 0.0 0.0 0.0 0.0 0.0  
    0.0 
  J_HC = 0.0 0.0 0.0 0.0 0.0 0.0 0.0 0.0 0.0 0.0 0.0 0.0 0.0 0.0 0.0  
    0.0 0.0 0.0 0.0 0.0 0.0 0.0 0.0 0.0 0.0 0.0 0.0 0.0 0.0 0.0 0.0 0.0  
    0.0 0.0 0.0 0.0 0.0 0.0 0.0 0.0 0.0 0.0 0.0 0.0 0.0 0.0 0.0 0.0 0.0  
    0.0 0.0 0.0 0.0 0.0 0.0 0.0 0.0 0.0 0.0 0.0 0.0 0.0 0.0 0.0 0.0 0.0  
    0.0 0.0 0.0 0.0 0.0 0.0 0.0 0.0 0.0 0.0 0.0 0.0 0.0 0.0 0.0 0.0 0.0  
    0.0 0.0 0.0 0.0 0.0 0.0 0.0 0.0 0.0 0.0 0.0 0.0 0.0 0.0 0.0 0.0 0.0  
    0.0 
  J_TOT = 1.7660763 1.7660763 1.7784269 1.7761306 1.7619333 1.7519644  
    1.7554054 1.7675827 1.7795212 1.789581 1.8000258 1.8106192  
    1.8206185 1.8302716 1.8387599 1.845629 1.8509746 1.8542104  
    1.8548961 1.8529155 1.8478485 1.8392309 1.8267143 1.8103668  
    1.7900058 1.7653987 1.736807 1.7042747 1.6680029 1.6284164  
    1.5857532 1.5404397 1.4933143 1.4451922 1.3964904 1.3476837  
    1.2991743 1.2511585 1.2039451 1.1577566 1.1127898 1.0691917  
    1.0270338 0.9863158 0.9470466 0.9094303 0.8735042 0.839176  
    0.8064696 0.7753341 0.7457262 0.7176759 0.691152 0.6661111 0.642411  
    0.6198973 0.5985275 0.578261 0.5590124 0.5406433 0.5230279  
    0.5060917 0.4897753 0.474015 0.4587669 0.4439942 0.4296742  
    0.4157813 0.4022484 0.3890307 0.3761242 0.36353 0.3512659 0.3393506  
    0.3277573 0.3164509 0.3054303 0.2947005 0.2842465 0.2740514  
    0.2641134 0.2544292 0.244978 0.2357301 0.2266569 0.2177265  
    0.2089003 0.2001347 0.1913781 0.1825716 0.1736433 0.164481 0.155323  
    0.1459329 0.1360715 0.126017 0.1157068 0.1051609 0.0945361  
    0.0843516 0.0857565 
  P_EI = -0.0318396 -0.031726 -0.0314038 -0.0308953 -0.0302159  
    -0.029387 -0.0284252 -0.0273463 -0.0261676 -0.0249067 -0.0235809  
    -0.0222084 -0.0208087 -0.019402 -0.0180099 -0.0166561 -0.0153665  
    -0.0141674 -0.0130685 -0.0120656 -0.011154 -0.0103294 -0.0095872  
    -0.0089228 -0.0083321 -0.0078103 -0.0073522 -0.0069527 -0.006606  
    -0.006306 -0.0060457 -0.0058178 -0.0056141 -0.005427 -0.0052555  
    -0.0051008 -0.004964 -0.0048464 -0.0047492 -0.0046735 -0.0046207  
    -0.0045918 -0.0045881 -0.0046108 -0.0046612 -0.0047404 -0.0048496  
    -0.00499 -0.0051629 -0.0053694 -0.0056109 -0.0058884 -0.0062033  
    -0.0065569 -0.0069503 -0.0073851 -0.0078624 -0.0083837 -0.0089504  
    -0.0095642 -0.0102267 -0.0109396 -0.0117049 -0.0125244 -0.0134005  
    -0.0143356 -0.0153324 -0.0163938 -0.0175232 -0.0187244 -0.0200015  
    -0.0213595 -0.0228036 -0.0243397 -0.0259744 -0.0277154 -0.0295715  
    -0.0315527 -0.033671 -0.0359401 -0.0383761 -0.0409983 -0.0438295  
    -0.0468969 -0.0502335 -0.0538795 -0.0578839 -0.0623079 -0.0672277  
    -0.0727401 -0.0789692 -0.0860767 -0.0942167 -0.1037708 -0.1150445  
    -0.1285761 -0.1451517 -0.1659625 -0.1929012 -0.2291602 -0.2805098 
  SE_NB = 0.0 0.0 0.0 0.0 0.0 0.0 0.0 0.0 0.0 0.0 0.0 0.0 0.0 0.0 0.0  
    0.0 0.0 0.0 0.0 0.0 0.0 0.0 0.0 0.0 0.0 0.0 0.0 0.0 0.0 0.0 0.0 0.0  
    0.0 0.0 0.0 0.0 0.0 0.0 0.0 0.0 0.0 0.0 0.0 0.0 0.0 0.0 0.0 0.0 0.0  
    0.0 0.0 0.0 0.0 0.0 0.0 0.0 0.0 0.0 0.0 0.0 0.0 0.0 0.0 0.0 0.0 0.0  
    0.0 0.0 0.0 0.0 0.0 0.0 0.0 0.0 0.0 0.0 0.0 0.0 0.0 0.0 0.0 0.0 0.0  
    0.0 0.0 0.0 0.0 0.0 0.0 0.0 0.0 0.0 0.0 0.0 0.0 0.0 0.0 0.0 0.0 0.0  
    0.0 
  PE_NB = 0.0687403 0.0688555 0.0690386 0.069182 0.0693712 0.0694755  
    0.0695112 0.0695367 0.0695293 0.0694685 0.0693586 0.0691901  
    0.0689762 0.0687166 0.0684346 0.068116 0.0677293 0.0672937  
    0.0668114 0.0662764 0.0656881 0.0650603 0.0643923 0.0637171  
    0.0629945 0.062204 0.0613905 0.0605562 0.0596687 0.0587429  
    0.0577994 0.0568312 0.0558494 0.0548388 0.0537974 0.052748  
    0.0516963 0.0506368 0.0495741 0.0485095 0.0474482 0.046396  
    0.0453557 0.0443342 0.0433327 0.0423462 0.0413746 0.0404235  
    0.0394957 0.0385883 0.0376989 0.0368293 0.0359796 0.0351491  
    0.0343368 0.0335446 0.0327684 0.0320063 0.0312566 0.0305189  
    0.0297913 0.0290726 0.0283622 0.0276592 0.0269622 0.0262702  
    0.0255819 0.0248969 0.0242145 0.0235347 0.0228572 0.0221799  
    0.0215032 0.0208318 0.0201633 0.0194985 0.0188383 0.0181836  
    0.0175358 0.0168963 0.0162669 0.0156494 0.0150455 0.0144569  
    0.0138854 0.0133329 0.0128011 0.0122919 0.0118069 0.0113484  
    0.0109187 0.0105191 0.0101498 0.0098053 0.0094796 0.0091654  
    0.0088644 0.0086004 0.0083771 0.0080174 0.0071247 
  PE_EC = 0.0 0.0 0.0 0.0 0.0 0.0 0.0 0.0 0.0 0.0 0.0 0.0 0.0 0.0 0.0  
    0.0 0.0 0.0 0.0 0.0 0.0 0.0 0.0 0.0 0.0 0.0 0.0 0.0 0.0 0.0 0.0 0.0  
    0.0 0.0 0.0 0.0 0.0 0.0 0.0 0.0 0.0 0.0 0.0 0.0 0.0 0.0 0.0 0.0 0.0  
    0.0 0.0 0.0 0.0 0.0 0.0 0.0 0.0 0.0 0.0 0.0 0.0 0.0 0.0 0.0 0.0 0.0  
    0.0 0.0 0.0 0.0 0.0 0.0 0.0 0.0 0.0 0.0 0.0 0.0 0.0 0.0 0.0 0.0 0.0  
    0.0 0.0 0.0 0.0 0.0 0.0 0.0 0.0 0.0 0.0 0.0 0.0 0.0 0.0 0.0 0.0 0.0  
    0.0 
  PE_IC = 0.0 0.0 0.0 0.0 0.0 0.0 0.0 0.0 0.0 0.0 0.0 0.0 0.0 0.0 0.0  
    0.0 0.0 0.0 0.0 0.0 0.0 0.0 0.0 0.0 0.0 0.0 0.0 0.0 0.0 0.0 0.0 0.0  
    0.0 0.0 0.0 0.0 0.0 0.0 0.0 0.0 0.0 0.0 0.0 0.0 0.0 0.0 0.0 0.0 0.0  
    0.0 0.0 0.0 0.0 0.0 0.0 0.0 0.0 0.0 0.0 0.0 0.0 0.0 0.0 0.0 0.0 0.0  
    0.0 0.0 0.0 0.0 0.0 0.0 0.0 0.0 0.0 0.0 0.0 0.0 0.0 0.0 0.0 0.0 0.0  
    0.0 0.0 0.0 0.0 0.0 0.0 0.0 0.0 0.0 0.0 0.0 0.0 0.0 0.0 0.0 0.0 0.0  
    0.0 
  PE_LH = 0.0 0.0 0.0 0.0 0.0 0.0 0.0 0.0 0.0 0.0 0.0 0.0 0.0 0.0 0.0  
    0.0 0.0 0.0 0.0 0.0 0.0 0.0 0.0 0.0 0.0 0.0 0.0 0.0 0.0 0.0 0.0 0.0  
    0.0 0.0 0.0 0.0 0.0 0.0 0.0 0.0 0.0 0.0 0.0 0.0 0.0 0.0 0.0 0.0 0.0  
    0.0 0.0 0.0 0.0 0.0 0.0 0.0 0.0 0.0 0.0 0.0 0.0 0.0 0.0 0.0 0.0 0.0  
    0.0 0.0 0.0 0.0 0.0 0.0 0.0 0.0 0.0 0.0 0.0 0.0 0.0 0.0 0.0 0.0 0.0  
    0.0 0.0 0.0 0.0 0.0 0.0 0.0 0.0 0.0 0.0 0.0 0.0 0.0 0.0 0.0 0.0 0.0  
    0.0 
  PE_HC = 0.0 0.0 0.0 0.0 0.0 0.0 0.0 0.0 0.0 0.0 0.0 0.0 0.0 0.0 0.0  
    0.0 0.0 0.0 0.0 0.0 0.0 0.0 0.0 0.0 0.0 0.0 0.0 0.0 0.0 0.0 0.0 0.0  
    0.0 0.0 0.0 0.0 0.0 0.0 0.0 0.0 0.0 0.0 0.0 0.0 0.0 0.0 0.0 0.0 0.0  
    0.0 0.0 0.0 0.0 0.0 0.0 0.0 0.0 0.0 0.0 0.0 0.0 0.0 0.0 0.0 0.0 0.0  
    0.0 0.0 0.0 0.0 0.0 0.0 0.0 0.0 0.0 0.0 0.0 0.0 0.0 0.0 0.0 0.0 0.0  
    0.0 0.0 0.0 0.0 0.0 0.0 0.0 0.0 0.0 0.0 0.0 0.0 0.0 0.0 0.0 0.0 0.0  
    0.0 
  SI_NB = 0.0 0.0 0.0 0.0 0.0 0.0 0.0 0.0 0.0 0.0 0.0 0.0 0.0 0.0 0.0  
    0.0 0.0 0.0 0.0 0.0 0.0 0.0 0.0 0.0 0.0 0.0 0.0 0.0 0.0 0.0 0.0 0.0  
    0.0 0.0 0.0 0.0 0.0 0.0 0.0 0.0 0.0 0.0 0.0 0.0 0.0 0.0 0.0 0.0 0.0  
    0.0 0.0 0.0 0.0 0.0 0.0 0.0 0.0 0.0 0.0 0.0 0.0 0.0 0.0 0.0 0.0 0.0  
    0.0 0.0 0.0 0.0 0.0 0.0 0.0 0.0 0.0 0.0 0.0 0.0 0.0 0.0 0.0 0.0 0.0  
    0.0 0.0 0.0 0.0 0.0 0.0 0.0 0.0 0.0 0.0 0.0 0.0 0.0 0.0 0.0 0.0 0.0  
    0.0 
  PI_NB = 0.2530711 0.2529265 0.252676 0.2517917 0.2504618 0.2487425  
    0.2466629 0.2441571 0.2412696 0.2380382 0.2344725 0.2305988  
    0.2264288 0.2219846 0.2172603 0.2122944 0.2071398 0.2018053  
    0.1963151 0.1907004 0.1849874 0.1791848 0.173319 0.1673811  
    0.1614381 0.1555355 0.149648 0.1437953 0.1380312 0.1323603  
    0.1267812 0.1213164 0.1159696 0.110771 0.1057361 0.1008517  
    0.0961215 0.0915596 0.0871679 0.0829496 0.0789027 0.0750235  
    0.0713099 0.0677545 0.0643546 0.0611129 0.0580259 0.0550837  
    0.0522783 0.0496075 0.0470682 0.0446521 0.0423527 0.0401642  
    0.0380808 0.0360938 0.0342007 0.0323968 0.0306777 0.0290374  
    0.0274722 0.0259776 0.0245491 0.0231828 0.0218755 0.0206242  
    0.0194264 0.0182796 0.0171814 0.0161296 0.0151222 0.0141599  
    0.0132409 0.0123588 0.0115162 0.010712 0.0099453 0.0092153  
    0.0085213 0.0078623 0.0072378 0.0066471 0.0060894 0.0055637  
    0.005069 0.004604 0.0041676 0.0037589 0.0033772 0.0030214 0.0026898  
    0.0023819 0.0020946 0.0018258 0.0015714 0.0013292 0.001102  
    0.0008977 0.0007183 0.0005258 0.0003009 
  PI_EC = 0.0 0.0 0.0 0.0 0.0 0.0 0.0 0.0 0.0 0.0 0.0 0.0 0.0 0.0 0.0  
    0.0 0.0 0.0 0.0 0.0 0.0 0.0 0.0 0.0 0.0 0.0 0.0 0.0 0.0 0.0 0.0 0.0  
    0.0 0.0 0.0 0.0 0.0 0.0 0.0 0.0 0.0 0.0 0.0 0.0 0.0 0.0 0.0 0.0 0.0  
    0.0 0.0 0.0 0.0 0.0 0.0 0.0 0.0 0.0 0.0 0.0 0.0 0.0 0.0 0.0 0.0 0.0  
    0.0 0.0 0.0 0.0 0.0 0.0 0.0 0.0 0.0 0.0 0.0 0.0 0.0 0.0 0.0 0.0 0.0  
    0.0 0.0 0.0 0.0 0.0 0.0 0.0 0.0 0.0 0.0 0.0 0.0 0.0 0.0 0.0 0.0 0.0  
    0.0 
  PI_IC = 0.0 0.0 0.0 0.0 0.0 0.0 0.0 0.0 0.0 0.0 0.0 0.0 0.0 0.0 0.0  
    0.0 0.0 0.0 0.0 0.0 0.0 0.0 0.0 0.0 0.0 0.0 0.0 0.0 0.0 0.0 0.0 0.0  
    0.0 0.0 0.0 0.0 0.0 0.0 0.0 0.0 0.0 0.0 0.0 0.0 0.0 0.0 0.0 0.0 0.0  
    0.0 0.0 0.0 0.0 0.0 0.0 0.0 0.0 0.0 0.0 0.0 0.0 0.0 0.0 0.0 0.0 0.0  
    0.0 0.0 0.0 0.0 0.0 0.0 0.0 0.0 0.0 0.0 0.0 0.0 0.0 0.0 0.0 0.0 0.0  
    0.0 0.0 0.0 0.0 0.0 0.0 0.0 0.0 0.0 0.0 0.0 0.0 0.0 0.0 0.0 0.0 0.0  
    0.0 
  PI_LH = 0.0 0.0 0.0 0.0 0.0 0.0 0.0 0.0 0.0 0.0 0.0 0.0 0.0 0.0 0.0  
    0.0 0.0 0.0 0.0 0.0 0.0 0.0 0.0 0.0 0.0 0.0 0.0 0.0 0.0 0.0 0.0 0.0  
    0.0 0.0 0.0 0.0 0.0 0.0 0.0 0.0 0.0 0.0 0.0 0.0 0.0 0.0 0.0 0.0 0.0  
    0.0 0.0 0.0 0.0 0.0 0.0 0.0 0.0 0.0 0.0 0.0 0.0 0.0 0.0 0.0 0.0 0.0  
    0.0 0.0 0.0 0.0 0.0 0.0 0.0 0.0 0.0 0.0 0.0 0.0 0.0 0.0 0.0 0.0 0.0  
    0.0 0.0 0.0 0.0 0.0 0.0 0.0 0.0 0.0 0.0 0.0 0.0 0.0 0.0 0.0 0.0 0.0  
    0.0 
  PI_HC = 0.0 0.0 0.0 0.0 0.0 0.0 0.0 0.0 0.0 0.0 0.0 0.0 0.0 0.0 0.0  
    0.0 0.0 0.0 0.0 0.0 0.0 0.0 0.0 0.0 0.0 0.0 0.0 0.0 0.0 0.0 0.0 0.0  
    0.0 0.0 0.0 0.0 0.0 0.0 0.0 0.0 0.0 0.0 0.0 0.0 0.0 0.0 0.0 0.0 0.0  
    0.0 0.0 0.0 0.0 0.0 0.0 0.0 0.0 0.0 0.0 0.0 0.0 0.0 0.0 0.0 0.0 0.0  
    0.0 0.0 0.0 0.0 0.0 0.0 0.0 0.0 0.0 0.0 0.0 0.0 0.0 0.0 0.0 0.0 0.0  
    0.0 0.0 0.0 0.0 0.0 0.0 0.0 0.0 0.0 0.0 0.0 0.0 0.0 0.0 0.0 0.0 0.0  
    0.0 
  PI_CX = 0.038673 0.0384308 0.0381306 0.0376729 0.0370301 0.0362168  
    0.0352645 0.0342124 0.0330695 0.0318325 0.0305346 0.0291973  
    0.0278268 0.0264385 0.0250571 0.0236961 0.0223664 0.0210853  
    0.0198571 0.0186811 0.0175554 0.0164792 0.0154518 0.0144727  
    0.0135403 0.0126525 0.0118122 0.0110185 0.0102666 0.0095563  
    0.0088895 0.0082622 0.0076726 0.0071199 0.0066032 0.0061202  
    0.0056695 0.0052498 0.0048595 0.0044972 0.0041613 0.0038504  
    0.003563 0.0032976 0.0030531 0.002828 0.0026209 0.0024307 0.0022561  
    0.002096 0.0019493 0.0018151 0.0016924 0.0015802 0.0014778  
    0.0013842 0.0012991 0.0012217 0.0011512 0.0010878 0.0010312  
    0.000981 0.0009369 0.0008987 0.0008666 0.0008404 0.0008204  
    0.0008067 0.0007994 0.0007991 0.000807 0.0008242 0.0008522  
    0.0008924 0.0009466 0.0010168 0.0011058 0.0012176 0.0013567  
    0.0015285 0.0017388 0.0019946 0.0023066 0.0026904 0.0031648  
    0.0037528 0.0044827 0.0053888 0.0065083 0.0078871 0.0095839  
    0.0116753 0.0143137 0.0177429 0.0223708 0.0287742 0.0374875  
    0.0488178 0.0634856 0.0916511 0.1622476 
  PI_FUS = 0.0 0.0 0.0 0.0 0.0 0.0 0.0 0.0 0.0 0.0 0.0 0.0 0.0 0.0 0.0  
    0.0 0.0 0.0 0.0 0.0 0.0 0.0 0.0 0.0 0.0 0.0 0.0 0.0 0.0 0.0 0.0 0.0  
    0.0 0.0 0.0 0.0 0.0 0.0 0.0 0.0 0.0 0.0 0.0 0.0 0.0 0.0 0.0 0.0 0.0  
    0.0 0.0 0.0 0.0 0.0 0.0 0.0 0.0 0.0 0.0 0.0 0.0 0.0 0.0 0.0 0.0 0.0  
    0.0 0.0 0.0 0.0 0.0 0.0 0.0 0.0 0.0 0.0 0.0 0.0 0.0 0.0 0.0 0.0 0.0  
    0.0 0.0 0.0 0.0 0.0 0.0 0.0 0.0 0.0 0.0 0.0 0.0 0.0 0.0 0.0 0.0 0.0  
    0.0 
  PE_FUS = 0.0 0.0 0.0 0.0 0.0 0.0 0.0 0.0 0.0 0.0 0.0 0.0 0.0 0.0 0.0  
    0.0 0.0 0.0 0.0 0.0 0.0 0.0 0.0 0.0 0.0 0.0 0.0 0.0 0.0 0.0 0.0 0.0  
    0.0 0.0 0.0 0.0 0.0 0.0 0.0 0.0 0.0 0.0 0.0 0.0 0.0 0.0 0.0 0.0 0.0  
    0.0 0.0 0.0 0.0 0.0 0.0 0.0 0.0 0.0 0.0 0.0 0.0 0.0 0.0 0.0 0.0 0.0  
    0.0 0.0 0.0 0.0 0.0 0.0 0.0 0.0 0.0 0.0 0.0 0.0 0.0 0.0 0.0 0.0 0.0  
    0.0 0.0 0.0 0.0 0.0 0.0 0.0 0.0 0.0 0.0 0.0 0.0 0.0 0.0 0.0 0.0 0.0  
    0.0 
  P_RAD = 0.0021937 0.0022058 0.002218 0.0022304 0.0022458 0.0022668  
    0.0022897 0.0023183 0.0023513 0.0023898 0.0024305 0.0024769  
    0.0025283 0.0025837 0.0026433 0.0027079 0.0027775 0.0028514  
    0.0029303 0.0030143 0.0031031 0.0031971 0.0032963 0.0034008  
    0.0035108 0.0036261 0.0037471 0.0038739 0.0040066 0.0041454  
    0.0042904 0.0044416 0.0045995 0.004764 0.0049355 0.0051141  
    0.0052999 0.0054932 0.0056943 0.0059033 0.0061206 0.0063462  
    0.0065806 0.006824 0.0070767 0.007339 0.0076112 0.0078934 0.0081863  
    0.0084901 0.0088052 0.0091319 0.0094706 0.0098218 0.0101857  
    0.0105631 0.0109541 0.0113595 0.0117794 0.0122147 0.0126657  
    0.0131331 0.0136174 0.014119 0.0146389 0.0151774 0.0157354  
    0.0163134 0.0169123 0.0175327 0.0181754 0.0188411 0.0195309  
    0.0202454 0.0209856 0.0217523 0.0225467 0.0233695 0.0242219  
    0.025105 0.0260197 0.0269673 0.027949 0.028966 0.0300196 0.0311109  
    0.0322415 0.0334128 0.0346263 0.0358833 0.0371856 0.0385135  
    0.0397637 0.0408108 0.0415305 0.0417965 0.0414829 0.0404622  
    0.0386078 0.0357791 0.0318789 
  P_OHM = 0.0246385 0.0249933 0.0253979 0.0258223 0.0262955 0.0270252  
    0.0281235 0.0294838 0.0309251 0.0324187 0.0340363 0.035788  
    0.0376619 0.0396661 0.0417709 0.0439623 0.0462203 0.0485161  
    0.0508115 0.0530814 0.055283 0.0573757 0.0593141 0.0610738 0.062615  
    0.0638838 0.0648581 0.0655168 0.0658498 0.0658517 0.0655336  
    0.0648987 0.0639933 0.0628607 0.0615275 0.0600342 0.0584204  
    0.0567176 0.054956 0.053157 0.0513437 0.049528 0.0477262 0.0459553  
    0.0442243 0.0425454 0.040924 0.0393716 0.0378975 0.0365015  
    0.0351916 0.0339658 0.0328202 0.0317529 0.0307585 0.0298348  
    0.0289712 0.0281607 0.0273941 0.0266668 0.0259715 0.025302  
    0.0246518 0.0240156 0.02339 0.0227724 0.0221578 0.0215449 0.0209333  
    0.0203208 0.0197085 0.0190963 0.0184863 0.0178753 0.0172674  
    0.0166647 0.0160689 0.01548 0.014901 0.0143324 0.0137758 0.0132312  
    0.0126996 0.0121806 0.0116732 0.0111765 0.0106888 0.010208  
    0.0097313 0.0092555 0.0087771 0.0082996 0.0078196 0.0073258  
    0.0068209 0.0063103 0.0057917 0.0052654 0.0047404 0.0042198  
    0.0043522 
  TORQUE_NB = 0.2349508 0.2352904 0.2377268 0.2385777 0.2371784  
    0.2360732 0.2351666 0.2332715 0.2308587 0.2285324 0.2259539  
    0.223173 0.2202392 0.2171994 0.2133767 0.2090905 0.2049054  
    0.2005907 0.1961806 0.1918352 0.1876207 0.1831693 0.1785705  
    0.1730133 0.1676348 0.1631061 0.1581918 0.1528812 0.1481108  
    0.1435748 0.138888 0.1341755 0.1290651 0.1242527 0.1199868  
    0.1155743 0.110973 0.1066122 0.1024758 0.0986032 0.0949482 0.091422  
    0.0880223 0.0845887 0.0811387 0.0779234 0.0749992 0.0721619  
    0.0692792 0.0665175 0.0639921 0.0615915 0.0592906 0.0570858  
    0.0549682 0.0527891 0.0506867 0.0486845 0.0467995 0.0449844  
    0.0432658 0.0416336 0.0400538 0.0385088 0.0370013 0.0355382  
    0.0341262 0.0327616 0.031433 0.0301331 0.0288381 0.0275783 0.026352  
    0.0251635 0.0240084 0.0228844 0.0217913 0.0207425 0.0197247  
    0.018737 0.0177803 0.0168549 0.0159623 0.0151026 0.0142761  
    0.0134772 0.0126985 0.0119552 0.0112477 0.0105764 0.0099434  
    0.0093617 0.0088089 0.0082794 0.0077602 0.0072418 0.006731  
    0.0062593 0.0058381 0.005254 0.0042138 
  TORQUE_IN = 0.0 0.0 0.0 0.0 0.0 0.0 0.0 0.0 0.0 0.0 0.0 0.0 0.0 0.0  
    0.0 0.0 0.0 0.0 0.0 0.0 0.0 0.0 0.0 0.0 0.0 0.0 0.0 0.0 0.0 0.0 0.0  
    0.0 0.0 0.0 0.0 0.0 0.0 0.0 0.0 0.0 0.0 0.0 0.0 0.0 0.0 0.0 0.0 0.0  
    0.0 0.0 0.0 0.0 0.0 0.0 0.0 0.0 0.0 0.0 0.0 0.0 0.0 0.0 0.0 0.0 0.0  
    0.0 0.0 0.0 0.0 0.0 0.0 0.0 0.0 0.0 0.0 0.0 0.0 0.0 0.0 0.0 0.0 0.0  
    0.0 0.0 0.0 0.0 0.0 0.0 0.0 0.0 0.0 0.0 0.0 0.0 0.0 0.0 0.0 0.0 0.0  
    0.0 0.0 
  SE_IONIZATION = 0.0 0.0 0.0 0.0 0.0 0.0 0.0 0.0 0.0 0.0 0.0 0.0 0.0  
    0.0 0.0 0.0 0.0 0.0 0.0 0.0 0.0 0.0 0.0 0.0 0.0 0.0 0.0 0.0 0.0 0.0  
    0.0 0.0 0.0 0.0 0.0 0.0 0.0 0.0 0.0 0.0 0.0 0.0 0.0 0.0 0.0 0.0 0.0  
    0.0 0.0 0.0 0.0 0.0 0.0 0.0 0.0 0.0 0.0 0.0 0.0 0.0 0.0 0.0 0.0 0.0  
    0.0 0.0 0.0 0.0 0.0 0.0 0.0 0.0 0.0 0.0 0.0 0.0 0.0 0.0 0.0 0.0 0.0  
    0.0 0.0 0.0 0.0 0.0 0.0 0.0 0.0 0.0 0.0 0.0 0.0 0.0 0.0 0.0 0.0 0.0  
    0.0 0.0 0.0 
  SI_IONIZATION = 0.0 0.0 0.0 0.0 0.0 0.0 0.0 0.0 0.0 0.0 0.0 0.0 0.0  
    0.0 0.0 0.0 0.0 0.0 0.0 0.0 0.0 0.0 0.0 0.0 0.0 0.0 0.0 0.0 0.0 0.0  
    0.0 0.0 0.0 0.0 0.0 0.0 0.0 0.0 0.0 0.0 0.0 0.0 0.0 0.0 0.0 0.0 0.0  
    0.0 0.0 0.0 0.0 0.0 0.0 0.0 0.0 0.0 0.0 0.0 0.0 0.0 0.0 0.0 0.0 0.0  
    0.0 0.0 0.0 0.0 0.0 0.0 0.0 0.0 0.0 0.0 0.0 0.0 0.0 0.0 0.0 0.0 0.0  
    0.0 0.0 0.0 0.0 0.0 0.0 0.0 0.0 0.0 0.0 0.0 0.0 0.0 0.0 0.0 0.0 0.0  
    0.0 0.0 0.0 
  PE_IONIZATION = 0.0 0.0 0.0 0.0 0.0 0.0 0.0 0.0 0.0 0.0 0.0 0.0 0.0  
    0.0 0.0 0.0 0.0 0.0 0.0 0.0 0.0 0.0 0.0 0.0 0.0 0.0 0.0 0.0 0.0 0.0  
    0.0 0.0 0.0 0.0 0.0 0.0 0.0 0.0 0.0 0.0 0.0 0.0 0.0 0.0 0.0 0.0 0.0  
    0.0 0.0 0.0 0.0 0.0 0.0 0.0 0.0 0.0 0.0 0.0 0.0 0.0 0.0 0.0 0.0 0.0  
    0.0 0.0 0.0 0.0 0.0 0.0 0.0 0.0 0.0 0.0 0.0 0.0 0.0 0.0 0.0 0.0 0.0  
    0.0 0.0 0.0 0.0 0.0 0.0 0.0 0.0 0.0 0.0 0.0 0.0 0.0 0.0 0.0 0.0 0.0  
    0.0 0.0 0.0 
  PI_IONIZATION = 0.0 0.0 0.0 0.0 0.0 0.0 0.0 0.0 0.0 0.0 0.0 0.0 0.0  
    0.0 0.0 0.0 0.0 0.0 0.0 0.0 0.0 0.0 0.0 0.0 0.0 0.0 0.0 0.0 0.0 0.0  
    0.0 0.0 0.0 0.0 0.0 0.0 0.0 0.0 0.0 0.0 0.0 0.0 0.0 0.0 0.0 0.0 0.0  
    0.0 0.0 0.0 0.0 0.0 0.0 0.0 0.0 0.0 0.0 0.0 0.0 0.0 0.0 0.0 0.0 0.0  
    0.0 0.0 0.0 0.0 0.0 0.0 0.0 0.0 0.0 0.0 0.0 0.0 0.0 0.0 0.0 0.0 0.0  
    0.0 0.0 0.0 0.0 0.0 0.0 0.0 0.0 0.0 0.0 0.0 0.0 0.0 0.0 0.0 0.0 0.0  
    0.0 0.0 0.0 
  WBEAM = 0.0094962 0.0094983 0.0095046 0.0094937 0.009479 0.0094381  
    0.0093744 0.0093 0.0092112 0.0091053 0.0089839 0.008846 0.0086953  
    0.0085326 0.0083628 0.0081843 0.0079926 0.0077922 0.0075843  
    0.0073689 0.007147 0.0069215 0.0066933 0.0064679 0.0062401  
    0.0060079 0.0057784 0.0055524 0.0053262 0.0051024 0.0048844  
    0.0046714 0.0044652 0.0042643 0.0040684 0.0038796 0.0036981  
    0.003523 0.0033544 0.003192 0.0030361 0.0028868 0.002744 0.002608  
    0.0024786 0.002355 0.0022369 0.0021244 0.0020176 0.001916 0.0018191  
    0.0017268 0.0016391 0.0015555 0.001476 0.0014005 0.0013284  
    0.0012597 0.0011941 0.0011314 0.0010714 0.0010141 0.0009592  
    0.0009066 0.0008563 0.0008081 0.0007618 0.0007174 0.0006749  
    0.000634 0.0005949 0.0005573 0.0005212 0.0004868 0.0004538  
    0.0004222 0.0003922 0.0003635 0.0003362 0.0003103 0.0002857  
    0.0002625 0.0002405 0.0002199 0.0002005 0.0001823 0.0001654  
    0.0001495 0.0001348 0.0001211 0.0001085 9.68e-05 8.59e-05 7.59e-05  
    6.65e-05 5.78e-05 4.96e-05 4.21e-05 3.52e-05 2.83e-05 2.04e-05 
  WALPHA = 0.0 0.0 0.0 0.0 0.0 0.0 0.0 0.0 0.0 0.0 0.0 0.0 0.0 0.0 0.0  
    0.0 0.0 0.0 0.0 0.0 0.0 0.0 0.0 0.0 0.0 0.0 0.0 0.0 0.0 0.0 0.0 0.0  
    0.0 0.0 0.0 0.0 0.0 0.0 0.0 0.0 0.0 0.0 0.0 0.0 0.0 0.0 0.0 0.0 0.0  
    0.0 0.0 0.0 0.0 0.0 0.0 0.0 0.0 0.0 0.0 0.0 0.0 0.0 0.0 0.0 0.0 0.0  
    0.0 0.0 0.0 0.0 0.0 0.0 0.0 0.0 0.0 0.0 0.0 0.0 0.0 0.0 0.0 0.0 0.0  
    0.0 0.0 0.0 0.0 0.0 0.0 0.0 0.0 0.0 0.0 0.0 0.0 0.0 0.0 0.0 0.0 0.0  
    0.0 
  DENSITY_BEAM = 0.2269285 0.2270757 0.2270503 0.2266117 0.2260489  
    0.2250223 0.2235851 0.2218481 0.2197837 0.2173512 0.2145968  
    0.2115334 0.2081757 0.2045397 0.2007025 0.1966562 0.1923767  
    0.1879074 0.1832696 0.1784756 0.1735457 0.1685286 0.1634411  
    0.1583559 0.1532217 0.1480215 0.1428525 0.137733 0.1326311  
    0.1275822 0.1226194 0.1177547 0.1130219 0.1083958 0.1038733  
    0.0994958 0.095269 0.0911755 0.0872193 0.0834017 0.0797252  
    0.0761928 0.0728031 0.0695587 0.0664557 0.0634823 0.060633  
    0.0579107 0.0553152 0.0528353 0.050462 0.0481939 0.0460262  
    0.0439536 0.0419714 0.0400782 0.0382649 0.0365263 0.0348573  
    0.0332544 0.0317132 0.0302299 0.0288015 0.0274247 0.0260964  
    0.0248138 0.0235743 0.0223756 0.0212162 0.0200944 0.019009  
    0.0179584 0.0169418 0.0159587 0.0150085 0.014091 0.013206 0.0123533  
    0.0115329 0.0107447 0.0099889 0.0092654 0.0085744 0.0079153  
    0.0072877 0.0066914 0.0061256 0.0055897 0.0050832 0.0046053  
    0.0041553 0.0037321 0.0033338 0.0029558 0.0025944 0.0022466  
    0.0019153 0.00161 0.0013322 0.0010329 0.000674 
  DENSITY_ALPHA = 0.0 0.0 0.0 0.0 0.0 0.0 0.0 0.0 0.0 0.0 0.0 0.0 0.0  
    0.0 0.0 0.0 0.0 0.0 0.0 0.0 0.0 0.0 0.0 0.0 0.0 0.0 0.0 0.0 0.0 0.0  
    0.0 0.0 0.0 0.0 0.0 0.0 0.0 0.0 0.0 0.0 0.0 0.0 0.0 0.0 0.0 0.0 0.0  
    0.0 0.0 0.0 0.0 0.0 0.0 0.0 0.0 0.0 0.0 0.0 0.0 0.0 0.0 0.0 0.0 0.0  
    0.0 0.0 0.0 0.0 0.0 0.0 0.0 0.0 0.0 0.0 0.0 0.0 0.0 0.0 0.0 0.0 0.0  
    0.0 0.0 0.0 0.0 0.0 0.0 0.0 0.0 0.0 0.0 0.0 0.0 0.0 0.0 0.0 0.0 0.0  
    0.0 0.0 0.0 
  CHIE = 0.1837573 0.1878784 0.1922886 0.1968114 0.201581 0.2066716  
    0.2122125 0.2182961 0.2248665 0.2318779 0.2393685 0.2473849  
    0.2559883 0.2652397 0.2752084 0.2859721 0.2975924 0.3101415  
    0.3236879 0.33831 0.354079 0.3710737 0.3893715 0.409068 0.4302591  
    0.4530205 0.4774796 0.5037777 0.5320651 0.5625381 0.595446  
    0.6310837 0.6695426 0.7095765 0.7507058 0.7928986 0.8361655  
    0.8805075 0.9259216 0.972456 1.0201154 1.0689459 1.1189713  
    1.1703016 1.2229702 1.2770299 1.3326017 1.3897166 1.4485395  
    1.5091244 1.5715981 1.6360693 1.7026708 1.771554 1.8427748  
    1.9165629 1.9929968 2.0722601 2.1544046 2.2396539 2.3280767  
    2.4198984 2.5151695 2.6140852 2.7167303 2.823309 2.9339867  
    3.0487259 3.1679003 3.2914901 3.4197554 3.5527853 3.6908868  
    3.8341059 3.9828106 4.1372175 4.2976112 4.4643659 4.6377779  
    4.8183078 5.0064336 5.2027636 5.4079086 5.6225272 5.8476384  
    6.0842685 6.3335163 6.5969815 6.8764657 7.1741421 7.4927143 7.83577  
    8.2078937 8.6154936 9.0670468 9.574329 10.1537458 10.8402475  
    11.6824093 13.1429743 0.0 
  CHII = 0.1192427 0.1235447 0.1286184 0.1342141 0.140454 0.1473169  
    0.1548597 0.1631631 0.1723199 0.1824238 0.1936192 0.20608 0.2200187  
    0.235709 0.2535069 0.2738704 0.2973043 0.322772 0.3490757 0.3761581  
    0.4040015 0.4326004 0.4619549 0.4920562 0.5228986 0.5544785  
    0.5868205 0.619937 0.6538375 0.6885621 0.7241585 0.7606531  
    0.7981184 0.8366104 0.8761968 0.9169452 0.9589624 1.0023064  
    1.0470685 1.09337 1.1412614 1.1909159 1.2423784 1.2958594 1.3514312  
    1.409178 1.4693335 1.5319684 1.5973317 1.6654178 1.7365043  
    1.8107591 1.8883179 1.9692998 2.0540345 2.1424566 2.2350347  
    2.3316931 2.4327706 2.5384959 2.6487497 2.7640625 2.8842823 3.00966  
    3.1404161 3.2764777 3.4178718 3.5646666 3.71702 3.8742562 4.0368531  
    4.2037665 4.3752968 4.5504921 4.7287286 4.9092813 5.0904976  
    5.2718618 5.450821 5.6255483 5.793673 5.9518926 6.0968713 6.2233432  
    6.3267786 6.4008264 6.4377901 6.4282452 6.3623368 6.2266288  
    6.006462 5.6804023 5.2282052 4.6223348 3.8206507 2.7720395  
    1.4092509 -0.3515507 -2.6267619 -5.9003247 0.0 
  NBDRY = 85 
  RBDRY = 1.1135501 1.1568359 1.253721 2.0554204 2.0064061 1.22996  
    1.073953 2.102371 2.2023472 1.5899212 1.0748685 2.0892609 1.2625238  
    1.0706666 1.9671009 2.0999099 2.0314574 2.2414751 1.2555277  
    1.0842785 1.8544293 2.0022267 1.238116 2.2336707 1.1449511  
    2.1483175 1.0822299 1.6828543 1.1133333 1.4728452 1.4111385  
    1.1214947 1.1053885 2.2304492 1.3918513 1.1383288 1.8933617  
    1.4507504 1.0765914 1.3028385 1.126609 1.5899137 1.2331766  
    2.1882732 1.2758234 1.7949055 1.2077696 1.9360971 1.2118587  
    1.0696852 1.8330753 1.0774974 1.2206421 1.0723732 1.3106515  
    2.1696867 1.2236822 2.1392923 1.6062813 1.0854187 1.5734301  
    2.1963884 1.1106924 1.2949426 2.2132508 1.0714219 1.2619701  
    1.2274882 1.8248924 2.2079918 2.092552 1.1397866 1.0926389  
    1.9804003 2.2134553 1.0870601 2.2391006 1.7688963 1.8636879  
    1.1165673 1.2267927 1.086644 1.2661044 1.206208 1.0956822 
  ZBDRY = 0.634797 0.8513759 1.1226334 0.5071222 0.5699778 1.0690497  
    0.1159106 -0.4865687 -0.2464958 -0.9472996 -0.2037732 0.4578217  
    -0.8645193 -0.1239682 0.6150609 0.4409641 0.538981 -0.0105082  
    1.1264831 0.3357159 0.7279307 -0.6367161 1.0881271 -0.1100913  
    -0.6155863 0.353814 -0.283316 -0.9085244 -0.4804519 1.0151487  
    -0.9583776 -0.5195133 0.5751902 -0.1298319 -0.9530686 0.7731226  
    -0.7547037 -0.9646341 0.1758574 1.1124601 0.7140142 0.9393546  
    1.0766775 0.2624131 -0.8791597 0.7810372 -0.7824714 -0.7122428  
    1.0235572 -0.0240269 -0.8078603 0.1958381 1.0462702 -0.1638959  
    1.1082261 -0.3411195 1.0538705 0.3716058 0.9280297 0.3557034  
    0.950636 -0.265608 0.6149414 1.1167301 -0.2079755 -0.1439374  
    1.1355783 -0.816757 0.7547407 -0.2272906 -0.5040686 -0.5963567  
    0.455604 0.6002034 0.1866368 -0.3229563 0.0493816 -0.8563433  
    -0.7818033 0.6546416 1.0614534 0.3756906 1.1333708 1.0086436  
    -0.3822235 
  NLIM = 5 
  RLIM = 2.377 1.001 1.001 2.377 2.377 
  ZLIM = 1.348 1.348 -1.363 -1.363 1.348 
  SHOT_ID = '150142' 
  TIME_ID = '20400' 
  J_RF = 0.0 0.0 0.0 0.0 0.0 0.0 0.0 0.0 0.0 0.0 0.0 0.0 0.0 0.0 0.0  
    0.0 0.0 0.0 0.0 0.0 0.0 0.0 0.0 0.0 0.0 0.0 0.0 0.0 0.0 0.0 0.0 0.0  
    0.0 0.0 0.0 0.0 0.0 0.0 0.0 0.0 0.0 0.0 0.0 0.0 0.0 0.0 0.0 0.0 0.0  
    0.0 0.0 0.0 0.0 0.0 0.0 0.0 0.0 0.0 0.0 0.0 0.0 0.0 0.0 0.0 0.0 0.0  
    0.0 0.0 0.0 0.0 0.0 0.0 0.0 0.0 0.0 0.0 0.0 0.0 0.0 0.0 0.0 0.0 0.0  
    0.0 0.0 0.0 0.0 0.0 0.0 0.0 0.0 0.0 0.0 0.0 0.0 0.0 0.0 0.0 0.0 0.0  
    0.0 
  PE_RF = 0.0 0.0 0.0 0.0 0.0 0.0 0.0 0.0 0.0 0.0 0.0 0.0 0.0 0.0 0.0  
    0.0 0.0 0.0 0.0 0.0 0.0 0.0 0.0 0.0 0.0 0.0 0.0 0.0 0.0 0.0 0.0 0.0  
    0.0 0.0 0.0 0.0 0.0 0.0 0.0 0.0 0.0 0.0 0.0 0.0 0.0 0.0 0.0 0.0 0.0  
    0.0 0.0 0.0 0.0 0.0 0.0 0.0 0.0 0.0 0.0 0.0 0.0 0.0 0.0 0.0 0.0 0.0  
    0.0 0.0 0.0 0.0 0.0 0.0 0.0 0.0 0.0 0.0 0.0 0.0 0.0 0.0 0.0 0.0 0.0  
    0.0 0.0 0.0 0.0 0.0 0.0 0.0 0.0 0.0 0.0 0.0 0.0 0.0 0.0 0.0 0.0 0.0  
    0.0 
  PI_RF = 0.0 0.0 0.0 0.0 0.0 0.0 0.0 0.0 0.0 0.0 0.0 0.0 0.0 0.0 0.0  
    0.0 0.0 0.0 0.0 0.0 0.0 0.0 0.0 0.0 0.0 0.0 0.0 0.0 0.0 0.0 0.0 0.0  
    0.0 0.0 0.0 0.0 0.0 0.0 0.0 0.0 0.0 0.0 0.0 0.0 0.0 0.0 0.0 0.0 0.0  
    0.0 0.0 0.0 0.0 0.0 0.0 0.0 0.0 0.0 0.0 0.0 0.0 0.0 0.0 0.0 0.0 0.0  
    0.0 0.0 0.0 0.0 0.0 0.0 0.0 0.0 0.0 0.0 0.0 0.0 0.0 0.0 0.0 0.0 0.0  
    0.0 0.0 0.0 0.0 0.0 0.0 0.0 0.0 0.0 0.0 0.0 0.0 0.0 0.0 0.0 0.0 0.0  
    0.0 
/

