&INSTATE
  TOKAMAK_ID = 'd3d' 
  MODEL_SHAPE = 0 
  DENSITY_MODEL = 0 
  R0 = 1.6955 
  B0 = 2.0058094 
  IP = 0.7779315 
  KAPPA = 1.5409307 
  DELTA = 0.74984 
  ASPECT = 0.377658 
  RMAJOR = 1.6955 
  AMINOR = 0.6403192 
  N_ION = 1 
  Z_ION = 1 
  A_ION = 2 
  F_ION = 1 
  N_IMP = 1 
  Z_IMP = 6 
  A_IMP = 12 
  F_IMP = 1 
  N_MIN = 0 
  Z_MIN = 1 
  A_MIN = 1 
  N_BEAM = 1 
  Z_BEAM = 1 
  A_BEAM = 2 
  N_FUSION = 1 
  Z_FUSION = 2 
  A_FUSION = 4 
  RHO = 0.0 0.01 0.02 0.03 0.04 0.05 0.06 0.07 0.08 0.09 0.1 0.11 0.12  
    0.13 0.14 0.15 0.16 0.17 0.18 0.19 0.2 0.21 0.22 0.23 0.24 0.25  
    0.26 0.27 0.28 0.29 0.3 0.31 0.32 0.33 0.34 0.35 0.36 0.37 0.38  
    0.39 0.4 0.41 0.42 0.43 0.44 0.45 0.46 0.47 0.48 0.49 0.5 0.51 0.52  
    0.53 0.54 0.55 0.56 0.57 0.58 0.59 0.6 0.61 0.62 0.63 0.64 0.65  
    0.66 0.67 0.68 0.69 0.7 0.71 0.72 0.73 0.74 0.75 0.76 0.77 0.78  
    0.79 0.8 0.81 0.82 0.83 0.84 0.85 0.86 0.87 0.88 0.89 0.9 0.91 0.92  
    0.93 0.94 0.95 0.96 0.97 0.98 0.99 1.0 
  NRHO = 101 
  PSIPOL = -0.4235719 -0.4234942 -0.4232604 -0.4228715 -0.4223331  
    -0.4216542 -0.4208435 -0.4199075 -0.4188499 -0.417673 -0.4163789  
    -0.4149705 -0.4134509 -0.4118232 -0.4100903 -0.4082554 -0.4063212  
    -0.4042904 -0.4021669 -0.3999544 -0.3976563 -0.395276 -0.392817  
    -0.3902828 -0.3876768 -0.3850026 -0.382264 -0.3794646 -0.376608  
    -0.3736981 -0.3707385 -0.3677329 -0.3646848 -0.3615979 -0.3584756  
    -0.3553215 -0.3521387 -0.3489307 -0.3457004 -0.342451 -0.3391852  
    -0.3359059 -0.3326157 -0.3293171 -0.3260124 -0.3227037 -0.3193933  
    -0.3160831 -0.3127751 -0.3094712 -0.3061732 -0.302883 -0.2996021  
    -0.2963322 -0.293075 -0.289832 -0.2866048 -0.2833951 -0.2802042  
    -0.2770337 -0.2738851 -0.2707597 -0.2676589 -0.264584 -0.2615362  
    -0.2585168 -0.255527 -0.2525677 -0.2496402 -0.2467454 -0.2438844  
    -0.241058 -0.2382672 -0.2355128 -0.2327957 -0.2301166 -0.2274761  
    -0.2248748 -0.2223132 -0.2197917 -0.2173107 -0.2148708 -0.2124724  
    -0.2101158 -0.2078015 -0.2055301 -0.2033022 -0.2011184 -0.1989795  
    -0.1968866 -0.194841 -0.192844 -0.1908977 -0.1890046 -0.1871678  
    -0.1853917 -0.1836828 -0.182051 -0.1805141 -0.1790571 -0.1780395 
  RHOPSI = 0.0 0.1 0.1414214 0.1732051 0.2 0.2236068 0.244949 0.2645751  
    0.2828427 0.3 0.3162278 0.3316625 0.3464102 0.3605551 0.3741657  
    0.3872983 0.4 0.4123106 0.4242641 0.4358899 0.4472136 0.4582576  
    0.4690416 0.4795832 0.4898979 0.5 0.509902 0.5196152 0.5291503  
    0.5385165 0.5477226 0.5567764 0.5656854 0.5744563 0.5830952  
    0.591608 0.6 0.6082763 0.6164414 0.6244998 0.6324555 0.6403124  
    0.6480741 0.6557439 0.663325 0.6708204 0.678233 0.6855655 0.6928203  
    0.7 0.7071068 0.7141428 0.7211103 0.728011 0.7348469 0.7416198  
    0.7483315 0.7549834 0.7615773 0.7681146 0.7745967 0.781025  
    0.7874008 0.7937254 0.8 0.8062258 0.8124038 0.8185353 0.8246211  
    0.8306624 0.83666 0.842615 0.8485281 0.8544004 0.8602325 0.8660254  
    0.8717798 0.8774964 0.8831761 0.8888194 0.8944272 0.9 0.9055385  
    0.9110434 0.9165151 0.9219544 0.9273618 0.9327379 0.9380832  
    0.9433981 0.9486833 0.9539392 0.9591663 0.9643651 0.969536  
    0.9746794 0.9797959 0.9848858 0.9899495 0.9949874 1.0 
  Q = -0.8188341 -0.8178099 -0.8147375 -0.81906 -0.8324212 -0.8512896  
    -0.8722435 -0.8923315 -0.910046 -0.9257415 -0.9404766 -0.9548677  
    -0.9690954 -0.9832912 -0.9974277 -1.0116622 -1.0258334 -1.0400441  
    -1.0552697 -1.070789 -1.0867333 -1.1031271 -1.1200234 -1.1374666  
    -1.1554795 -1.1741269 -1.1934799 -1.2135519 -1.2343949 -1.2560413  
    -1.2785126 -1.3018414 -1.3260394 -1.3511415 -1.3771843 -1.4041798  
    -1.4321345 -1.4610662 -1.4909865 -1.5219053 -1.5538299 -1.586766  
    -1.6207169 -1.6556702 -1.6916162 -1.7285778 -1.7665864 -1.8056696  
    -1.8458637 -1.8872 -1.9297041 -1.9734119 -2.018372 -2.0646459  
    -2.1123027 -2.161429 -2.2120931 -2.2643616 -2.3183165 -2.3740431  
    -2.4316396 -2.4911794 -2.5527329 -2.6163896 -2.6822432 -2.7503953  
    -2.8209526 -2.8940288 -2.9697502 -3.0482301 -3.12961 -3.2140333  
    -3.3016497 -3.3926214 -3.4870555 -3.5850851 -3.6868303 -3.7924134  
    -3.9020056 -4.0158168 -4.1340805 -4.2570745 -4.385118 -4.5185925  
    -4.6579581 -4.8037732 -4.9567165 -5.117618 -5.2875268 -5.4678204  
    -5.6601818 -5.8670019 -6.0913266 -6.3374013 -6.6116659 -6.9245681  
    -7.293911 -7.7566141 -8.3979516 -8.8011597 -21.0189647 
  NE = 2.5441468 2.5436885 2.5423271 2.5400832 2.5369764 2.533027  
    2.5282551 2.5226808 2.5163247 2.5092065 2.5013467 2.4927655  
    2.4834825 2.4735187 2.4628935 2.4516277 2.4397407 2.4272531  
    2.4141847 2.4005571 2.3863884 2.3717002 2.3565118 2.3408444  
    2.3247168 2.3081502 2.2911643 2.2737797 2.256016 2.2378936  
    2.2194326 2.2006536 2.181576 2.1622202 2.1426073 2.1227563  
    2.1026876 2.0824218 2.0619786 2.0413783 2.0206411 1.9997873  
    1.9788368 1.9578098 1.9367264 1.9156076 1.894472 1.8733409  
    1.8522346 1.8311725 1.8101751 1.7892626 1.7684552 1.7477727  
    1.7272359 1.7068646 1.6866789 1.6666988 1.6469451 1.6274372  
    1.6081958 1.5892411 1.5705928 1.5522715 1.534297 1.5166896  
    1.4994696 1.4826569 1.4662722 1.4503348 1.4348654 1.4198579  
    1.4051787 1.3906551 1.3761147 1.3613851 1.3462941 1.3306692  
    1.3143377 1.2971273 1.2788661 1.2593808 1.2384997 1.2160498  
    1.1918592 1.1657552 1.1375655 1.1071176 1.0742389 1.0387575  
    1.0005005 0.9593892 0.9156527 0.8695823 0.8214698 0.771607  
    0.7202857 0.6677973 0.614434 0.5604872 0.5062486 
  TE = 2.2785048 2.277941 2.276264 2.2734928 2.2696483 2.2647507  
    2.2588201 2.2518768 2.2439418 2.235034 2.2251742 2.2143831  
    2.2026803 2.1900861 2.1766212 2.1623054 2.1471591 2.1312025  
    2.1144557 2.0969393 2.0786731 2.0596778 2.039973 2.0195794  
    1.9985175 1.9768068 1.954468 1.9315216 1.9079869 1.8838851  
    1.8592362 1.8340601 1.808377 1.7822076 1.755572 1.7284902 1.7009825  
    1.6730694 1.6447707 1.6161072 1.5870985 1.5577652 1.5281278  
    1.4982058 1.46802 1.4375904 1.4069376 1.3760813 1.3450421 1.3138401  
    1.2824954 1.2510287 1.2194597 1.1878091 1.1560966 1.124343  
    1.0925683 1.0607924 1.029036 0.9973193 0.9656622 0.9340858  
    0.9026146 0.8712741 0.8400901 0.8090883 0.7782945 0.7477343  
    0.7174334 0.6874177 0.6577128 0.6283446 0.5993386 0.5707204  
    0.542516 0.5147511 0.4874513 0.4606424 0.43435 0.4086 0.383418  
    0.3588297 0.334861 0.3115373 0.2888847 0.2669287 0.245695 0.2252094  
    0.2054976 0.1865853 0.1684977 0.1512204 0.1346774 0.118787  
    0.1034676 0.0886378 0.0742159 0.0601203 0.0462695 0.0325818  
    0.0189757 
  TI = 3.7861438 3.7822726 3.7709181 3.7524698 3.7273173 3.6958497  
    3.6584573 3.6155286 3.5674534 3.5146208 3.4574211 3.3962431  
    3.3314762 3.2635104 3.1927347 3.1195381 3.0443108 2.9674418  
    2.8893209 2.8103375 2.7308805 2.65134 2.5721052 2.4935654 2.41611  
    2.3401287 2.2659926 2.1938368 2.1236348 2.0553562 1.9889705  
    1.9244483 1.8617593 1.8008728 1.7417591 1.6843875 1.6287289  
    1.5747526 1.5224275 1.4717244 1.4226133 1.3750635 1.3290448  
    1.2845277 1.2414811 1.1998754 1.1596809 1.1208665 1.0834028  
    1.0472588 1.0124049 0.9788108 0.9464467 0.9152817 0.8852861  
    0.8564303 0.8286828 0.8020145 0.7763947 0.7517936 0.7281808  
    0.7055262 0.6837994 0.6629705 0.6430098 0.6238861 0.6055697  
    0.5880308 0.571239 0.5551636 0.5397752 0.5250432 0.5109378  
    0.4974286 0.4844853 0.472078 0.4601762 0.4487502 0.4377695 0.427204  
    0.4170235 0.407198 0.3976971 0.3884908 0.3795489 0.3708411  
    0.3623376 0.3540078 0.3458219 0.3377494 0.3297604 0.3218295  
    0.3139481 0.3061106 0.2983114 0.2905452 0.2828064 0.2750896  
    0.2673892 0.2596998 0.2520159 
  ZEFF = 1.2761916 1.2760795 1.275754 1.2752317 1.2745285 1.2736602  
    1.2726423 1.2714901 1.2702189 1.2688439 1.2673804 1.2658437  
    1.2642492 1.2626126 1.2609496 1.2592764 1.2576095 1.2559655  
    1.254362 1.2528164 1.2513472 1.2499731 1.2487137 1.247589 1.24662  
    1.2458285 1.245237 1.244869 1.2447488 1.2449021 1.2453554 1.2461364  
    1.2472739 1.2487983 1.250741 1.2531349 1.2560145 1.2594155  
    1.2633757 1.2679309 1.2730796 1.2787917 1.2850358 1.2917786  
    1.2989854 1.3066197 1.3146434 1.3230159 1.3316945 1.3406345  
    1.3497884 1.3591059 1.368534 1.3780168 1.387495 1.3969062 1.4061846  
    1.4152605 1.4240608 1.4325087 1.4405234 1.4480198 1.4549103  
    1.461134 1.4666734 1.4715137 1.4756406 1.4790399 1.4816974  
    1.4836001 1.484735 1.4850993 1.4847354 1.4837023 1.4820614  
    1.4798763 1.4772113 1.4741324 1.4707056 1.4669976 1.4630751  
    1.4590061 1.4548591 1.4507047 1.4466156 1.4426692 1.4389483  
    1.4355442 1.4325601 1.4224603 1.4193699 1.4095166 1.3928046  
    1.3691605 1.3386914 1.3019765 1.260692 1.218954 1.1860054 1.1817239  
    1.1854869 
  P_EQ = 42264.376958 42252.3387048 42216.2239451 42119.8804192  
    41970.8489605 41767.2493114 41523.9716758 41235.1470435  
    40889.8976235 40490.5769182 40044.5414426 39553.0971775  
    39016.6771735 38437.8204855 37820.2143345 37166.6362425  
    36481.0010333 35767.8270458 35027.7832933 34262.5421393  
    33477.5976496 32676.1839622 31861.972409 31039.9483158  
    30211.0924999 29377.935786 28544.2724104 27711.6555436  
    26882.7456889 26058.9786732 25242.3576068 24435.6730434  
    23638.2158315 22850.3286222 22074.228371 21310.9157588 20561.113468  
    19824.0507015 19102.0167386 18397.6249683 17708.8517389  
    17035.1473582 16377.770654 15736.773011 15112.4435911 14505.6160672  
    13915.6812021 13341.6515022 12783.6303456 12242.0882856  
    11716.8912646 11207.5159482 10713.4545757 10234.774506 9771.6244275  
    9323.2758828 8889.2852708 8469.3670256 8063.2153024 7670.3574029  
    7290.7953843 6924.2732694 6570.5378594 6229.394935 5900.665984  
    5583.9967195 5279.0650372 4985.8064378 4704.1152227 4433.951074  
    4174.9917181 3927.0602432 3689.6020102 3462.8361139 3246.1981165  
    3039.3846278 2842.0591751 2653.9065087 2474.6132548 2303.8940176  
    2141.4509507 1986.9928958 1840.2225435 1700.850061 1568.5704329  
    1443.1282028 1324.2402544 1211.6351088 1105.0580909 1004.7208029  
    909.5217265 819.9272602 735.707237 656.6482308 582.5182143  
    513.0771501 448.0523588 387.1240144 329.6835302 274.8631514  
    223.0284254 
  OMEGA = 113970.8671875 113734.6718672 113062.2968383 112008.1092948  
    110626.4608029 108971.7188809 107098.2028632 105060.3047498  
    102912.3511735 100708.7117258 98503.7347004 96340.64831  
    94226.2103769 92159.6630885 90140.328244 88167.4074122  
    86240.2024439 84357.9768951 82519.9700489 80725.4839523  
    78973.7739532 77264.0770178 75595.7341786 73967.9225458  
    72379.9366588 70831.09375 69320.5845152 67847.7515601 66411.7892315  
    65012.0457219 63647.6266055 62318.0003129 61022.3037728  
    59759.8727276 58529.8949654 57331.7297639 56164.5524289  
    55027.6919412 53920.4018227 52841.9672276 51791.5709303  
    50768.593389 49772.2135544 48801.7155288 47856.3825901  
    46935.5184478 46038.3015202 45164.0506784 44312.0537851  
    43481.5515633 42671.7695312 41882.0344124 41111.6001109  
    40359.6970934 39625.6460878 38908.6570949 38208.0275089  
    37523.0307654 36852.9324873 36196.9670475 35554.4351104  
    34924.5790174 34306.6877919 33700.0075257 33103.7921229  
    32517.3716595 31939.9350972 31370.7860998 30809.2035242  
    30254.4334622 29705.7415366 29162.3972766 28623.661692  
    28088.8135171 27557.1215997 27027.8320313 26500.2221535  
    25973.5654019 25447.1156806 24920.1476165 24391.9205527  
    23861.8438766 23329.8804782 22796.1260609 22260.6821874  
    21723.6477665 21185.119912 20645.1994765 20103.9860698  
    19561.5832077 19018.0846405 18473.5912729 17928.2020828  
    17382.0199222 16835.1404945 16287.6614564 15739.6912066  
    15191.3189521 14642.6494842 14093.7807969 13544.8134766 
  PPRIME = -0.0 -0.0 -0.0 -0.0 -0.0 -0.0 -0.0 -0.0 -0.0 -0.0 -0.0 -0.0  
    -0.0 -0.0 -0.0 -0.0 -0.0 -0.0 -0.0 -0.0 -0.0 -0.0 -0.0 -0.0 -0.0  
    -0.0 -0.0 -0.0 -0.0 -0.0 -0.0 -0.0 -0.0 -0.0 -0.0 -0.0 -0.0 -0.0  
    -0.0 -0.0 -0.0 -0.0 -0.0 -0.0 -0.0 -0.0 -0.0 -0.0 -0.0 -0.0 -0.0  
    -0.0 -0.0 -0.0 -0.0 -0.0 -0.0 -0.0 -0.0 -0.0 -0.0 -0.0 -0.0 -0.0  
    -0.0 -0.0 -0.0 -0.0 -0.0 -0.0 -0.0 -0.0 -0.0 -0.0 -0.0 -0.0 -0.0  
    -0.0 -0.0 -0.0 -0.0 -0.0 -0.0 -0.0 -0.0 -0.0 -0.0 -0.0 -0.0 -0.0  
    -0.0 -0.0 -0.0 -0.0 -0.0 -0.0 -0.0 -0.0 -0.0 -0.0 -0.0 
  FFPRIME = -4.3378398 -4.3427107 -4.180248 -3.7915564 -3.5116199  
    -3.2798643 -3.1157714 -2.9634397 -2.8317971 -2.7301116 -2.6410262  
    -2.5536211 -2.4713831 -2.396294 -2.3271063 -2.2631718 -2.2051159  
    -2.148947 -2.0912508 -2.0363158 -1.9850486 -1.9349573 -1.8874958  
    -1.8408982 -1.7925304 -1.743924 -1.6952396 -1.6459735 -1.5961099  
    -1.5457993 -1.4962027 -1.4461396 -1.3942018 -1.3420217 -1.2907185  
    -1.2400591 -1.1892367 -1.1392969 -1.0923664 -1.0463252 -0.9995327  
    -0.9538526 -0.9099798 -0.8678078 -0.8274235 -0.7879652 -0.748624  
    -0.7098924 -0.6726806 -0.6371763 -0.6029378 -0.5696545 -0.5375749  
    -0.5068949 -0.4771498 -0.4481307 -0.4201684 -0.3933364 -0.3673091  
    -0.3421033 -0.3181639 -0.2956988 -0.2746005 -0.2547547 -0.2360168  
    -0.2182142 -0.2014917 -0.1858834 -0.1713757 -0.157862 -0.145078  
    -0.1327441 -0.1211532 -0.1104093 -0.1002348 -0.0907086 -0.0817939  
    -0.0734549 -0.0656598 -0.0583793 -0.0515355 -0.0450435 -0.0388688  
    -0.032952 -0.0272235 -0.0216159 -0.0160508 -0.0104751 -0.0050349  
    0.000551 0.0063012 0.0119269 0.0175486 0.0232569 0.0291592  
    0.0354338 0.0424086 0.0508291 0.0604507 0.0893293 0.090606 
  J_OH = 1.9693998 1.9602404 1.9160654 1.8360035 1.7303211 1.6245006  
    1.5384989 1.4792734 1.4382589 1.4017176 1.3640403 1.3274648  
    1.2931812 1.2603687 1.2287784 1.1981841 1.1684768 1.1392232  
    1.1107812 1.0828401 1.0554634 1.0285009 1.001892 0.9758864  
    0.9500247 0.9245464 0.899135 0.8743798 0.84953 0.8250957 0.8007365  
    0.7767215 0.7528349 0.7292576 0.7057978 0.6825306 0.6595853  
    0.6367675 0.6143603 0.5920044 0.5701403 0.5483019 0.5270683  
    0.5059066 0.4852685 0.4650188 0.4452357 0.4259094 0.4071054  
    0.3888211 0.3709365 0.3537366 0.3370112 0.3208966 0.3054073  
    0.2905454 0.2762399 0.262511 0.2493837 0.2369472 0.2251083  
    0.2136811 0.2028783 0.1926496 0.1828529 0.1736418 0.1648274  
    0.1564899 0.1486509 0.141102 0.1339806 0.1272249 0.1208969  
    0.1148212 0.1090466 0.1035557 0.098308 0.0932962 0.0885154  
    0.0839339 0.0795264 0.0753198 0.0712447 0.067292 0.0634414  
    0.0596705 0.0559438 0.0522389 0.0485675 0.0449221 0.0412479  
    0.0375941 0.0339988 0.0304403 0.0268797 0.023287 0.0196072  
    0.0157753 0.0117696 0.0073889 0.0083678 
  J_BS = 0.0 0.0010796 0.0050618 0.0126453 0.0226848 0.0334022  
    0.0427812 0.049678 0.0544521 0.0584822 0.0625353 0.0664073  
    0.0698603 0.0729424 0.0756831 0.0780921 0.0801997 0.0820314  
    0.0836053 0.0849113 0.0859467 0.0867395 0.0872761 0.0875445  
    0.0875823 0.0874272 0.0871072 0.0866704 0.0861627 0.0855969  
    0.0849726 0.0842985 0.0836004 0.0828714 0.0820922 0.0812793  
    0.0804501 0.0795907 0.0786829 0.077746 0.0767946 0.0758154  
    0.0748019 0.0737524 0.0726697 0.0715654 0.0704443 0.0693039  
    0.0681433 0.066964 0.0657706 0.0645645 0.0633471 0.0621202 0.060885  
    0.0596463 0.058407 0.0571645 0.0559203 0.0546781 0.0534389  
    0.0522011 0.0509643 0.0497332 0.0485124 0.0473028 0.0461031  
    0.0449124 0.0437314 0.0425627 0.0414154 0.040334 0.0393607 0.038494  
    0.0377186 0.0370174 0.0363747 0.0357744 0.0351994 0.0346333  
    0.0340596 0.0334613 0.0328215 0.0321241 0.0313534 0.0304937  
    0.0295317 0.0284562 0.0271524 0.0258291 0.0244207 0.0227353  
    0.0209652 0.0191131 0.0171783 0.0151501 0.013005 0.0107051  
    0.0081741 0.005392 0.0025014 
  J_NB = 0.1497843 0.1597726 0.1897375 0.2159214 0.2384764 0.2572364  
    0.2715083 0.2817209 0.2892358 0.2953937 0.30058 0.3044316 0.307314  
    0.3094666 0.3108699 0.3117778 0.3120679 0.3121155 0.3114801  
    0.3104661 0.3088066 0.3063889 0.3034152 0.2998098 0.2956715  
    0.2904594 0.2848162 0.2782185 0.2713323 0.2638521 0.2561996  
    0.2482624 0.2402074 0.2317146 0.223268 0.215026 0.206878 0.1990509  
    0.1913352 0.184173 0.1771183 0.1706244 0.1642543 0.1587126  
    0.1533588 0.1481132 0.1429502 0.1379157 0.1329962 0.1283343  
    0.124076 0.1198708 0.1158904 0.1119195 0.1079169 0.1039228  
    0.1000509 0.0962811 0.0924709 0.0884491 0.0844722 0.0808985  
    0.0774422 0.0740684 0.0708831 0.0676813 0.0646448 0.0616493  
    0.0586551 0.055874 0.0530567 0.0501412 0.0470552 0.0440385  
    0.0410639 0.0381407 0.0353097 0.0325693 0.0299174 0.0273853  
    0.024978 0.0226426 0.0204509 0.018403 0.0164884 0.0147042 0.0130647  
    0.0115675 0.010214 0.0089912 0.0078928 0.0069032 0.0060026  
    0.0051711 0.0044177 0.0037314 0.0031028 0.0025251 0.0019808  
    0.0014419 0.0008556 
  J_EC = 0.0 0.0 0.0 0.0 0.0 0.0 0.0 0.0 0.0 0.0 0.0 0.0 0.0 0.0 0.0  
    0.0 0.0 0.0 0.0 0.0 0.0 0.0 0.0 0.0 0.0 0.0 0.0 0.0 0.0 0.0 0.0 0.0  
    0.0 0.0 0.0 0.0 0.0 0.0 0.0 0.0 0.0 0.0 0.0 0.0 0.0 0.0 0.0 0.0 0.0  
    0.0 0.0 0.0 0.0 0.0 0.0 0.0 0.0 0.0 0.0 0.0 0.0 0.0 0.0 0.0 0.0 0.0  
    0.0 0.0 0.0 0.0 0.0 0.0 0.0 0.0 0.0 0.0 0.0 0.0 0.0 0.0 0.0 0.0 0.0  
    0.0 0.0 0.0 0.0 0.0 0.0 0.0 0.0 0.0 0.0 0.0 0.0 0.0 0.0 0.0 0.0 0.0  
    0.0 
  J_IC = 0.0 0.0 0.0 0.0 0.0 0.0 0.0 0.0 0.0 0.0 0.0 0.0 0.0 0.0 0.0  
    0.0 0.0 0.0 0.0 0.0 0.0 0.0 0.0 0.0 0.0 0.0 0.0 0.0 0.0 0.0 0.0 0.0  
    0.0 0.0 0.0 0.0 0.0 0.0 0.0 0.0 0.0 0.0 0.0 0.0 0.0 0.0 0.0 0.0 0.0  
    0.0 0.0 0.0 0.0 0.0 0.0 0.0 0.0 0.0 0.0 0.0 0.0 0.0 0.0 0.0 0.0 0.0  
    0.0 0.0 0.0 0.0 0.0 0.0 0.0 0.0 0.0 0.0 0.0 0.0 0.0 0.0 0.0 0.0 0.0  
    0.0 0.0 0.0 0.0 0.0 0.0 0.0 0.0 0.0 0.0 0.0 0.0 0.0 0.0 0.0 0.0 0.0  
    0.0 
  J_LH = 0.0 0.0 0.0 0.0 0.0 0.0 0.0 0.0 0.0 0.0 0.0 0.0 0.0 0.0 0.0  
    0.0 0.0 0.0 0.0 0.0 0.0 0.0 0.0 0.0 0.0 0.0 0.0 0.0 0.0 0.0 0.0 0.0  
    0.0 0.0 0.0 0.0 0.0 0.0 0.0 0.0 0.0 0.0 0.0 0.0 0.0 0.0 0.0 0.0 0.0  
    0.0 0.0 0.0 0.0 0.0 0.0 0.0 0.0 0.0 0.0 0.0 0.0 0.0 0.0 0.0 0.0 0.0  
    0.0 0.0 0.0 0.0 0.0 0.0 0.0 0.0 0.0 0.0 0.0 0.0 0.0 0.0 0.0 0.0 0.0  
    0.0 0.0 0.0 0.0 0.0 0.0 0.0 0.0 0.0 0.0 0.0 0.0 0.0 0.0 0.0 0.0 0.0  
    0.0 
  J_HC = 0.0 0.0 0.0 0.0 0.0 0.0 0.0 0.0 0.0 0.0 0.0 0.0 0.0 0.0 0.0  
    0.0 0.0 0.0 0.0 0.0 0.0 0.0 0.0 0.0 0.0 0.0 0.0 0.0 0.0 0.0 0.0 0.0  
    0.0 0.0 0.0 0.0 0.0 0.0 0.0 0.0 0.0 0.0 0.0 0.0 0.0 0.0 0.0 0.0 0.0  
    0.0 0.0 0.0 0.0 0.0 0.0 0.0 0.0 0.0 0.0 0.0 0.0 0.0 0.0 0.0 0.0 0.0  
    0.0 0.0 0.0 0.0 0.0 0.0 0.0 0.0 0.0 0.0 0.0 0.0 0.0 0.0 0.0 0.0 0.0  
    0.0 0.0 0.0 0.0 0.0 0.0 0.0 0.0 0.0 0.0 0.0 0.0 0.0 0.0 0.0 0.0 0.0  
    0.0 
  J_TOT = 2.1228227 2.1228227 2.1125867 2.0662538 1.9931034 1.9166923  
    1.8542837 1.8121275 1.783375 1.7569978 1.7285345 1.6996547  
    1.6716755 1.6440737 1.6166138 1.5893195 1.5619896 1.5346148  
    1.5071163 1.4794715 1.4514839 1.4229176 1.3939026 1.3646027  
    1.3346948 1.3039158 1.2726217 1.2409272 1.2087941 1.1764407  
    1.1439481 1.111482 1.0790186 1.0464102 1.0139295 0.9818258 0.950133  
    0.9188679 0.8880833 0.857879 0.8282615 0.7992013 0.7708317  
    0.7433203 0.7164774 0.6900959 0.6642299 0.6389101 0.614184  
    0.5901898 0.5669544 0.5444094 0.5225129 0.5011835 0.4803936  
    0.4601905 0.4406217 0.421687 0.4032732 0.3853058 0.3679531 0.351391  
    0.3355509 0.3203576 0.3057854 0.2917896 0.2783674 0.2654797  
    0.2531149 0.2412837 0.2298886 0.2188546 0.2082174 0.1980434  
    0.1883415 0.1790881 0.1702659 0.1618445 0.1537936 0.1460905  
    0.1386929 0.131553 0.124652 0.1179611 0.1114304 0.1050162 0.0986818  
    0.0923892 0.0860355 0.0798078 0.0735792 0.0671912 0.0608549  
    0.0545323 0.0481945 0.0417964 0.0352728 0.0285452 0.0215192  
    0.0139545 0.011519 
  P_EI = -0.0557379 -0.0556157 -0.0552582 -0.0546794 -0.0538929  
    -0.0529127 -0.0517525 -0.050426 -0.0489471 -0.0473294 -0.0455867  
    -0.0437325 -0.0417805 -0.0397442 -0.0376371 -0.0354726 -0.0332641  
    -0.031025 -0.0287686 -0.0265082 -0.024257 -0.0220282 -0.0198352  
    -0.017691 -0.0156091 -0.0136026 -0.0116844 -0.0098582 -0.0081222  
    -0.0064738 -0.004911 -0.0034314 -0.0020329 -0.0007132 0.0005298  
    0.0016984 0.0027946 0.0038207 0.0047787 0.0056707 0.0064987  
    0.0072647 0.0079708 0.0086186 0.0092102 0.0097473 0.0102316  
    0.0106649 0.0110486 0.0113843 0.0116733 0.0119171 0.0121168  
    0.0122735 0.0123881 0.0124615 0.0124942 0.0124867 0.0124392  
    0.0123518 0.0122241 0.0120556 0.0118455 0.0115926 0.0112953  
    0.0109517 0.010559 0.0101139 0.0096122 0.009049 0.008418 0.0077115  
    0.0069192 0.0060292 0.0050286 0.0039036 0.0026393 0.0012196  
    -0.0003724 -0.0021547 -0.0041464 -0.0063672 -0.0088373 -0.0115777  
    -0.0146088 -0.0179506 -0.0216217 -0.0256379 -0.0300106 -0.0347234  
    -0.0398067 -0.0452308 -0.0510982 -0.0576036 -0.065087 -0.0741526  
    -0.0859317 -0.1027351 -0.1299763 -0.1834893 -0.3322264 
  SE_NB = 0.0 0.0 0.0 0.0 0.0 0.0 0.0 0.0 0.0 0.0 0.0 0.0 0.0 0.0 0.0  
    0.0 0.0 0.0 0.0 0.0 0.0 0.0 0.0 0.0 0.0 0.0 0.0 0.0 0.0 0.0 0.0 0.0  
    0.0 0.0 0.0 0.0 0.0 0.0 0.0 0.0 0.0 0.0 0.0 0.0 0.0 0.0 0.0 0.0 0.0  
    0.0 0.0 0.0 0.0 0.0 0.0 0.0 0.0 0.0 0.0 0.0 0.0 0.0 0.0 0.0 0.0 0.0  
    0.0 0.0 0.0 0.0 0.0 0.0 0.0 0.0 0.0 0.0 0.0 0.0 0.0 0.0 0.0 0.0 0.0  
    0.0 0.0 0.0 0.0 0.0 0.0 0.0 0.0 0.0 0.0 0.0 0.0 0.0 0.0 0.0 0.0 0.0  
    0.0 
  PE_NB = 0.2102263 0.2101418 0.2103664 0.2103155 0.2100786 0.2096064  
    0.2090119 0.2082415 0.207211 0.2059226 0.2044111 0.2026757  
    0.2007125 0.1985308 0.1961518 0.1935881 0.1908562 0.1879786  
    0.1849547 0.1817896 0.178512 0.1751373 0.1716817 0.168171 0.1646057  
    0.1609966 0.1573605 0.1537032 0.1500456 0.1463983 0.142774 0.139193  
    0.1356488 0.1321423 0.1286905 0.1253 0.1219756 0.1187092 0.1155184  
    0.1124239 0.1094078 0.1064641 0.1036019 0.1008205 0.0981214  
    0.0955109 0.0929831 0.0905284 0.0881467 0.0858417 0.0836114  
    0.0814509 0.0793548 0.0773233 0.0753578 0.0734506 0.0715969  
    0.0697932 0.0680361 0.0663199 0.0646444 0.0630066 0.0614029  
    0.0598305 0.0582868 0.0567669 0.0552661 0.0537836 0.0523179  
    0.0508692 0.0494328 0.0480069 0.0465801 0.0451701 0.0437673  
    0.0423719 0.0409832 0.0396015 0.0382276 0.0368637 0.0355124  
    0.0341767 0.03286 0.0315666 0.0302995 0.0290658 0.02787 0.0267178  
    0.0256167 0.0245755 0.0236009 0.0227047 0.0219011 0.021206  
    0.0206392 0.0202321 0.0200361 0.0201526 0.0206857 0.0218068  
    0.0236391 
  PE_EC = 0.0 0.0 0.0 0.0 0.0 0.0 0.0 0.0 0.0 0.0 0.0 0.0 0.0 0.0 0.0  
    0.0 0.0 0.0 0.0 0.0 0.0 0.0 0.0 0.0 0.0 0.0 0.0 0.0 0.0 0.0 0.0 0.0  
    0.0 0.0 0.0 0.0 0.0 0.0 0.0 0.0 0.0 0.0 0.0 0.0 0.0 0.0 0.0 0.0 0.0  
    0.0 0.0 0.0 0.0 0.0 0.0 0.0 0.0 0.0 0.0 0.0 0.0 0.0 0.0 0.0 0.0 0.0  
    0.0 0.0 0.0 0.0 0.0 0.0 0.0 0.0 0.0 0.0 0.0 0.0 0.0 0.0 0.0 0.0 0.0  
    0.0 0.0 0.0 0.0 0.0 0.0 0.0 0.0 0.0 0.0 0.0 0.0 0.0 0.0 0.0 0.0 0.0  
    0.0 
  PE_IC = 0.0 0.0 0.0 0.0 0.0 0.0 0.0 0.0 0.0 0.0 0.0 0.0 0.0 0.0 0.0  
    0.0 0.0 0.0 0.0 0.0 0.0 0.0 0.0 0.0 0.0 0.0 0.0 0.0 0.0 0.0 0.0 0.0  
    0.0 0.0 0.0 0.0 0.0 0.0 0.0 0.0 0.0 0.0 0.0 0.0 0.0 0.0 0.0 0.0 0.0  
    0.0 0.0 0.0 0.0 0.0 0.0 0.0 0.0 0.0 0.0 0.0 0.0 0.0 0.0 0.0 0.0 0.0  
    0.0 0.0 0.0 0.0 0.0 0.0 0.0 0.0 0.0 0.0 0.0 0.0 0.0 0.0 0.0 0.0 0.0  
    0.0 0.0 0.0 0.0 0.0 0.0 0.0 0.0 0.0 0.0 0.0 0.0 0.0 0.0 0.0 0.0 0.0  
    0.0 
  PE_LH = 0.0 0.0 0.0 0.0 0.0 0.0 0.0 0.0 0.0 0.0 0.0 0.0 0.0 0.0 0.0  
    0.0 0.0 0.0 0.0 0.0 0.0 0.0 0.0 0.0 0.0 0.0 0.0 0.0 0.0 0.0 0.0 0.0  
    0.0 0.0 0.0 0.0 0.0 0.0 0.0 0.0 0.0 0.0 0.0 0.0 0.0 0.0 0.0 0.0 0.0  
    0.0 0.0 0.0 0.0 0.0 0.0 0.0 0.0 0.0 0.0 0.0 0.0 0.0 0.0 0.0 0.0 0.0  
    0.0 0.0 0.0 0.0 0.0 0.0 0.0 0.0 0.0 0.0 0.0 0.0 0.0 0.0 0.0 0.0 0.0  
    0.0 0.0 0.0 0.0 0.0 0.0 0.0 0.0 0.0 0.0 0.0 0.0 0.0 0.0 0.0 0.0 0.0  
    0.0 
  PE_HC = 0.0 0.0 0.0 0.0 0.0 0.0 0.0 0.0 0.0 0.0 0.0 0.0 0.0 0.0 0.0  
    0.0 0.0 0.0 0.0 0.0 0.0 0.0 0.0 0.0 0.0 0.0 0.0 0.0 0.0 0.0 0.0 0.0  
    0.0 0.0 0.0 0.0 0.0 0.0 0.0 0.0 0.0 0.0 0.0 0.0 0.0 0.0 0.0 0.0 0.0  
    0.0 0.0 0.0 0.0 0.0 0.0 0.0 0.0 0.0 0.0 0.0 0.0 0.0 0.0 0.0 0.0 0.0  
    0.0 0.0 0.0 0.0 0.0 0.0 0.0 0.0 0.0 0.0 0.0 0.0 0.0 0.0 0.0 0.0 0.0  
    0.0 0.0 0.0 0.0 0.0 0.0 0.0 0.0 0.0 0.0 0.0 0.0 0.0 0.0 0.0 0.0 0.0  
    0.0 
  SI_NB = 0.0 0.0 0.0 0.0 0.0 0.0 0.0 0.0 0.0 0.0 0.0 0.0 0.0 0.0 0.0  
    0.0 0.0 0.0 0.0 0.0 0.0 0.0 0.0 0.0 0.0 0.0 0.0 0.0 0.0 0.0 0.0 0.0  
    0.0 0.0 0.0 0.0 0.0 0.0 0.0 0.0 0.0 0.0 0.0 0.0 0.0 0.0 0.0 0.0 0.0  
    0.0 0.0 0.0 0.0 0.0 0.0 0.0 0.0 0.0 0.0 0.0 0.0 0.0 0.0 0.0 0.0 0.0  
    0.0 0.0 0.0 0.0 0.0 0.0 0.0 0.0 0.0 0.0 0.0 0.0 0.0 0.0 0.0 0.0 0.0  
    0.0 0.0 0.0 0.0 0.0 0.0 0.0 0.0 0.0 0.0 0.0 0.0 0.0 0.0 0.0 0.0 0.0  
    0.0 
  PI_NB = 0.5677585 0.567244 0.5669714 0.5652985 0.5624557 0.5584422  
    0.5535616 0.547782 0.5410138 0.5333272 0.5248995 0.515795 0.5059323  
    0.4953228 0.4842343 0.4728108 0.4609363 0.4486688 0.4360821  
    0.4232166 0.4101603 0.3969401 0.3836483 0.3703344 0.357059  
    0.3439178 0.330882 0.3179531 0.3052193 0.2927259 0.2804849 0.268542  
    0.2568816 0.2454819 0.234413 0.2236952 0.2133213 0.2032737 0.19358  
    0.1842786 0.175331 0.1667148 0.1584393 0.1504996 0.1428878  
    0.1355941 0.1286105 0.1219285 0.1155381 0.1094255 0.1035781  
    0.0979926 0.0926643 0.0875747 0.0827153 0.0780741 0.0736381  
    0.0693989 0.0653507 0.0614863 0.0577956 0.0542708 0.0509049  
    0.0476911 0.0446234 0.0416951 0.0389 0.0362343 0.0336937 0.0312744  
    0.0289717 0.0267816 0.0247116 0.0227361 0.0208634 0.0190911  
    0.0174159 0.0158355 0.0143473 0.0129501 0.0116418 0.010421  
    0.0092856 0.0082338 0.0072653 0.0063747 0.0055605 0.0048202  
    0.0041518 0.0035516 0.0030182 0.0025456 0.0021303 0.001768  
    0.0014545 0.0011862 0.0009606 0.0007757 0.0006244 0.0004882  
    0.0003369 
  PI_EC = 0.0 0.0 0.0 0.0 0.0 0.0 0.0 0.0 0.0 0.0 0.0 0.0 0.0 0.0 0.0  
    0.0 0.0 0.0 0.0 0.0 0.0 0.0 0.0 0.0 0.0 0.0 0.0 0.0 0.0 0.0 0.0 0.0  
    0.0 0.0 0.0 0.0 0.0 0.0 0.0 0.0 0.0 0.0 0.0 0.0 0.0 0.0 0.0 0.0 0.0  
    0.0 0.0 0.0 0.0 0.0 0.0 0.0 0.0 0.0 0.0 0.0 0.0 0.0 0.0 0.0 0.0 0.0  
    0.0 0.0 0.0 0.0 0.0 0.0 0.0 0.0 0.0 0.0 0.0 0.0 0.0 0.0 0.0 0.0 0.0  
    0.0 0.0 0.0 0.0 0.0 0.0 0.0 0.0 0.0 0.0 0.0 0.0 0.0 0.0 0.0 0.0 0.0  
    0.0 
  PI_IC = 0.0 0.0 0.0 0.0 0.0 0.0 0.0 0.0 0.0 0.0 0.0 0.0 0.0 0.0 0.0  
    0.0 0.0 0.0 0.0 0.0 0.0 0.0 0.0 0.0 0.0 0.0 0.0 0.0 0.0 0.0 0.0 0.0  
    0.0 0.0 0.0 0.0 0.0 0.0 0.0 0.0 0.0 0.0 0.0 0.0 0.0 0.0 0.0 0.0 0.0  
    0.0 0.0 0.0 0.0 0.0 0.0 0.0 0.0 0.0 0.0 0.0 0.0 0.0 0.0 0.0 0.0 0.0  
    0.0 0.0 0.0 0.0 0.0 0.0 0.0 0.0 0.0 0.0 0.0 0.0 0.0 0.0 0.0 0.0 0.0  
    0.0 0.0 0.0 0.0 0.0 0.0 0.0 0.0 0.0 0.0 0.0 0.0 0.0 0.0 0.0 0.0 0.0  
    0.0 
  PI_LH = 0.0 0.0 0.0 0.0 0.0 0.0 0.0 0.0 0.0 0.0 0.0 0.0 0.0 0.0 0.0  
    0.0 0.0 0.0 0.0 0.0 0.0 0.0 0.0 0.0 0.0 0.0 0.0 0.0 0.0 0.0 0.0 0.0  
    0.0 0.0 0.0 0.0 0.0 0.0 0.0 0.0 0.0 0.0 0.0 0.0 0.0 0.0 0.0 0.0 0.0  
    0.0 0.0 0.0 0.0 0.0 0.0 0.0 0.0 0.0 0.0 0.0 0.0 0.0 0.0 0.0 0.0 0.0  
    0.0 0.0 0.0 0.0 0.0 0.0 0.0 0.0 0.0 0.0 0.0 0.0 0.0 0.0 0.0 0.0 0.0  
    0.0 0.0 0.0 0.0 0.0 0.0 0.0 0.0 0.0 0.0 0.0 0.0 0.0 0.0 0.0 0.0 0.0  
    0.0 
  PI_HC = 0.0 0.0 0.0 0.0 0.0 0.0 0.0 0.0 0.0 0.0 0.0 0.0 0.0 0.0 0.0  
    0.0 0.0 0.0 0.0 0.0 0.0 0.0 0.0 0.0 0.0 0.0 0.0 0.0 0.0 0.0 0.0 0.0  
    0.0 0.0 0.0 0.0 0.0 0.0 0.0 0.0 0.0 0.0 0.0 0.0 0.0 0.0 0.0 0.0 0.0  
    0.0 0.0 0.0 0.0 0.0 0.0 0.0 0.0 0.0 0.0 0.0 0.0 0.0 0.0 0.0 0.0 0.0  
    0.0 0.0 0.0 0.0 0.0 0.0 0.0 0.0 0.0 0.0 0.0 0.0 0.0 0.0 0.0 0.0 0.0  
    0.0 0.0 0.0 0.0 0.0 0.0 0.0 0.0 0.0 0.0 0.0 0.0 0.0 0.0 0.0 0.0 0.0  
    0.0 
  PI_CX = 0.071867 0.0715482 0.071109 0.0704264 0.0694725 0.0682624  
    0.066828 0.0651965 0.0633904 0.0614272 0.0593237 0.0571 0.0547788  
    0.0523814 0.0499254 0.047429 0.0449131 0.0423944 0.0398911  
    0.0374187 0.0349938 0.0326297 0.0303403 0.0281357 0.026029  
    0.0240279 0.022144 0.0203767 0.0187217 0.0171714 0.0157237  
    0.0143706 0.0131103 0.0119313 0.0108379 0.0098246 0.0088879  
    0.0080192 0.007219 0.0064721 0.0057875 0.0051624 0.0045914  
    0.0040684 0.0035922 0.0031492 0.0027443 0.0023784 0.0020486  
    0.0017549 0.0014962 0.0012656 0.0010653 0.0008871 0.0007288  
    0.0005891 0.0004662 0.000359 0.0002669 0.0001887 0.0001235 7.05e-05  
    2.88e-05 -1.8e-06 -2.16e-05 -3.06e-05 -2.95e-05 -1.79e-05 4.7e-06  
    3.99e-05 8.73e-05 0.0001484 0.0002251 0.0003186 0.0004308 0.0005642  
    0.0007216 0.0009074 0.001126 0.0013828 0.0016835 0.0020355  
    0.0024463 0.0029255 0.0034842 0.0041346 0.0048905 0.0057664  
    0.006772 0.0079213 0.0092074 0.0106443 0.0122454 0.0140376  
    0.0160487 0.0183044 0.0207666 0.0233029 0.0257807 0.0289229  
    0.0340658 
  PI_FUS = 0.0 0.0 0.0 0.0 0.0 0.0 0.0 0.0 0.0 0.0 0.0 0.0 0.0 0.0 0.0  
    0.0 0.0 0.0 0.0 0.0 0.0 0.0 0.0 0.0 0.0 0.0 0.0 0.0 0.0 0.0 0.0 0.0  
    0.0 0.0 0.0 0.0 0.0 0.0 0.0 0.0 0.0 0.0 0.0 0.0 0.0 0.0 0.0 0.0 0.0  
    0.0 0.0 0.0 0.0 0.0 0.0 0.0 0.0 0.0 0.0 0.0 0.0 0.0 0.0 0.0 0.0 0.0  
    0.0 0.0 0.0 0.0 0.0 0.0 0.0 0.0 0.0 0.0 0.0 0.0 0.0 0.0 0.0 0.0 0.0  
    0.0 0.0 0.0 0.0 0.0 0.0 0.0 0.0 0.0 0.0 0.0 0.0 0.0 0.0 0.0 0.0 0.0  
    0.0 
  PE_FUS = 0.0 0.0 0.0 0.0 0.0 0.0 0.0 0.0 0.0 0.0 0.0 0.0 0.0 0.0 0.0  
    0.0 0.0 0.0 0.0 0.0 0.0 0.0 0.0 0.0 0.0 0.0 0.0 0.0 0.0 0.0 0.0 0.0  
    0.0 0.0 0.0 0.0 0.0 0.0 0.0 0.0 0.0 0.0 0.0 0.0 0.0 0.0 0.0 0.0 0.0  
    0.0 0.0 0.0 0.0 0.0 0.0 0.0 0.0 0.0 0.0 0.0 0.0 0.0 0.0 0.0 0.0 0.0  
    0.0 0.0 0.0 0.0 0.0 0.0 0.0 0.0 0.0 0.0 0.0 0.0 0.0 0.0 0.0 0.0 0.0  
    0.0 0.0 0.0 0.0 0.0 0.0 0.0 0.0 0.0 0.0 0.0 0.0 0.0 0.0 0.0 0.0 0.0  
    0.0 
  P_RAD = 0.0125673 0.0127686 0.01297 0.0131714 0.0134028 0.0137123  
    0.0140664 0.0144792 0.0149511 0.0154718 0.0160444 0.0166633  
    0.0173263 0.0180324 0.0187785 0.0195636 0.0203853 0.021242  
    0.0221301 0.0230486 0.0239963 0.0249708 0.0259711 0.0269936  
    0.0280383 0.029103 0.0301859 0.0312852 0.0323996 0.0335278 0.034667  
    0.0358167 0.0369751 0.0381405 0.0393114 0.0404864 0.0416637  
    0.042842 0.0440197 0.0451953 0.0463671 0.0475338 0.0486937  
    0.0498453 0.0509871 0.0521174 0.0532346 0.0543373 0.0554236  
    0.056492 0.0575409 0.0585684 0.059573 0.0605529 0.0615062 0.0624311  
    0.0633259 0.0641886 0.0650172 0.0658099 0.0665645 0.0672789  
    0.0679514 0.0685793 0.0691607 0.0696931 0.0701743 0.0706018  
    0.0709732 0.0712855 0.071537 0.0717242 0.0718445 0.0718952  
    0.0718725 0.0717747 0.0715984 0.0713395 0.070995 0.0705615  
    0.0700344 0.0694129 0.0686903 0.0678639 0.066929 0.0658819  
    0.0647179 0.0634327 0.0620216 0.0604796 0.0588018 0.0569855  
    0.0550369 0.0529645 0.0507766 0.0484815 0.0460873 0.0436017  
    0.041033 0.0383884 0.0356756 
  P_OHM = 0.0401678 0.0400047 0.0391199 0.0374862 0.0353171 0.0331412  
    0.0313744 0.0301679 0.0293414 0.0286015 0.0278311 0.0270831  
    0.0263842 0.025715 0.0250704 0.0244465 0.0238405 0.0232436  
    0.0226633 0.0220933 0.021535 0.0209847 0.0204416 0.0199113  
    0.0193838 0.0188636 0.018345 0.0178402 0.017333 0.0168345 0.0163374  
    0.0158474 0.0153602 0.0148791 0.0144004 0.0139257 0.0134576  
    0.0129921 0.0125349 0.0120789 0.0116329 0.0111873 0.0107541  
    0.0103224 0.0099014 0.0094882 0.0090846 0.0086903 0.0083066  
    0.0079336 0.0075687 0.0072178 0.0068766 0.0065477 0.0062316  
    0.0059284 0.0056365 0.0053563 0.0050884 0.0048346 0.0045931  
    0.0043599 0.0041395 0.0039308 0.0037309 0.0035429 0.0033631  
    0.0031929 0.003033 0.0028789 0.0027336 0.0025956 0.0024665  
    0.0023425 0.0022246 0.0021126 0.0020055 0.0019033 0.0018057  
    0.0017123 0.0016224 0.0015366 0.0014535 0.0013728 0.0012943  
    0.0012174 0.0011415 0.0010659 0.000991 0.0009167 0.0008418  
    0.0007672 0.0006939 0.0006214 0.0005489 0.0004757 0.000401  
    0.0003233 0.0002424 0.0001509 0.0001668 
  TORQUE_NB = 0.6296538 0.6292042 0.6286678 0.6268197 0.6250575  
    0.6224344 0.6176336 0.6113864 0.6049634 0.5981989 0.5906142  
    0.5822664 0.5731243 0.5631971 0.5528207 0.5422815 0.5311078  
    0.5190777 0.5066871 0.4940761 0.4812289 0.4683388 0.4552289  
    0.4416455 0.4280407 0.4144808 0.4010209 0.387997 0.375086 0.3623328  
    0.3496844 0.3367366 0.3241186 0.3122375 0.3006023 0.2890215  
    0.2777979 0.2673845 0.2572495 0.2467473 0.2365994 0.2270951  
    0.2179372 0.2091917 0.2007709 0.192352 0.184144 0.1765025 0.169346  
    0.162418 0.1556806 0.1492206 0.143117 0.1372475 0.131405 0.125758  
    0.1203559 0.1151842 0.1102467 0.1056481 0.1012193 0.0969407  
    0.0928132 0.0887983 0.0848435 0.081031 0.0774428 0.0740082  
    0.0706767 0.0673262 0.0640941 0.0609816 0.0579974 0.0551096  
    0.052293 0.0495351 0.0468746 0.0443215 0.0418879 0.0395409 0.03728  
    0.0350967 0.0330011 0.0309942 0.0290979 0.0273164 0.0256204  
    0.0240115 0.0225199 0.021137 0.0198586 0.018678 0.0176057 0.0166347  
    0.0158115 0.0151634 0.0147473 0.0146644 0.015042 0.0160483  
    0.0179968 
  TORQUE_IN = 0.0 0.0 0.0 0.0 0.0 0.0 0.0 0.0 0.0 0.0 0.0 0.0 0.0 0.0  
    0.0 0.0 0.0 0.0 0.0 0.0 0.0 0.0 0.0 0.0 0.0 0.0 0.0 0.0 0.0 0.0 0.0  
    0.0 0.0 0.0 0.0 0.0 0.0 0.0 0.0 0.0 0.0 0.0 0.0 0.0 0.0 0.0 0.0 0.0  
    0.0 0.0 0.0 0.0 0.0 0.0 0.0 0.0 0.0 0.0 0.0 0.0 0.0 0.0 0.0 0.0 0.0  
    0.0 0.0 0.0 0.0 0.0 0.0 0.0 0.0 0.0 0.0 0.0 0.0 0.0 0.0 0.0 0.0 0.0  
    0.0 0.0 0.0 0.0 0.0 0.0 0.0 0.0 0.0 0.0 0.0 0.0 0.0 0.0 0.0 0.0 0.0  
    0.0 0.0 
  SE_IONIZATION = 0.0 0.0 0.0 0.0 0.0 0.0 0.0 0.0 0.0 0.0 0.0 0.0 0.0  
    0.0 0.0 0.0 0.0 0.0 0.0 0.0 0.0 0.0 0.0 0.0 0.0 0.0 0.0 0.0 0.0 0.0  
    0.0 0.0 0.0 0.0 0.0 0.0 0.0 0.0 0.0 0.0 0.0 0.0 0.0 0.0 0.0 0.0 0.0  
    0.0 0.0 0.0 0.0 0.0 0.0 0.0 0.0 0.0 0.0 0.0 0.0 0.0 0.0 0.0 0.0 0.0  
    0.0 0.0 0.0 0.0 0.0 0.0 0.0 0.0 0.0 0.0 0.0 0.0 0.0 0.0 0.0 0.0 0.0  
    0.0 0.0 0.0 0.0 0.0 0.0 0.0 0.0 0.0 0.0 0.0 0.0 0.0 0.0 0.0 0.0 0.0  
    0.0 0.0 0.0 
  SI_IONIZATION = 0.0 0.0 0.0 0.0 0.0 0.0 0.0 0.0 0.0 0.0 0.0 0.0 0.0  
    0.0 0.0 0.0 0.0 0.0 0.0 0.0 0.0 0.0 0.0 0.0 0.0 0.0 0.0 0.0 0.0 0.0  
    0.0 0.0 0.0 0.0 0.0 0.0 0.0 0.0 0.0 0.0 0.0 0.0 0.0 0.0 0.0 0.0 0.0  
    0.0 0.0 0.0 0.0 0.0 0.0 0.0 0.0 0.0 0.0 0.0 0.0 0.0 0.0 0.0 0.0 0.0  
    0.0 0.0 0.0 0.0 0.0 0.0 0.0 0.0 0.0 0.0 0.0 0.0 0.0 0.0 0.0 0.0 0.0  
    0.0 0.0 0.0 0.0 0.0 0.0 0.0 0.0 0.0 0.0 0.0 0.0 0.0 0.0 0.0 0.0 0.0  
    0.0 0.0 0.0 
  PE_IONIZATION = 0.0 0.0 0.0 0.0 0.0 0.0 0.0 0.0 0.0 0.0 0.0 0.0 0.0  
    0.0 0.0 0.0 0.0 0.0 0.0 0.0 0.0 0.0 0.0 0.0 0.0 0.0 0.0 0.0 0.0 0.0  
    0.0 0.0 0.0 0.0 0.0 0.0 0.0 0.0 0.0 0.0 0.0 0.0 0.0 0.0 0.0 0.0 0.0  
    0.0 0.0 0.0 0.0 0.0 0.0 0.0 0.0 0.0 0.0 0.0 0.0 0.0 0.0 0.0 0.0 0.0  
    0.0 0.0 0.0 0.0 0.0 0.0 0.0 0.0 0.0 0.0 0.0 0.0 0.0 0.0 0.0 0.0 0.0  
    0.0 0.0 0.0 0.0 0.0 0.0 0.0 0.0 0.0 0.0 0.0 0.0 0.0 0.0 0.0 0.0 0.0  
    0.0 0.0 0.0 
  PI_IONIZATION = 0.0 0.0 0.0 0.0 0.0 0.0 0.0 0.0 0.0 0.0 0.0 0.0 0.0  
    0.0 0.0 0.0 0.0 0.0 0.0 0.0 0.0 0.0 0.0 0.0 0.0 0.0 0.0 0.0 0.0 0.0  
    0.0 0.0 0.0 0.0 0.0 0.0 0.0 0.0 0.0 0.0 0.0 0.0 0.0 0.0 0.0 0.0 0.0  
    0.0 0.0 0.0 0.0 0.0 0.0 0.0 0.0 0.0 0.0 0.0 0.0 0.0 0.0 0.0 0.0 0.0  
    0.0 0.0 0.0 0.0 0.0 0.0 0.0 0.0 0.0 0.0 0.0 0.0 0.0 0.0 0.0 0.0 0.0  
    0.0 0.0 0.0 0.0 0.0 0.0 0.0 0.0 0.0 0.0 0.0 0.0 0.0 0.0 0.0 0.0 0.0  
    0.0 0.0 0.0 
  WBEAM = 0.0333405 0.033349 0.0333745 0.0333481 0.0332815 0.0331683  
    0.0330319 0.0328604 0.0326342 0.0323549 0.0320317 0.0316647  
    0.0312529 0.0307983 0.0303051 0.0297758 0.0292146 0.0286266  
    0.028011 0.0273686 0.0267058 0.0260257 0.0253318 0.0246298  
    0.0239192 0.0232018 0.0224813 0.0217589 0.0210386 0.0203222  
    0.0196124 0.0189131 0.0182228 0.0175416 0.0168726 0.016217  
    0.0155756 0.0149467 0.0143336 0.0137401 0.0131626 0.0125999  
    0.0120537 0.0115238 0.0110103 0.0105143 0.0100346 0.0095697  
    0.0091194 0.0086845 0.0082646 0.0078589 0.0074665 0.0070876  
    0.0067224 0.0063698 0.0060291 0.0057001 0.0053823 0.0050751  
    0.0047785 0.0044925 0.0042166 0.0039507 0.0036947 0.0034482  
    0.003211 0.0029831 0.0027645 0.0025554 0.0023555 0.0021647  
    0.0019828 0.0018109 0.0016486 0.001496 0.0013529 0.0012194  
    0.0010951 0.0009801 0.0008739 0.0007765 0.0006873 0.0006061  
    0.0005325 0.0004661 0.0004065 0.0003533 0.0003059 0.0002641  
    0.0002274 0.0001952 0.0001669 0.000142 0.0001199 0.0001002 8.23e-05  
    6.59e-05 5.05e-05 3.53e-05 1.96e-05 
  WALPHA = 0.0 0.0 0.0 0.0 0.0 0.0 0.0 0.0 0.0 0.0 0.0 0.0 0.0 0.0 0.0  
    0.0 0.0 0.0 0.0 0.0 0.0 0.0 0.0 0.0 0.0 0.0 0.0 0.0 0.0 0.0 0.0 0.0  
    0.0 0.0 0.0 0.0 0.0 0.0 0.0 0.0 0.0 0.0 0.0 0.0 0.0 0.0 0.0 0.0 0.0  
    0.0 0.0 0.0 0.0 0.0 0.0 0.0 0.0 0.0 0.0 0.0 0.0 0.0 0.0 0.0 0.0 0.0  
    0.0 0.0 0.0 0.0 0.0 0.0 0.0 0.0 0.0 0.0 0.0 0.0 0.0 0.0 0.0 0.0 0.0  
    0.0 0.0 0.0 0.0 0.0 0.0 0.0 0.0 0.0 0.0 0.0 0.0 0.0 0.0 0.0 0.0 0.0  
    0.0 
  DENSITY_BEAM = 0.6537031 0.6531979 0.6535299 0.6527671 0.6511541  
    0.6485567 0.6452909 0.6412617 0.6363381 0.6305169 0.6238304  
    0.6162899 0.6079337 0.5988054 0.5889831 0.5785243 0.5674816  
    0.5559161 0.5438791 0.5314271 0.518621 0.5055207 0.4921828  
    0.4786716 0.4650334 0.451327 0.4375883 0.4238381 0.4101514  
    0.3965722 0.3831315 0.3698826 0.3568218 0.3439501 0.3313229  
    0.3189714 0.3068925 0.2950769 0.283562 0.2723854 0.261516 0.2509435  
    0.2406819 0.2307278 0.221081 0.2117472 0.2027137 0.1939627  
    0.1854896 0.1772931 0.169365 0.1616953 0.1542737 0.147093 0.1401495  
    0.1334292 0.1269214 0.1206179 0.114511 0.1085911 0.102855 0.0972971  
    0.0919119 0.0866948 0.0816423 0.0767494 0.0720123 0.0674306  
    0.0630039 0.0587336 0.0546166 0.0506534 0.0468486 0.0432077  
    0.0397354 0.0364349 0.0333069 0.0303516 0.0275684 0.024957  
    0.0225154 0.0202413 0.0181312 0.016181 0.014386 0.0127409 0.0112396  
    0.0098759 0.0086441 0.0075387 0.0065515 0.0056747 0.0048962  
    0.0042042 0.0035877 0.0030376 0.0025471 0.002111 0.0017121 0.001313  
    0.000857 
  DENSITY_ALPHA = 0.0 0.0 0.0 0.0 0.0 0.0 0.0 0.0 0.0 0.0 0.0 0.0 0.0  
    0.0 0.0 0.0 0.0 0.0 0.0 0.0 0.0 0.0 0.0 0.0 0.0 0.0 0.0 0.0 0.0 0.0  
    0.0 0.0 0.0 0.0 0.0 0.0 0.0 0.0 0.0 0.0 0.0 0.0 0.0 0.0 0.0 0.0 0.0  
    0.0 0.0 0.0 0.0 0.0 0.0 0.0 0.0 0.0 0.0 0.0 0.0 0.0 0.0 0.0 0.0 0.0  
    0.0 0.0 0.0 0.0 0.0 0.0 0.0 0.0 0.0 0.0 0.0 0.0 0.0 0.0 0.0 0.0 0.0  
    0.0 0.0 0.0 0.0 0.0 0.0 0.0 0.0 0.0 0.0 0.0 0.0 0.0 0.0 0.0 0.0 0.0  
    0.0 0.0 0.0 
  CHIE = 1.6093795 1.6209789 1.6312317 1.6391555 1.6446872 1.648848  
    1.6533049 1.6588065 1.6648704 1.6713608 1.6778823 1.6840943  
    1.6900497 1.6957248 1.70092 1.7056944 1.7100098 1.7138586 1.7172602  
    1.7201619 1.722655 1.7246519 1.7262743 1.7275431 1.7284002  
    1.7289771 1.7292717 1.7292452 1.7290517 1.7286191 1.7279893  
    1.7271905 1.7262733 1.7251843 1.7239504 1.7225747 1.7210954  
    1.7194551 1.7177082 1.7158102 1.7138168 1.7117078 1.7094553  
    1.7071008 1.7046308 1.7020506 1.6993371 1.6965275 1.6936153  
    1.6906092 1.6875628 1.684428 1.6812934 1.6781083 1.6749523  
    1.6718156 1.6686888 1.6656282 1.6626295 1.6596905 1.6568814  
    1.6543967 1.6523138 1.6506662 1.6494675 1.6487615 1.648548  
    1.6488845 1.6498235 1.6514108 1.6537475 1.6570084 1.6615087  
    1.667656 1.6758569 1.6866075 1.7004754 1.7181038 1.7403015  
    1.7679755 1.8022713 1.844571 1.8965561 1.9603545 2.0386001  
    2.1346608 2.2528637 2.3988297 2.5799642 2.8060414 3.0833168  
    3.413084 3.8061843 4.2779873 4.8495205 5.5509379 6.4283249 7.559285  
    9.0625387 11.9310478 0.0 
  CHII = 0.4779523 0.4895909 0.5040818 0.5194062 0.5355288 0.5525278  
    0.5705741 0.5896841 0.6097759 0.6308651 0.6530137 0.6763325  
    0.7009375 0.7269378 0.7545195 0.7839254 0.815388 0.8491831  
    0.8856347 0.9251381 0.9681866 1.0153427 1.0673237 1.1250224  
    1.1895449 1.2619897 1.3396444 1.4201027 1.5034582 1.5898885  
    1.6796219 1.7728603 1.86979 1.9706694 2.0757715 2.1854613 2.2999825  
    2.419654 2.5449708 2.6763303 2.8140717 2.95861 3.1104689 3.2699856  
    3.4378058 3.6144415 3.8003529 3.9962447 4.2026092 4.4203066  
    4.6499269 4.8923162 5.1481062 5.4183059 5.703869 6.0052987  
    6.3239724 6.6605332 7.0161058 7.3914697 7.7877475 8.2056307  
    8.6462544 9.1106373 9.5989688 10.1126839 10.6523939 11.2181939  
    11.8101251 12.4290434 13.0735992 13.7444696 14.4420988 15.1671064  
    15.9205308 16.7020934 17.512409 18.3502095 19.2147641 20.1049029  
    21.0189273 21.9539619 22.9083791 23.8784512 24.8622517 25.8577868  
    26.8628335 27.8785358 28.8942823 29.9260486 31.0040802 32.1816542  
    33.4835526 34.9274743 36.5361196 38.343632 40.4036705 42.8160815  
    45.6293492 51.860664 0.0 
  NBDRY = 85 
  RBDRY = 1.5702171 1.3886619 1.7195611 1.7447778 1.3124033 1.8874759  
    2.1189701 1.2811261 2.2366236 2.1393843 2.260311 2.2804985  
    1.0612877 2.0415905 1.0949245 1.9683888 2.0812658 2.0188376  
    1.0908503 2.2201352 2.2780469 1.1792533 1.18928 1.0629518 1.0468417  
    2.296512 1.1910533 1.0390743 1.1365565 1.3315441 1.3026708  
    1.0818412 2.2893435 1.1568099 1.2854279 2.2124443 1.8179596  
    2.2920449 1.1754454 1.5943317 2.2275481 1.4643055 1.1235245  
    1.2504811 1.1992419 1.2437393 2.1799641 1.1611623 1.0374872  
    1.1173021 1.0547615 1.0753341 1.0377779 1.6487232 1.2224435  
    1.1299534 1.5018313 1.1866678 1.1399223 1.1875328 1.1568099  
    1.8699226 1.2743929 2.2501659 1.8857531 1.7070098 1.0389326  
    2.1076056 1.754118 1.8704569 1.7259755 1.1784789 1.7711747  
    1.0883941 1.6295803 1.9836876 1.1077448 1.4831043 2.0958948  
    1.0412419 1.1648492 1.4076597 1.4498001 1.9368935 1.0814613 
  ZBDRY = -0.8779567 0.9997946 0.8629586 -0.831932 1.0233096 -0.7582644  
    0.5104927 1.0324667 0.280168 -0.5025799 -0.2280876 -0.1506228  
    -0.2683423 -0.629902 0.5063165 -0.6986904 -0.5845014 0.6340906  
    -0.4049732 -0.3413076 0.1467241 0.9944709 1.0412624 0.3088471  
    -0.1695164 -0.0117477 1.0492671 0.0700154 0.763012 1.0175666  
    1.0262133 0.4274011 0.0878561 -0.61603 -0.8139052 -0.3598143  
    -0.7986143 0.0680515 0.9754574 0.9239702 -0.3226908 0.9743806  
    0.6840152 1.0410007 -0.7058706 -0.7714874 0.4077679 0.9009851  
    0.0100367 -0.5012346 -0.2289262 0.3879251 0.0300337 0.8992895  
    1.0485116 0.7235255 0.9608842 1.0293821 0.7827485 1.0333245  
    -0.61603 0.7658863 1.0343772 0.2425924 0.7538378 -0.8457092  
    -0.0699181 0.5268418 0.8432125 -0.768964 -0.8390631 0.9906389  
    0.83298 0.4668607 -0.8673497 -0.6856744 0.5852587 0.9676993  
    0.5429316 0.1099659 0.9206584 0.9936112 -0.8806824 -0.723679  
    -0.3661453 
  NLIM = 5 
  RLIM = 2.377 1.001 1.001 2.377 2.377 
  ZLIM = 1.348 1.348 -1.368 -1.368 1.348 
  SHOT_ID = '106748' 
  TIME_ID = '13100' 
  J_RF = 0.0 0.0 0.0 0.0 0.0 0.0 0.0 0.0 0.0 0.0 0.0 0.0 0.0 0.0 0.0  
    0.0 0.0 0.0 0.0 0.0 0.0 0.0 0.0 0.0 0.0 0.0 0.0 0.0 0.0 0.0 0.0 0.0  
    0.0 0.0 0.0 0.0 0.0 0.0 0.0 0.0 0.0 0.0 0.0 0.0 0.0 0.0 0.0 0.0 0.0  
    0.0 0.0 0.0 0.0 0.0 0.0 0.0 0.0 0.0 0.0 0.0 0.0 0.0 0.0 0.0 0.0 0.0  
    0.0 0.0 0.0 0.0 0.0 0.0 0.0 0.0 0.0 0.0 0.0 0.0 0.0 0.0 0.0 0.0 0.0  
    0.0 0.0 0.0 0.0 0.0 0.0 0.0 0.0 0.0 0.0 0.0 0.0 0.0 0.0 0.0 0.0 0.0  
    0.0 
  PE_RF = 0.0 0.0 0.0 0.0 0.0 0.0 0.0 0.0 0.0 0.0 0.0 0.0 0.0 0.0 0.0  
    0.0 0.0 0.0 0.0 0.0 0.0 0.0 0.0 0.0 0.0 0.0 0.0 0.0 0.0 0.0 0.0 0.0  
    0.0 0.0 0.0 0.0 0.0 0.0 0.0 0.0 0.0 0.0 0.0 0.0 0.0 0.0 0.0 0.0 0.0  
    0.0 0.0 0.0 0.0 0.0 0.0 0.0 0.0 0.0 0.0 0.0 0.0 0.0 0.0 0.0 0.0 0.0  
    0.0 0.0 0.0 0.0 0.0 0.0 0.0 0.0 0.0 0.0 0.0 0.0 0.0 0.0 0.0 0.0 0.0  
    0.0 0.0 0.0 0.0 0.0 0.0 0.0 0.0 0.0 0.0 0.0 0.0 0.0 0.0 0.0 0.0 0.0  
    0.0 
  PI_RF = 0.0 0.0 0.0 0.0 0.0 0.0 0.0 0.0 0.0 0.0 0.0 0.0 0.0 0.0 0.0  
    0.0 0.0 0.0 0.0 0.0 0.0 0.0 0.0 0.0 0.0 0.0 0.0 0.0 0.0 0.0 0.0 0.0  
    0.0 0.0 0.0 0.0 0.0 0.0 0.0 0.0 0.0 0.0 0.0 0.0 0.0 0.0 0.0 0.0 0.0  
    0.0 0.0 0.0 0.0 0.0 0.0 0.0 0.0 0.0 0.0 0.0 0.0 0.0 0.0 0.0 0.0 0.0  
    0.0 0.0 0.0 0.0 0.0 0.0 0.0 0.0 0.0 0.0 0.0 0.0 0.0 0.0 0.0 0.0 0.0  
    0.0 0.0 0.0 0.0 0.0 0.0 0.0 0.0 0.0 0.0 0.0 0.0 0.0 0.0 0.0 0.0 0.0  
    0.0 
/

