&INSTATE
  TOKAMAK_ID = 'd3d' 
  MODEL_SHAPE = 0 
  DENSITY_MODEL = 0 
  R0 = 1.6955 
  B0 = 1.9111127 
  IP = 1.379685 
  KAPPA = 1.8059684 
  DELTA = 0.6537103 
  ASPECT = 0.356268 
  RMAJOR = 1.6955 
  AMINOR = 0.6040524 
  N_ION = 1 
  Z_ION = 1 
  A_ION = 2 
  F_ION = 1 
  N_IMP = 1 
  Z_IMP = 6 
  A_IMP = 12 
  F_IMP = 1 
  N_MIN = 0 
  Z_MIN = 1 
  A_MIN = 1 
  N_BEAM = 1 
  Z_BEAM = 1 
  A_BEAM = 2 
  N_FUSION = 1 
  Z_FUSION = 2 
  A_FUSION = 4 
  RHO = 0.0 0.01 0.02 0.03 0.04 0.05 0.06 0.07 0.08 0.09 0.1 0.11 0.12  
    0.13 0.14 0.15 0.16 0.17 0.18 0.19 0.2 0.21 0.22 0.23 0.24 0.25  
    0.26 0.27 0.28 0.29 0.3 0.31 0.32 0.33 0.34 0.35 0.36 0.37 0.38  
    0.39 0.4 0.41 0.42 0.43 0.44 0.45 0.46 0.47 0.48 0.49 0.5 0.51 0.52  
    0.53 0.54 0.55 0.56 0.57 0.58 0.59 0.6 0.61 0.62 0.63 0.64 0.65  
    0.66 0.67 0.68 0.69 0.7 0.71 0.72 0.73 0.74 0.75 0.76 0.77 0.78  
    0.79 0.8 0.81 0.82 0.83 0.84 0.85 0.86 0.87 0.88 0.89 0.9 0.91 0.92  
    0.93 0.94 0.95 0.96 0.97 0.98 0.99 1.0 
  NRHO = 101 
  PSIPOL = -0.355836 -0.3557794 -0.3556087 -0.3553226 -0.3549214  
    -0.3544071 -0.3537813 -0.3530444 -0.3521949 -0.3512313 -0.3501525  
    -0.3489576 -0.3476452 -0.3462143 -0.3446645 -0.3429955 -0.3412063  
    -0.3392958 -0.3372637 -0.33511 -0.3328344 -0.3304369 -0.3279176  
    -0.3252768 -0.3225153 -0.3196338 -0.3166334 -0.3135154 -0.3102816  
    -0.3069337 -0.303474 -0.2999048 -0.2962289 -0.2924493 -0.2885693  
    -0.2845922 -0.2805219 -0.2763622 -0.2721172 -0.2677912 -0.2633887  
    -0.258914 -0.2543718 -0.2497666 -0.2451033 -0.2403864 -0.2356208  
    -0.230811 -0.2259619 -0.221078 -0.2161641 -0.2112247 -0.2062647  
    -0.2012884 -0.1963005 -0.1913054 -0.1863076 -0.1813115 -0.1763213  
    -0.1713411 -0.1663751 -0.1614272 -0.1565012 -0.1516008 -0.1467295  
    -0.1418906 -0.1370873 -0.1323227 -0.1275995 -0.1229204 -0.118288  
    -0.1137046 -0.1091724 -0.1046934 -0.1002694 -0.0959024 -0.091594  
    -0.0873458 -0.0831593 -0.0790361 -0.0749776 -0.0709853 -0.0670605  
    -0.0632048 -0.0594196 -0.0557064 -0.0520668 -0.0485024 -0.045015  
    -0.0416067 -0.0382797 -0.0350368 -0.0318812 -0.028817 -0.025849  
    -0.0229837 -0.0202295 -0.0175996 -0.0151354 -0.0127949 -0.0111376 
  RHOPSI = 0.0 0.1 0.1414214 0.1732051 0.2 0.2236068 0.244949 0.2645751  
    0.2828427 0.3 0.3162278 0.3316625 0.3464102 0.3605551 0.3741657  
    0.3872983 0.4 0.4123106 0.4242641 0.4358899 0.4472136 0.4582576  
    0.4690416 0.4795832 0.4898979 0.5 0.509902 0.5196152 0.5291503  
    0.5385165 0.5477226 0.5567764 0.5656854 0.5744563 0.5830952  
    0.591608 0.6 0.6082763 0.6164414 0.6244998 0.6324555 0.6403124  
    0.6480741 0.6557439 0.663325 0.6708204 0.678233 0.6855655 0.6928203  
    0.7 0.7071068 0.7141428 0.7211103 0.728011 0.7348469 0.7416198  
    0.7483315 0.7549834 0.7615773 0.7681146 0.7745967 0.781025  
    0.7874008 0.7937254 0.8 0.8062258 0.8124038 0.8185353 0.8246211  
    0.8306624 0.83666 0.842615 0.8485281 0.8544004 0.8602325 0.8660254  
    0.8717798 0.8774964 0.8831761 0.8888194 0.8944272 0.9 0.9055385  
    0.9110434 0.9165151 0.9219544 0.9273618 0.9327379 0.9380832  
    0.9433981 0.9486833 0.9539392 0.9591663 0.9643651 0.969536  
    0.9746794 0.9797959 0.9848858 0.9899495 0.9949874 1.0 
  Q = -1.0977694 -1.0949803 -1.0866131 -1.0812382 -1.0820645 -1.0867917  
    -1.0919775 -1.0947361 -1.0945164 -1.0927649 -1.0907428 -1.0882351  
    -1.0846046 -1.081429 -1.0786235 -1.0756106 -1.0724122 -1.0691287  
    -1.0662913 -1.063616 -1.0611565 -1.058965 -1.0570961 -1.055574  
    -1.0544443 -1.0537523 -1.0535321 -1.0538211 -1.0546546 -1.0560697  
    -1.0580751 -1.060709 -1.0640138 -1.0680041 -1.0727027 -1.0781335  
    -1.0843135 -1.0912737 -1.0990304 -1.1075852 -1.1169493 -1.1271384  
    -1.1381611 -1.1500343 -1.1627703 -1.1763715 -1.1908473 -1.2062177  
    -1.222504 -1.239728 -1.2579158 -1.2770924 -1.2972927 -1.318552  
    -1.340906 -1.3643971 -1.3890614 -1.4149389 -1.4420757 -1.4705194  
    -1.5003173 -1.5315135 -1.5641568 -1.5982909 -1.6339597 -1.6712137  
    -1.7101008 -1.7506791 -1.7930003 -1.8371203 -1.8831017 -1.9310027  
    -1.9808961 -2.0328542 -2.0869679 -2.1433378 -2.2020736 -2.2633137  
    -2.3271994 -2.3939056 -2.4636179 -2.5365548 -2.6129556 -2.6931035  
    -2.7773252 -2.866006 -2.9595983 -3.0586321 -3.1637503 -3.2757868  
    -3.3958356 -3.5253441 -3.6662131 -3.820953 -3.99311 -4.1880993  
    -4.4139778 -4.6910793 -5.137371 -5.2995126 -12.4152219 
  NE = 3.3747977 3.3744315 3.3733276 3.3714782 3.3688753 3.3655103  
    3.3613753 3.3564622 3.3507634 3.3442702 3.3369749 3.3288689  
    3.3199446 3.3101941 3.2996087 3.2881808 3.2759019 3.2627643  
    3.2487598 3.2338803 3.2181177 3.2014638 3.183911 3.1654507  
    3.1460753 3.1257757 3.1045449 3.0823744 3.0592563 3.035182  
    3.0101442 2.9841342 2.9571444 2.9291843 2.9003063 2.8705687  
    2.8400289 2.8087456 2.7767768 2.7441804 2.7110148 2.6773378  
    2.6432074 2.6086822 2.5738199 2.5386786 2.5033164 2.4677918  
    2.4321623 2.3964863 2.3608217 2.3252271 2.2897604 2.254479  
    2.2194419 2.1847068 2.1503314 2.1163749 2.0828943 2.0499483  
    2.0175883 1.985819 1.9546258 1.9239945 1.8939096 1.8643567 1.835321  
    1.8067878 1.7787421 1.7511692 1.7240544 1.6973828 1.6711398  
    1.6453105 1.61988 1.5948341 1.570157 1.5458348 1.5218526 1.4981955  
    1.4748484 1.4517969 1.4290263 1.4065214 1.3842678 1.3622508  
    1.3404554 1.3188666 1.29747 1.2762508 1.2551941 1.2342852 1.2135092  
    1.1928514 1.1722971 1.1518315 1.1314396 1.1111069 1.0908186  
    1.0705597 1.0503157 
  TE = 2.4907122 2.4898694 2.4873681 2.4832487 2.4775522 2.470319  
    2.4615896 2.4514043 2.4398041 2.4268293 2.4125209 2.396919  
    2.3800645 2.3619974 2.3427594 2.3223896 2.30093 2.2784202 2.2549014  
    2.2304137 2.2049983 2.1786949 2.1515446 2.1235876 2.0948653  
    2.0654178 2.0352854 2.0045092 1.973129 1.9411858 1.9087208  
    1.8757738 1.8423856 1.8085967 1.7744479 1.7399796 1.7052323  
    1.670247 1.6350636 1.5997231 1.5642659 1.528733 1.4931647 1.4576013  
    1.4220837 1.3866524 1.3513482 1.3162111 1.2812821 1.2466019  
    1.2122108 1.1781495 1.1444585 1.1111784 1.0783499 1.0460133  
    1.0142095 0.9829787 0.9523621 0.9223996 0.893132 0.8646002  
    0.8368442 0.809905 0.7838233 0.7586393 0.7343935 0.7111271 0.68888  
    0.667693 0.6476068 0.62864 0.6107045 0.5936798 0.5774457 0.5618817  
    0.5468674 0.5322823 0.5180061 0.5039184 0.4898987 0.4758267  
    0.4615819 0.447044 0.4320925 0.4166071 0.4004673 0.3835527 0.365743  
    0.3469176 0.3269563 0.3057386 0.283144 0.2590523 0.233343 0.2058957  
    0.1766965 0.1460487 0.1143145 0.0818559 0.0490352 
  TI = 2.2616007 2.2607622 2.2582774 2.2541919 2.2485518 2.2414026  
    2.2327905 2.2227609 2.21136 2.1986332 2.1846268 2.1693864 2.1529577  
    2.1353867 2.116719 2.0970006 2.0762772 2.054595 2.0319994 2.0085361  
    1.9842513 1.9591907 1.9333999 1.9069251 1.8798119 1.8521062  
    1.8238537 1.7951004 1.7658919 1.7362742 1.7062929 1.675994  
    1.6454234 1.6146266 1.5836499 1.5525386 1.5213389 1.4900965  
    1.458857 1.4276666 1.3965708 1.3656156 1.3348469 1.3043103  
    1.2740517 1.2441169 1.2145518 1.1854022 1.1567138 1.1285326  
    1.1009041 1.0738746 1.0474896 1.021795 0.9968364 0.97266 0.9493114  
    0.9268365 0.905281 0.8846887 0.8650552 0.8463306 0.828463 0.8114003  
    0.7950908 0.7794825 0.7645234 0.7501617 0.7363454 0.7230226  
    0.7101414 0.6976498 0.6854961 0.6736281 0.6619941 0.650542 0.63922  
    0.6279762 0.6167586 0.6055152 0.5941942 0.5827438 0.5711119  
    0.5592466 0.5470961 0.5346083 0.5217315 0.5084135 0.4946026  
    0.4802468 0.4652941 0.4497055 0.4335185 0.4167996 0.3996153  
    0.382032 0.3641163 0.3459346 0.3275535 0.3090394 0.2904588 
  ZEFF = 1.4948841 1.4948607 1.4947949 1.4946929 1.4945608 1.4944051  
    1.4942317 1.494047 1.4938571 1.4936683 1.4934869 1.4933192  
    1.4931717 1.4930509 1.4929634 1.492916 1.4929156 1.4929693  
    1.4930844 1.4932685 1.4935292 1.4938747 1.4943131 1.4948534  
    1.4955044 1.4962759 1.4971776 1.4982201 1.4994144 1.5007722  
    1.5023057 1.5040282 1.5059536 1.5080936 1.5104534 1.5130377  
    1.5158515 1.5189001 1.5221892 1.5257249 1.5295136 1.5335622  
    1.5378777 1.5424673 1.5473387 1.5524998 1.5579582 1.5637221  
    1.5697997 1.576199 1.582928 1.5899946 1.5974062 1.6051702 1.613293  
    1.6217806 1.6306385 1.6398705 1.6494799 1.6594681 1.6698374  
    1.680604 1.6917922 1.7034265 1.715533 1.7281392 1.7412734 1.754966  
    1.7692483 1.7841533 1.7997154 1.8159712 1.8329586 1.8507176 1.86929  
    1.88872 1.9090544 1.9303419 1.9525591 1.9751629 1.9973548 2.0182849  
    2.0370513 2.052696 2.0642029 2.0704943 2.0705815 2.0643023  
    2.0518029 2.0332463 2.0088107 1.9786896 1.9430932 1.9022485  
    1.8563994 1.8058079 1.7377395 1.6556525 1.5296709 1.366684  
    1.2113156 
  P_EQ = 29995.9390774 29983.3516955 29945.5895497 29873.6177863  
    29774.4800428 29645.7095776 29490.6558356 29306.9440523  
    29092.4721722 28852.3397913 28590.342661 28302.854145 27988.7729016  
    27652.4042971 27295.1874647 26917.9706328 26522.2600232  
    26106.9530565 25672.8247192 25223.8531797 24761.176038  
    24285.3707056 23797.5735512 23297.7626036 22787.5759591  
    22268.206727 21741.0597388 21208.5186004 20670.5584868  
    20126.8939254 19579.9008118 19031.1290435 18480.9572675  
    17930.2776399 17380.5170751 16832.9045069 16288.4187585  
    15748.0743624 15213.0707251 14684.4792434 14162.5802173  
    13647.9337421 13142.1298222 12646.0941966 12159.8999871  
    11684.084266 11219.227758 10765.6854407 10324.0340504 9894.5827235  
    9477.7254463 9073.9018596 8683.1969245 8305.6165276 7941.3573201  
    7590.7182261 7253.8990223 6930.7563627 6621.285539 6325.5025548  
    6043.2339128 5774.0449725 5517.4593054 5273.0056142 5040.2516358  
    4818.7820091 4608.2171343 4408.1331069 4218.1449673 4037.7562378  
    3866.8370827 3704.8895915 3551.2032746 3404.9370838 3265.3300037  
    3131.667678 3003.2739947 2879.5185184 2759.8268792 2643.7870447  
    2531.0728907 2421.3776027 2314.4100386 2209.8952563 2107.5794737  
    2007.2171262 1908.542763 1811.1367682 1714.5618407 1618.3953082  
    1522.2427865 1425.7539575 1328.7122726 1230.9371586 1132.2801947  
    1032.6420445 933.155992 834.1048645 738.0970634 645.1353099  
    553.4163371 
  OMEGA = 87896.0390625 87872.2187492 87801.4687461 87684.8593659  
    87523.4921714 87318.4297042 87070.7499642 86781.5390717  
    86451.8905627 86082.851701 85675.5313133 85230.9843475 84750.304554  
    84234.5778712 83684.8594087 83102.258169 82487.8278999  
    81842.6641805 81167.8442427 80464.4451416 79733.5470967  
    78976.2182453 78193.5467803 77386.6253414 76556.5073613  
    75704.2890625 74831.0538453 73937.8681558 73025.8126098  
    72095.9757797 71149.4308251 70187.2580436 69210.5305466  
    68220.3450565 67217.7659856 66203.8743926 65179.7514715  
    64146.4770571 63105.1362205 62056.7914649 61002.5318798  
    59943.4488393 58880.6079795 57815.0867002 56747.976308  
    55680.3424776 54613.2743272 53547.8475294 52485.1433931  
    51426.2314763 50372.203125 49324.1357226 48283.1152097 47250.200183  
    46226.4826543 45213.0441701 44210.9611749 43221.311797  
    42245.1858832 41283.6420302 40337.7795787 39408.6653787  
    38497.3871487 37605.0112981 36732.6354861 35881.3261221  
    35052.1662062 34246.227887 33464.6021123 32708.3631042  
    31978.5909437 31276.3676652 30602.7694619 29958.8722918  
    29345.764241 28764.5195313 28216.2104313 27701.9287412  
    27222.7486828 26779.7450495 26374.0082722 26006.5977389  
    25678.4060268 25380.9897462 25093.2375107 24793.1198949  
    24458.6059845 24067.6623128 23598.2595202 23028.36434 22335.9552244  
    21498.9887218 20495.443225 19303.2821719 17900.4820618  
    16265.0066986 14374.824769 12207.9069901 9742.2227588 6961.4060703  
    3967.1875 
  PPRIME = -0.0 -0.0 -0.0 -0.0 -0.0 -0.0 -0.0 -0.0 -0.0 -0.0 -0.0 -0.0  
    -0.0 -0.0 -0.0 -0.0 -0.0 -0.0 -0.0 -0.0 -0.0 -0.0 -0.0 -0.0 -0.0  
    -0.0 -0.0 -0.0 -0.0 -0.0 -0.0 -0.0 -0.0 -0.0 -0.0 -0.0 -0.0 -0.0  
    -0.0 -0.0 -0.0 -0.0 -0.0 -0.0 -0.0 -0.0 -0.0 -0.0 -0.0 -0.0 -0.0  
    -0.0 -0.0 -0.0 -0.0 -0.0 -0.0 -0.0 -0.0 -0.0 -0.0 -0.0 -0.0 -0.0  
    -0.0 -0.0 -0.0 -0.0 -0.0 -0.0 -0.0 -0.0 -0.0 -0.0 -0.0 -0.0 -0.0  
    -0.0 -0.0 -0.0 -0.0 -0.0 -0.0 -0.0 -0.0 -0.0 -0.0 -0.0 -0.0 -0.0  
    -0.0 -0.0 -0.0 -0.0 -0.0 -0.0 -0.0 -0.0 -0.0 -0.0 -0.0 
  FFPRIME = -3.1260578 -3.1453081 -3.1339635 -3.0694142 -3.0400598  
    -3.0020938 -2.9937985 -3.0039593 -3.0314534 -3.0701502 -3.1038479  
    -3.1292954 -3.158344 -3.1936898 -3.2296656 -3.2646811 -3.2964443  
    -3.3245884 -3.3533141 -3.3821357 -3.4071163 -3.4273131 -3.4428027  
    -3.4539375 -3.460482 -3.4622255 -3.4598907 -3.4519948 -3.4371413  
    -3.4172701 -3.392942 -3.3625114 -3.3261999 -3.2850722 -3.2394055  
    -3.1891322 -3.1342076 -3.0751483 -3.013049 -2.9482336 -2.8804615  
    -2.8105569 -2.7389906 -2.6654251 -2.5905177 -2.5149637 -2.4385701  
    -2.3613048 -2.2835049 -2.2053271 -2.1269973 -2.0485521 -1.9698534  
    -1.8912209 -1.812985 -1.7354068 -1.6588068 -1.5831957 -1.5086242  
    -1.4354787 -1.3639828 -1.2942737 -1.2267355 -1.1616996 -1.0993337  
    -1.0396963 -0.9828504 -0.9289653 -0.878139 -0.8305238 -0.7861357  
    -0.7447951 -0.7062627 -0.6702491 -0.6365804 -0.6050596 -0.5754272  
    -0.547461 -0.5210676 -0.4962022 -0.4727625 -0.4506569 -0.429834  
    -0.4102183 -0.3917052 -0.3741954 -0.3575297 -0.3414732 -0.3257725  
    -0.3101671 -0.2943733 -0.2780768 -0.2609053 -0.2423512 -0.221664  
    -0.1982399 -0.1710345 -0.1388373 -0.1002711 -0.0322727 -0.0052779 
  J_OH = 1.8143949 1.8195577 1.8218393 1.8069266 1.7769574 1.7475473  
    1.7339194 1.7379114 1.7483735 1.7561762 1.7625444 1.7701541  
    1.7785435 1.7875458 1.797168 1.8065213 1.815422 1.823858 1.831505  
    1.8381442 1.8433618 1.8468831 1.848906 1.849412 1.8478171 1.8443372  
    1.8388338 1.8309902 1.8207601 1.8082455 1.7933609 1.7760134  
    1.7561993 1.7341011 1.7098885 1.6835931 1.6552364 1.6250429  
    1.5932703 1.5600799 1.5256874 1.4901826 1.4538312 1.4168392  
    1.3792055 1.3408951 1.3022293 1.2632516 1.2239823 1.1844235  
    1.1447201 1.1049646 1.0650924 1.02532 0.9857215 0.946267 0.9070811  
    0.8683328 0.83012 0.7925559 0.7557624 0.7198468 0.6849836 0.6511909  
    0.6186323 0.5874287 0.5576763 0.5294218 0.5027354 0.4776659  
    0.4542291 0.4324153 0.4121406 0.3932661 0.3756964 0.3592867  
    0.343927 0.3295187 0.3159874 0.303239 0.2912949 0.2801091 0.2696448  
    0.2598521 0.2507056 0.24216 0.2341531 0.2265688 0.2192918 0.2121828  
    0.2050814 0.1978082 0.1901556 0.1818095 0.1723635 0.1613593  
    0.1482045 0.1322727 0.112467 0.0865383 0.0825084 
  J_BS = 0.0 0.0011296 0.0056166 0.0142751 0.0249791 0.0351034  
    0.0426741 0.0473071 0.0505077 0.0536156 0.0566255 0.0592557  
    0.061616 0.0637784 0.0657221 0.0674881 0.0690627 0.0704337  
    0.0716604 0.07276 0.0737348 0.0746047 0.0753392 0.0759396 0.0764489  
    0.0768588 0.077172 0.0774044 0.07754 0.0775876 0.0775756 0.0775034  
    0.0773493 0.0770813 0.0766792 0.07615 0.0755092 0.0747701 0.0739348  
    0.0730032 0.0719877 0.0709019 0.0697511 0.0685371 0.0672627  
    0.065934 0.0645558 0.0631327 0.0616679 0.0601663 0.0586306 0.057063  
    0.0554696 0.0538503 0.0522093 0.0505528 0.0488787 0.0471892  
    0.0454898 0.0437893 0.0421181 0.0405023 0.0389424 0.0374346  
    0.0359753 0.0345605 0.0331873 0.0318522 0.0305521 0.029284  
    0.0280524 0.0268925 0.0258423 0.0249081 0.0240853 0.0233705  
    0.0227609 0.0222511 0.0218221 0.0214526 0.0211369 0.0208757  
    0.0206702 0.020522 0.0204331 0.0204088 0.0204736 0.0206531  
    0.0209503 0.0213603 0.0218746 0.0224708 0.0231163 0.023775  
    0.0243909 0.0246739 0.0244669 0.023413 0.0209201 0.0178837  
    0.0150924 
  J_NB = 0.0460018 0.0479186 0.0536692 0.0585895 0.0621803 0.0648524  
    0.0661202 0.0666809 0.0669062 0.0669523 0.0667856 0.0663758  
    0.0656999 0.0648307 0.0637689 0.0625398 0.0611276 0.0597433  
    0.0584429 0.0572233 0.0560898 0.0548474 0.053518 0.052133 0.050703  
    0.0490295 0.0472819 0.0454405 0.0435957 0.0419198 0.0402486  
    0.038369 0.0365488 0.0348846 0.033262 0.0316864 0.0301186 0.0284995  
    0.027066 0.0259641 0.0249104 0.023923 0.0228647 0.0216119 0.0205266  
    0.0198563 0.0191794 0.0184034 0.0176523 0.0170028 0.0163721  
    0.0157129 0.0150623 0.0143237 0.013516 0.0127762 0.0122038  
    0.0116509 0.0109979 0.0103385 0.0097022 0.0090706 0.0084706  
    0.0080521 0.007734 0.0074237 0.007067 0.0067177 0.0063829 0.0060622  
    0.0057571 0.0054649 0.0051817 0.0049098 0.0046485 0.0044398  
    0.0042549 0.0040713 0.0039027 0.0038047 0.0036965 0.0035785  
    0.0034647 0.0033671 0.0032572 0.0031357 0.0030049 0.0028777  
    0.0027388 0.002589 0.0024287 0.0022418 0.0020156 0.0017903  
    0.0015646 0.0013384 0.001114 0.0008973 0.0006877 0.0004733 0.00026 
  J_EC = 0.0 0.0 0.0 0.0 0.0 0.0 0.0 0.0 0.0 0.0 0.0 0.0 0.0 0.0 0.0  
    0.0 0.0 0.0 0.0 0.0 0.0 0.0 0.0 0.0 0.0 0.0 0.0 0.0 0.0 0.0 0.0 0.0  
    0.0 0.0 0.0 0.0 0.0 0.0 0.0 0.0 0.0 0.0 0.0 0.0 0.0 0.0 0.0 0.0 0.0  
    0.0 0.0 0.0 0.0 0.0 0.0 0.0 0.0 0.0 0.0 0.0 0.0 0.0 0.0 0.0 0.0 0.0  
    0.0 0.0 0.0 0.0 0.0 0.0 0.0 0.0 0.0 0.0 0.0 0.0 0.0 0.0 0.0 0.0 0.0  
    0.0 0.0 0.0 0.0 0.0 0.0 0.0 0.0 0.0 0.0 0.0 0.0 0.0 0.0 0.0 0.0 0.0  
    0.0 
  J_IC = 0.0 0.0 0.0 0.0 0.0 0.0 0.0 0.0 0.0 0.0 0.0 0.0 0.0 0.0 0.0  
    0.0 0.0 0.0 0.0 0.0 0.0 0.0 0.0 0.0 0.0 0.0 0.0 0.0 0.0 0.0 0.0 0.0  
    0.0 0.0 0.0 0.0 0.0 0.0 0.0 0.0 0.0 0.0 0.0 0.0 0.0 0.0 0.0 0.0 0.0  
    0.0 0.0 0.0 0.0 0.0 0.0 0.0 0.0 0.0 0.0 0.0 0.0 0.0 0.0 0.0 0.0 0.0  
    0.0 0.0 0.0 0.0 0.0 0.0 0.0 0.0 0.0 0.0 0.0 0.0 0.0 0.0 0.0 0.0 0.0  
    0.0 0.0 0.0 0.0 0.0 0.0 0.0 0.0 0.0 0.0 0.0 0.0 0.0 0.0 0.0 0.0 0.0  
    0.0 
  J_LH = 0.0 0.0 0.0 0.0 0.0 0.0 0.0 0.0 0.0 0.0 0.0 0.0 0.0 0.0 0.0  
    0.0 0.0 0.0 0.0 0.0 0.0 0.0 0.0 0.0 0.0 0.0 0.0 0.0 0.0 0.0 0.0 0.0  
    0.0 0.0 0.0 0.0 0.0 0.0 0.0 0.0 0.0 0.0 0.0 0.0 0.0 0.0 0.0 0.0 0.0  
    0.0 0.0 0.0 0.0 0.0 0.0 0.0 0.0 0.0 0.0 0.0 0.0 0.0 0.0 0.0 0.0 0.0  
    0.0 0.0 0.0 0.0 0.0 0.0 0.0 0.0 0.0 0.0 0.0 0.0 0.0 0.0 0.0 0.0 0.0  
    0.0 0.0 0.0 0.0 0.0 0.0 0.0 0.0 0.0 0.0 0.0 0.0 0.0 0.0 0.0 0.0 0.0  
    0.0 
  J_HC = 0.0 0.0 0.0 0.0 0.0 0.0 0.0 0.0 0.0 0.0 0.0 0.0 0.0 0.0 0.0  
    0.0 0.0 0.0 0.0 0.0 0.0 0.0 0.0 0.0 0.0 0.0 0.0 0.0 0.0 0.0 0.0 0.0  
    0.0 0.0 0.0 0.0 0.0 0.0 0.0 0.0 0.0 0.0 0.0 0.0 0.0 0.0 0.0 0.0 0.0  
    0.0 0.0 0.0 0.0 0.0 0.0 0.0 0.0 0.0 0.0 0.0 0.0 0.0 0.0 0.0 0.0 0.0  
    0.0 0.0 0.0 0.0 0.0 0.0 0.0 0.0 0.0 0.0 0.0 0.0 0.0 0.0 0.0 0.0 0.0  
    0.0 0.0 0.0 0.0 0.0 0.0 0.0 0.0 0.0 0.0 0.0 0.0 0.0 0.0 0.0 0.0 0.0  
    0.0 
  J_TOT = 1.9696499 1.9696499 1.9828461 1.9814406 1.9649228 1.9474183  
    1.9423772 1.9520627 1.9667013 1.9782436 1.987962 1.9983826  
    2.0090072 2.0198145 2.0308749 2.0413274 2.0509133 2.0597787  
    2.0677519 2.074631 2.0799682 2.0832946 2.0848034 2.084508 2.08185  
    2.07684 2.0695094 2.0595202 2.0469011 2.0319477 2.0144271 1.9940204  
    1.9709778 1.9455583 1.9178012 1.8877526 1.8554132 1.820974  
    1.7849539 1.7476746 1.7090873 1.6693259 1.6285389 1.5868252  
    1.5445658 1.5019877 1.4589946 1.4155436 1.3717883 1.3278154  
    1.2836921 1.2394695 1.1951276 1.1507892 1.106556 1.0625437  
    1.0189791 0.9758876 0.9332529 0.8912952 0.8501993 0.8100807  
    0.7711441 0.7335553 0.6973926 0.6626803 0.6294572 0.5978198  
    0.5678416 0.5395668 0.5130156 0.4882097 0.465097 0.4435451  
    0.4234514 0.4047074 0.3871697 0.3707096 0.3552458 0.3407165  
    0.3270549 0.3142143 0.3021716 0.2908889 0.2803132 0.2704042  
    0.2611259 0.2524006 0.2441017 0.2360868 0.2281899 0.2201973  
    0.2118613 0.2028805 0.1928011 0.1808906 0.1664244 0.1484638  
    0.1253952 0.096014 0.0880832 
  P_EI = 0.0123508 0.0123539 0.0123632 0.012379 0.0124002 0.0124265  
    0.0124569 0.0124914 0.0125295 0.0125705 0.0126136 0.0126585  
    0.0127048 0.0127517 0.0127988 0.0128453 0.0128907 0.0129345  
    0.0129761 0.0130147 0.0130497 0.0130802 0.0131057 0.0131254  
    0.0131387 0.0131447 0.0131425 0.0131312 0.0131101 0.0130784  
    0.013035 0.0129789 0.0129093 0.0128254 0.0127265 0.0126123  
    0.0124823 0.0123361 0.012173 0.0119925 0.0117941 0.0115771  
    0.0113409 0.0110846 0.0108074 0.0105086 0.0101871 0.0098419  
    0.0094719 0.0090758 0.0086522 0.0081996 0.0077164 0.0072007  
    0.0066506 0.0060639 0.0054381 0.0047708 0.0040591 0.0033001  
    0.0024951 0.0016494 0.0007689 -0.0001394 -0.001068 -0.002008  
    -0.0029497 -0.003882 -0.0047926 -0.0056678 -0.0064926 -0.0072534  
    -0.0079495 -0.0085848 -0.0091646 -0.0096955 -0.010185 -0.0106419  
    -0.0110759 -0.0114979 -0.01192 -0.0123557 -0.0128201 -0.0133305  
    -0.0139068 -0.0145728 -0.0153576 -0.0162976 -0.0174401 -0.0188482  
    -0.0206091 -0.0228497 -0.0257721 -0.0296942 -0.0351365 -0.0430137  
    -0.0549504 -0.0741166 -0.1076498 -0.1767355 -0.3732475 
  SE_NB = 0.0 0.0 0.0 0.0 0.0 0.0 0.0 0.0 0.0 0.0 0.0 0.0 0.0 0.0 0.0  
    0.0 0.0 0.0 0.0 0.0 0.0 0.0 0.0 0.0 0.0 0.0 0.0 0.0 0.0 0.0 0.0 0.0  
    0.0 0.0 0.0 0.0 0.0 0.0 0.0 0.0 0.0 0.0 0.0 0.0 0.0 0.0 0.0 0.0 0.0  
    0.0 0.0 0.0 0.0 0.0 0.0 0.0 0.0 0.0 0.0 0.0 0.0 0.0 0.0 0.0 0.0 0.0  
    0.0 0.0 0.0 0.0 0.0 0.0 0.0 0.0 0.0 0.0 0.0 0.0 0.0 0.0 0.0 0.0 0.0  
    0.0 0.0 0.0 0.0 0.0 0.0 0.0 0.0 0.0 0.0 0.0 0.0 0.0 0.0 0.0 0.0 0.0  
    0.0 
  PE_NB = 0.0636454 0.0636565 0.0636782 0.063594 0.0634772 0.0632948  
    0.0630722 0.0627823 0.0624017 0.061967 0.0615041 0.060977 0.0603703  
    0.0597126 0.0590092 0.0582619 0.0574773 0.0566383 0.0557443  
    0.0548229 0.0538775 0.0529066 0.051914 0.0508916 0.0498474  
    0.0487854 0.0477115 0.0466423 0.0455698 0.0444827 0.0433981  
    0.0423257 0.041261 0.040205 0.0391629 0.038138 0.0371307 0.0361423  
    0.0351772 0.0342385 0.0333203 0.0324199 0.0315485 0.0307097  
    0.0298967 0.0291088 0.0283467 0.0276086 0.0268958 0.0262067  
    0.0255414 0.0249013 0.0242832 0.0236831 0.0231002 0.0225357 0.02199  
    0.0214587 0.0209396 0.0204317 0.0199333 0.0194428 0.0189588  
    0.0184794 0.0180034 0.0175295 0.0170568 0.0165837 0.016109  
    0.0156276 0.0151461 0.0146611 0.0141743 0.0136862 0.0131981  
    0.0127117 0.0122285 0.0117499 0.0112777 0.0108134 0.0103586  
    0.0099151 0.0094845 0.0090679 0.0086671 0.0082834 0.0079183  
    0.0075732 0.0072501 0.0069511 0.0066786 0.0064354 0.0062244  
    0.0060461 0.0059029 0.0058019 0.0057632 0.0058277 0.0060389  
    0.0063753 0.0068535 
  PE_EC = 0.0 0.0 0.0 0.0 0.0 0.0 0.0 0.0 0.0 0.0 0.0 0.0 0.0 0.0 0.0  
    0.0 0.0 0.0 0.0 0.0 0.0 0.0 0.0 0.0 0.0 0.0 0.0 0.0 0.0 0.0 0.0 0.0  
    0.0 0.0 0.0 0.0 0.0 0.0 0.0 0.0 0.0 0.0 0.0 0.0 0.0 0.0 0.0 0.0 0.0  
    0.0 0.0 0.0 0.0 0.0 0.0 0.0 0.0 0.0 0.0 0.0 0.0 0.0 0.0 0.0 0.0 0.0  
    0.0 0.0 0.0 0.0 0.0 0.0 0.0 0.0 0.0 0.0 0.0 0.0 0.0 0.0 0.0 0.0 0.0  
    0.0 0.0 0.0 0.0 0.0 0.0 0.0 0.0 0.0 0.0 0.0 0.0 0.0 0.0 0.0 0.0 0.0  
    0.0 
  PE_IC = 0.0 0.0 0.0 0.0 0.0 0.0 0.0 0.0 0.0 0.0 0.0 0.0 0.0 0.0 0.0  
    0.0 0.0 0.0 0.0 0.0 0.0 0.0 0.0 0.0 0.0 0.0 0.0 0.0 0.0 0.0 0.0 0.0  
    0.0 0.0 0.0 0.0 0.0 0.0 0.0 0.0 0.0 0.0 0.0 0.0 0.0 0.0 0.0 0.0 0.0  
    0.0 0.0 0.0 0.0 0.0 0.0 0.0 0.0 0.0 0.0 0.0 0.0 0.0 0.0 0.0 0.0 0.0  
    0.0 0.0 0.0 0.0 0.0 0.0 0.0 0.0 0.0 0.0 0.0 0.0 0.0 0.0 0.0 0.0 0.0  
    0.0 0.0 0.0 0.0 0.0 0.0 0.0 0.0 0.0 0.0 0.0 0.0 0.0 0.0 0.0 0.0 0.0  
    0.0 
  PE_LH = 0.0 0.0 0.0 0.0 0.0 0.0 0.0 0.0 0.0 0.0 0.0 0.0 0.0 0.0 0.0  
    0.0 0.0 0.0 0.0 0.0 0.0 0.0 0.0 0.0 0.0 0.0 0.0 0.0 0.0 0.0 0.0 0.0  
    0.0 0.0 0.0 0.0 0.0 0.0 0.0 0.0 0.0 0.0 0.0 0.0 0.0 0.0 0.0 0.0 0.0  
    0.0 0.0 0.0 0.0 0.0 0.0 0.0 0.0 0.0 0.0 0.0 0.0 0.0 0.0 0.0 0.0 0.0  
    0.0 0.0 0.0 0.0 0.0 0.0 0.0 0.0 0.0 0.0 0.0 0.0 0.0 0.0 0.0 0.0 0.0  
    0.0 0.0 0.0 0.0 0.0 0.0 0.0 0.0 0.0 0.0 0.0 0.0 0.0 0.0 0.0 0.0 0.0  
    0.0 
  PE_HC = 0.0 0.0 0.0 0.0 0.0 0.0 0.0 0.0 0.0 0.0 0.0 0.0 0.0 0.0 0.0  
    0.0 0.0 0.0 0.0 0.0 0.0 0.0 0.0 0.0 0.0 0.0 0.0 0.0 0.0 0.0 0.0 0.0  
    0.0 0.0 0.0 0.0 0.0 0.0 0.0 0.0 0.0 0.0 0.0 0.0 0.0 0.0 0.0 0.0 0.0  
    0.0 0.0 0.0 0.0 0.0 0.0 0.0 0.0 0.0 0.0 0.0 0.0 0.0 0.0 0.0 0.0 0.0  
    0.0 0.0 0.0 0.0 0.0 0.0 0.0 0.0 0.0 0.0 0.0 0.0 0.0 0.0 0.0 0.0 0.0  
    0.0 0.0 0.0 0.0 0.0 0.0 0.0 0.0 0.0 0.0 0.0 0.0 0.0 0.0 0.0 0.0 0.0  
    0.0 
  SI_NB = 0.0 0.0 0.0 0.0 0.0 0.0 0.0 0.0 0.0 0.0 0.0 0.0 0.0 0.0 0.0  
    0.0 0.0 0.0 0.0 0.0 0.0 0.0 0.0 0.0 0.0 0.0 0.0 0.0 0.0 0.0 0.0 0.0  
    0.0 0.0 0.0 0.0 0.0 0.0 0.0 0.0 0.0 0.0 0.0 0.0 0.0 0.0 0.0 0.0 0.0  
    0.0 0.0 0.0 0.0 0.0 0.0 0.0 0.0 0.0 0.0 0.0 0.0 0.0 0.0 0.0 0.0 0.0  
    0.0 0.0 0.0 0.0 0.0 0.0 0.0 0.0 0.0 0.0 0.0 0.0 0.0 0.0 0.0 0.0 0.0  
    0.0 0.0 0.0 0.0 0.0 0.0 0.0 0.0 0.0 0.0 0.0 0.0 0.0 0.0 0.0 0.0 0.0  
    0.0 
  PI_NB = 0.1794485 0.1794331 0.1793424 0.1788214 0.1780305 0.1769318  
    0.1755282 0.1738464 0.1719282 0.1697443 0.1672822 0.1645949  
    0.161714 0.1586271 0.1553473 0.1518907 0.14827 0.1445235 0.1406723  
    0.1367096 0.1326531 0.1285251 0.1243425 0.120134 0.1159119  
    0.1116917 0.1074858 0.1032945 0.0991434 0.0950611 0.0910433  
    0.0870931 0.083228 0.0794584 0.0757879 0.0722216 0.0687664  
    0.0654267 0.0622023 0.0590931 0.0561079 0.0532504 0.0505092  
    0.0478799 0.0453679 0.0429716 0.0406872 0.0385129 0.0364436  
    0.0344765 0.0326065 0.0308275 0.0291374 0.0275349 0.0260155  
    0.0245727 0.023201 0.0218993 0.0206646 0.0194931 0.0183817  
    0.0173273 0.0163269 0.0153779 0.0144777 0.0136238 0.0128136  
    0.0120455 0.0113177 0.010633 0.0099817 0.0093652 0.0087805  
    0.0082259 0.0076993 0.0071987 0.0067221 0.006268 0.005835 0.0054217  
    0.005027 0.0046501 0.0042902 0.0039462 0.0036173 0.0033028  
    0.0030022 0.0027154 0.0024416 0.0021813 0.0019347 0.0017025  
    0.0014839 0.0012777 0.0010832 0.0009009 0.0007349 0.0005919  
    0.0004717 0.000353 0.0002299 
  PI_EC = 0.0 0.0 0.0 0.0 0.0 0.0 0.0 0.0 0.0 0.0 0.0 0.0 0.0 0.0 0.0  
    0.0 0.0 0.0 0.0 0.0 0.0 0.0 0.0 0.0 0.0 0.0 0.0 0.0 0.0 0.0 0.0 0.0  
    0.0 0.0 0.0 0.0 0.0 0.0 0.0 0.0 0.0 0.0 0.0 0.0 0.0 0.0 0.0 0.0 0.0  
    0.0 0.0 0.0 0.0 0.0 0.0 0.0 0.0 0.0 0.0 0.0 0.0 0.0 0.0 0.0 0.0 0.0  
    0.0 0.0 0.0 0.0 0.0 0.0 0.0 0.0 0.0 0.0 0.0 0.0 0.0 0.0 0.0 0.0 0.0  
    0.0 0.0 0.0 0.0 0.0 0.0 0.0 0.0 0.0 0.0 0.0 0.0 0.0 0.0 0.0 0.0 0.0  
    0.0 
  PI_IC = 0.0 0.0 0.0 0.0 0.0 0.0 0.0 0.0 0.0 0.0 0.0 0.0 0.0 0.0 0.0  
    0.0 0.0 0.0 0.0 0.0 0.0 0.0 0.0 0.0 0.0 0.0 0.0 0.0 0.0 0.0 0.0 0.0  
    0.0 0.0 0.0 0.0 0.0 0.0 0.0 0.0 0.0 0.0 0.0 0.0 0.0 0.0 0.0 0.0 0.0  
    0.0 0.0 0.0 0.0 0.0 0.0 0.0 0.0 0.0 0.0 0.0 0.0 0.0 0.0 0.0 0.0 0.0  
    0.0 0.0 0.0 0.0 0.0 0.0 0.0 0.0 0.0 0.0 0.0 0.0 0.0 0.0 0.0 0.0 0.0  
    0.0 0.0 0.0 0.0 0.0 0.0 0.0 0.0 0.0 0.0 0.0 0.0 0.0 0.0 0.0 0.0 0.0  
    0.0 
  PI_LH = 0.0 0.0 0.0 0.0 0.0 0.0 0.0 0.0 0.0 0.0 0.0 0.0 0.0 0.0 0.0  
    0.0 0.0 0.0 0.0 0.0 0.0 0.0 0.0 0.0 0.0 0.0 0.0 0.0 0.0 0.0 0.0 0.0  
    0.0 0.0 0.0 0.0 0.0 0.0 0.0 0.0 0.0 0.0 0.0 0.0 0.0 0.0 0.0 0.0 0.0  
    0.0 0.0 0.0 0.0 0.0 0.0 0.0 0.0 0.0 0.0 0.0 0.0 0.0 0.0 0.0 0.0 0.0  
    0.0 0.0 0.0 0.0 0.0 0.0 0.0 0.0 0.0 0.0 0.0 0.0 0.0 0.0 0.0 0.0 0.0  
    0.0 0.0 0.0 0.0 0.0 0.0 0.0 0.0 0.0 0.0 0.0 0.0 0.0 0.0 0.0 0.0 0.0  
    0.0 
  PI_HC = 0.0 0.0 0.0 0.0 0.0 0.0 0.0 0.0 0.0 0.0 0.0 0.0 0.0 0.0 0.0  
    0.0 0.0 0.0 0.0 0.0 0.0 0.0 0.0 0.0 0.0 0.0 0.0 0.0 0.0 0.0 0.0 0.0  
    0.0 0.0 0.0 0.0 0.0 0.0 0.0 0.0 0.0 0.0 0.0 0.0 0.0 0.0 0.0 0.0 0.0  
    0.0 0.0 0.0 0.0 0.0 0.0 0.0 0.0 0.0 0.0 0.0 0.0 0.0 0.0 0.0 0.0 0.0  
    0.0 0.0 0.0 0.0 0.0 0.0 0.0 0.0 0.0 0.0 0.0 0.0 0.0 0.0 0.0 0.0 0.0  
    0.0 0.0 0.0 0.0 0.0 0.0 0.0 0.0 0.0 0.0 0.0 0.0 0.0 0.0 0.0 0.0 0.0  
    0.0 
  PI_CX = 0.0136622 0.013598 0.0135525 0.0134884 0.0133962 0.013275  
    0.0131281 0.0129576 0.0127647 0.0125504 0.0123155 0.012062  
    0.0117914 0.0115059 0.011207 0.0108965 0.0105761 0.0102479  
    0.0099136 0.0095748 0.0092332 0.0088904 0.0085479 0.0082073  
    0.0078699 0.0075369 0.0072096 0.0068887 0.0065756 0.0062707  
    0.0059751 0.0056887 0.0054125 0.0051466 0.0048915 0.0046471  
    0.0044136 0.004191 0.0039791 0.0037777 0.0035868 0.0034061  
    0.0032351 0.0030734 0.0029206 0.0027762 0.0026403 0.0025122  
    0.0023921 0.0022786 0.0021727 0.0020731 0.0019806 0.0018954  
    0.0018173 0.0017463 0.0016822 0.001626 0.0015786 0.0015402  
    0.0015107 0.0014897 0.0014767 0.0014714 0.0014741 0.001485  
    0.0015044 0.0015324 0.001569 0.0016148 0.0016706 0.0017376  
    0.0018169 0.0019098 0.0020175 0.0021416 0.0022839 0.002447  
    0.0026338 0.0028474 0.0030921 0.0033726 0.0036961 0.0040731  
    0.0045157 0.005039 0.0056611 0.0064027 0.0072841 0.0083294  
    0.0095674 0.0110335 0.012804 0.0150339 0.0179438 0.0218391  
    0.0270017 0.0335007 0.0418158 0.0578015 0.0964705 
  PI_FUS = 0.0 0.0 0.0 0.0 0.0 0.0 0.0 0.0 0.0 0.0 0.0 0.0 0.0 0.0 0.0  
    0.0 0.0 0.0 0.0 0.0 0.0 0.0 0.0 0.0 0.0 0.0 0.0 0.0 0.0 0.0 0.0 0.0  
    0.0 0.0 0.0 0.0 0.0 0.0 0.0 0.0 0.0 0.0 0.0 0.0 0.0 0.0 0.0 0.0 0.0  
    0.0 0.0 0.0 0.0 0.0 0.0 0.0 0.0 0.0 0.0 0.0 0.0 0.0 0.0 0.0 0.0 0.0  
    0.0 0.0 0.0 0.0 0.0 0.0 0.0 0.0 0.0 0.0 0.0 0.0 0.0 0.0 0.0 0.0 0.0  
    0.0 0.0 0.0 0.0 0.0 0.0 0.0 0.0 0.0 0.0 0.0 0.0 0.0 0.0 0.0 0.0 0.0  
    0.0 
  PE_FUS = 0.0 0.0 0.0 0.0 0.0 0.0 0.0 0.0 0.0 0.0 0.0 0.0 0.0 0.0 0.0  
    0.0 0.0 0.0 0.0 0.0 0.0 0.0 0.0 0.0 0.0 0.0 0.0 0.0 0.0 0.0 0.0 0.0  
    0.0 0.0 0.0 0.0 0.0 0.0 0.0 0.0 0.0 0.0 0.0 0.0 0.0 0.0 0.0 0.0 0.0  
    0.0 0.0 0.0 0.0 0.0 0.0 0.0 0.0 0.0 0.0 0.0 0.0 0.0 0.0 0.0 0.0 0.0  
    0.0 0.0 0.0 0.0 0.0 0.0 0.0 0.0 0.0 0.0 0.0 0.0 0.0 0.0 0.0 0.0 0.0  
    0.0 0.0 0.0 0.0 0.0 0.0 0.0 0.0 0.0 0.0 0.0 0.0 0.0 0.0 0.0 0.0 0.0  
    0.0 
  P_RAD = 0.1540712 0.1528239 0.1515767 0.1503294 0.1490822 0.1472134  
    0.1449958 0.1424287 0.1397259 0.1365389 0.1331247 0.1293999  
    0.125423 0.1211762 0.1167376 0.1120524 0.1071701 0.1020901  
    0.0968374 0.0914083 0.085839 0.0801262 0.0742865 0.0683294  
    0.0622683 0.0561153 0.0498814 0.043582 0.0372245 0.0308221  
    0.0243865 0.0179289 0.0114604 0.0049928 -0.0014627 -0.0078945  
    -0.0142909 -0.0206416 -0.0269336 -0.0331561 -0.0392966 -0.0453426  
    -0.0512869 -0.0571124 -0.0628079 -0.0683613 -0.073761 -0.0789931  
    -0.0840451 -0.0889036 -0.093554 -0.097986 -0.1021822 -0.1061292  
    -0.1098135 -0.1132185 -0.1163302 -0.1191324 -0.1216079 -0.1237434  
    -0.1255187 -0.1269163 -0.1279222 -0.1285149 -0.1286754 -0.1283852  
    -0.1276211 -0.1263707 -0.1246046 -0.1223038 -0.1194463 -0.1160073  
    -0.1119627 -0.1072904 -0.1019622 -0.0959508 -0.0892345 -0.0817787  
    -0.0735563 -0.0645378 -0.0546912 -0.0439847 -0.0323857 -0.019859  
    -0.0063695 0.0081218 0.0236494 0.0402554 0.0579801 0.0768655  
    0.0969562 0.118107 0.1394208 0.1598091 0.1781919 0.1934772  
    0.2045472 0.2103395 0.2096163 0.2015355 0.1848821 
  P_OHM = 0.0301042 0.0305828 0.0312365 0.0320163 0.0328365 0.0337871  
    0.0350264 0.0365748 0.0382421 0.0398775 0.0415419 0.0433137  
    0.0451859 0.0471577 0.049233 0.0513894 0.0536232 0.0559332  
    0.0583038 0.060724 0.0631763 0.065644 0.0681256 0.0706099 0.0730616  
    0.0754761 0.0778328 0.0801036 0.0822716 0.084323 0.0862357  
    0.0879909 0.0895731 0.090975 0.0921913 0.0932119 0.0940269  
    0.0946396 0.0950578 0.0952869 0.0953372 0.0952108 0.0949222  
    0.094483 0.09389 0.0931355 0.0922361 0.0911896 0.089992 0.0886375  
    0.0871312 0.0854757 0.0836621 0.0817044 0.079607 0.0773677  
    0.0749982 0.0725161 0.0699353 0.0672729 0.0645487 0.0617828  
    0.0590024 0.056222 0.053469 0.0507673 0.0481378 0.0455968 0.0431609  
    0.0408437 0.0386544 0.0365985 0.0346742 0.0328734 0.0311911  
    0.0296174 0.0281445 0.0267653 0.0254743 0.0242639 0.0231358  
    0.0220859 0.0211106 0.0202052 0.019367 0.0185915 0.0178729  
    0.0172016 0.0165678 0.0159601 0.0153657 0.0147704 0.0141578  
    0.013504 0.0127776 0.011944 0.0109581 0.0097729 0.0083064 0.0063891  
    0.0060886 
  TORQUE_NB = 0.1615458 0.1615606 0.1621864 0.1624334 0.1620677  
    0.1613819 0.1596726 0.1578709 0.1567981 0.155342 0.1528371 0.150326  
    0.1482717 0.1460197 0.1435483 0.1407584 0.1375153 0.1344819  
    0.1317788 0.1287958 0.1255576 0.1220492 0.1183586 0.1148814  
    0.111488 0.1081164 0.1047464 0.1009636 0.097165 0.0939686 0.0907945  
    0.0873245 0.0839478 0.0807888 0.0776839 0.0745996 0.0716202  
    0.068779 0.0659503 0.0630511 0.0603952 0.0581228 0.055828 0.0533848  
    0.0510592 0.048879 0.0468041 0.044888 0.0430548 0.0413411 0.0397021  
    0.038037 0.0364216 0.0349656 0.0336504 0.0323633 0.0310138  
    0.0297244 0.0285091 0.0273508 0.0262417 0.0251811 0.0241618  
    0.0231897 0.0222571 0.0213563 0.0204532 0.0195763 0.0187276  
    0.0179756 0.0172416 0.0165248 0.0157764 0.0150448 0.0143327  
    0.0136394 0.0129648 0.0123089 0.0116728 0.0110613 0.0104678  
    0.0098926 0.0093385 0.0088074 0.0082942 0.0077989 0.0073217  
    0.0068617 0.0064221 0.0060043 0.0056106 0.005243 0.0049031  
    0.0045898 0.0043042 0.0040517 0.0038518 0.0037459 0.0037726  
    0.0038909 0.0041367 
  TORQUE_IN = 0.0 0.0 0.0 0.0 0.0 0.0 0.0 0.0 0.0 0.0 0.0 0.0 0.0 0.0  
    0.0 0.0 0.0 0.0 0.0 0.0 0.0 0.0 0.0 0.0 0.0 0.0 0.0 0.0 0.0 0.0 0.0  
    0.0 0.0 0.0 0.0 0.0 0.0 0.0 0.0 0.0 0.0 0.0 0.0 0.0 0.0 0.0 0.0 0.0  
    0.0 0.0 0.0 0.0 0.0 0.0 0.0 0.0 0.0 0.0 0.0 0.0 0.0 0.0 0.0 0.0 0.0  
    0.0 0.0 0.0 0.0 0.0 0.0 0.0 0.0 0.0 0.0 0.0 0.0 0.0 0.0 0.0 0.0 0.0  
    0.0 0.0 0.0 0.0 0.0 0.0 0.0 0.0 0.0 0.0 0.0 0.0 0.0 0.0 0.0 0.0 0.0  
    0.0 0.0 
  SE_IONIZATION = 0.0 0.0 0.0 0.0 0.0 0.0 0.0 0.0 0.0 0.0 0.0 0.0 0.0  
    0.0 0.0 0.0 0.0 0.0 0.0 0.0 0.0 0.0 0.0 0.0 0.0 0.0 0.0 0.0 0.0 0.0  
    0.0 0.0 0.0 0.0 0.0 0.0 0.0 0.0 0.0 0.0 0.0 0.0 0.0 0.0 0.0 0.0 0.0  
    0.0 0.0 0.0 0.0 0.0 0.0 0.0 0.0 0.0 0.0 0.0 0.0 0.0 0.0 0.0 0.0 0.0  
    0.0 0.0 0.0 0.0 0.0 0.0 0.0 0.0 0.0 0.0 0.0 0.0 0.0 0.0 0.0 0.0 0.0  
    0.0 0.0 0.0 0.0 0.0 0.0 0.0 0.0 0.0 0.0 0.0 0.0 0.0 0.0 0.0 0.0 0.0  
    0.0 0.0 0.0 
  SI_IONIZATION = 0.0 0.0 0.0 0.0 0.0 0.0 0.0 0.0 0.0 0.0 0.0 0.0 0.0  
    0.0 0.0 0.0 0.0 0.0 0.0 0.0 0.0 0.0 0.0 0.0 0.0 0.0 0.0 0.0 0.0 0.0  
    0.0 0.0 0.0 0.0 0.0 0.0 0.0 0.0 0.0 0.0 0.0 0.0 0.0 0.0 0.0 0.0 0.0  
    0.0 0.0 0.0 0.0 0.0 0.0 0.0 0.0 0.0 0.0 0.0 0.0 0.0 0.0 0.0 0.0 0.0  
    0.0 0.0 0.0 0.0 0.0 0.0 0.0 0.0 0.0 0.0 0.0 0.0 0.0 0.0 0.0 0.0 0.0  
    0.0 0.0 0.0 0.0 0.0 0.0 0.0 0.0 0.0 0.0 0.0 0.0 0.0 0.0 0.0 0.0 0.0  
    0.0 0.0 0.0 
  PE_IONIZATION = 0.0 0.0 0.0 0.0 0.0 0.0 0.0 0.0 0.0 0.0 0.0 0.0 0.0  
    0.0 0.0 0.0 0.0 0.0 0.0 0.0 0.0 0.0 0.0 0.0 0.0 0.0 0.0 0.0 0.0 0.0  
    0.0 0.0 0.0 0.0 0.0 0.0 0.0 0.0 0.0 0.0 0.0 0.0 0.0 0.0 0.0 0.0 0.0  
    0.0 0.0 0.0 0.0 0.0 0.0 0.0 0.0 0.0 0.0 0.0 0.0 0.0 0.0 0.0 0.0 0.0  
    0.0 0.0 0.0 0.0 0.0 0.0 0.0 0.0 0.0 0.0 0.0 0.0 0.0 0.0 0.0 0.0 0.0  
    0.0 0.0 0.0 0.0 0.0 0.0 0.0 0.0 0.0 0.0 0.0 0.0 0.0 0.0 0.0 0.0 0.0  
    0.0 0.0 0.0 
  PI_IONIZATION = 0.0 0.0 0.0 0.0 0.0 0.0 0.0 0.0 0.0 0.0 0.0 0.0 0.0  
    0.0 0.0 0.0 0.0 0.0 0.0 0.0 0.0 0.0 0.0 0.0 0.0 0.0 0.0 0.0 0.0 0.0  
    0.0 0.0 0.0 0.0 0.0 0.0 0.0 0.0 0.0 0.0 0.0 0.0 0.0 0.0 0.0 0.0 0.0  
    0.0 0.0 0.0 0.0 0.0 0.0 0.0 0.0 0.0 0.0 0.0 0.0 0.0 0.0 0.0 0.0 0.0  
    0.0 0.0 0.0 0.0 0.0 0.0 0.0 0.0 0.0 0.0 0.0 0.0 0.0 0.0 0.0 0.0 0.0  
    0.0 0.0 0.0 0.0 0.0 0.0 0.0 0.0 0.0 0.0 0.0 0.0 0.0 0.0 0.0 0.0 0.0  
    0.0 0.0 0.0 
  WBEAM = 0.0088817 0.0088792 0.0088716 0.008843 0.0088044 0.0087511  
    0.0086878 0.0086099 0.0085133 0.0084053 0.0082913 0.0081646  
    0.0080228 0.0078717 0.0077127 0.0075463 0.007374 0.0071932  
    0.0070039 0.0068116 0.0066171 0.0064201 0.0062216 0.0060204  
    0.005818 0.0056152 0.0054132 0.0052146 0.0050182 0.0048224  
    0.0046299 0.004442 0.0042582 0.0040785 0.0039035 0.0037336  
    0.0035687 0.0034089 0.0032545 0.003106 0.0029623 0.002823 0.0026895  
    0.002562 0.0024396 0.0023221 0.0022095 0.0021014 0.0019979  
    0.0018989 0.0018042 0.0017139 0.0016276 0.0015449 0.0014657  
    0.0013901 0.001318 0.0012491 0.0011832 0.0011202 0.0010599  
    0.0010022 0.0009472 0.0008947 0.0008446 0.0007969 0.0007516  
    0.0007086 0.0006678 0.000629 0.0005925 0.000558 0.0005255 0.0004948  
    0.0004656 0.0004378 0.0004113 0.0003861 0.0003619 0.0003387  
    0.0003164 0.0002949 0.0002743 0.0002543 0.0002351 0.0002166  
    0.0001988 0.0001815 0.000165 0.000149 0.0001337 0.0001189 0.0001048  
    9.12e-05 7.8e-05 6.52e-05 5.3e-05 4.16e-05 3.09e-05 2.07e-05  
    1.09e-05 
  WALPHA = 0.0 0.0 0.0 0.0 0.0 0.0 0.0 0.0 0.0 0.0 0.0 0.0 0.0 0.0 0.0  
    0.0 0.0 0.0 0.0 0.0 0.0 0.0 0.0 0.0 0.0 0.0 0.0 0.0 0.0 0.0 0.0 0.0  
    0.0 0.0 0.0 0.0 0.0 0.0 0.0 0.0 0.0 0.0 0.0 0.0 0.0 0.0 0.0 0.0 0.0  
    0.0 0.0 0.0 0.0 0.0 0.0 0.0 0.0 0.0 0.0 0.0 0.0 0.0 0.0 0.0 0.0 0.0  
    0.0 0.0 0.0 0.0 0.0 0.0 0.0 0.0 0.0 0.0 0.0 0.0 0.0 0.0 0.0 0.0 0.0  
    0.0 0.0 0.0 0.0 0.0 0.0 0.0 0.0 0.0 0.0 0.0 0.0 0.0 0.0 0.0 0.0 0.0  
    0.0 
  DENSITY_BEAM = 0.1682589 0.1682464 0.168137 0.167642 0.1669604  
    0.1660143 0.1648769 0.1634832 0.1617923 0.1598873 0.1578215  
    0.155542 0.153035 0.1503517 0.1475058 0.1445227 0.1414266 0.1381904  
    0.1348235 0.1313769 0.1278646 0.1243049 0.1207075 0.1170645  
    0.1133983 0.1097276 0.1060663 0.1024504 0.0988686 0.0952976  
    0.0917811 0.0883463 0.0849792 0.0816799 0.0784627 0.0753333  
    0.0722907 0.0693357 0.0664767 0.0637185 0.0610477 0.058459  
    0.0559689 0.0535808 0.0512828 0.0490718 0.0469475 0.044906  
    0.0429468 0.0410655 0.0392606 0.0375318 0.0358734 0.0342792  
    0.0327467 0.0312756 0.0298645 0.0285077 0.027202 0.0259453  
    0.0247351 0.0235697 0.0224481 0.0213692 0.0203318 0.0193349  
    0.0183779 0.0174599 0.01658 0.0157367 0.0149305 0.0141605 0.0134247  
    0.0127196 0.0120425 0.011391 0.010763 0.0101564 0.0095695 0.0090007  
    0.0084489 0.0079131 0.0073923 0.0068857 0.0063927 0.0059127  
    0.0054456 0.0049913 0.0045501 0.0041226 0.0037094 0.0033114  
    0.0029283 0.0025578 0.0021988 0.001852 0.001524 0.0012252 0.0009554  
    0.0006829 0.0004021 
  DENSITY_ALPHA = 0.0 0.0 0.0 0.0 0.0 0.0 0.0 0.0 0.0 0.0 0.0 0.0 0.0  
    0.0 0.0 0.0 0.0 0.0 0.0 0.0 0.0 0.0 0.0 0.0 0.0 0.0 0.0 0.0 0.0 0.0  
    0.0 0.0 0.0 0.0 0.0 0.0 0.0 0.0 0.0 0.0 0.0 0.0 0.0 0.0 0.0 0.0 0.0  
    0.0 0.0 0.0 0.0 0.0 0.0 0.0 0.0 0.0 0.0 0.0 0.0 0.0 0.0 0.0 0.0 0.0  
    0.0 0.0 0.0 0.0 0.0 0.0 0.0 0.0 0.0 0.0 0.0 0.0 0.0 0.0 0.0 0.0 0.0  
    0.0 0.0 0.0 0.0 0.0 0.0 0.0 0.0 0.0 0.0 0.0 0.0 0.0 0.0 0.0 0.0 0.0  
    0.0 0.0 0.0 
  CHIE = -0.3502516 -0.3482817 -0.3475547 -0.3470466 -0.3465533  
    -0.3451763 -0.3427199 -0.3390891 -0.3345794 -0.3291366 -0.3228125  
    -0.3155566 -0.3073582 -0.2981961 -0.2880052 -0.2767799 -0.2644571  
    -0.2510146 -0.236418 -0.2206347 -0.2036109 -0.185312 -0.1656851  
    -0.144685 -0.1222599 -0.0983562 -0.072915 -0.045868 -0.0171503  
    0.0133054 0.0455786 0.0797589 0.1159405 0.1542305 0.1947427  
    0.2376052 0.2829562 0.3309398 0.3817321 0.4355216 0.4925187  
    0.5529384 0.6170361 0.6851058 0.7574435 0.8343793 0.9162609  
    1.0035048 1.09653 1.1958059 1.3018541 1.415236 1.5366048 1.6666482  
    1.8061457 1.9560105 2.1171889 2.2908818 2.4783102 2.6810306  
    2.9008067 3.1397289 3.4004004 3.6858411 3.999673 4.3463604 4.731531  
    5.1617574 5.6457907 6.1946285 6.8144887 7.4753551 8.1581715  
    8.8506409 9.5372098 10.1994458 10.8172034 11.369378 11.8362656  
    12.2007871 12.4505749 12.5788444 12.5850498 12.4743816 12.2568693  
    11.9461628 11.5577584 11.1079105 10.6121385 10.0846684 9.537865  
    8.9823764 8.4287077 7.8871061 7.3679325 6.9068867 6.5746616  
    6.3797928 6.3204343 6.727191 0.0 
  CHII = 0.6426245 0.6510745 0.6601425 0.6690107 0.6778079 0.6865949  
    0.6953544 0.7040685 0.7126653 0.7212251 0.7297483 0.7382339  
    0.7466985 0.7551565 0.7636367 0.7721678 0.7807964 0.7894838  
    0.7982695 0.8072253 0.8163767 0.8257564 0.8354284 0.8454107  
    0.8557649 0.8665338 0.8777935 0.8896061 0.9020347 0.9151335  
    0.9290066 0.9437389 0.9594129 0.9761357 0.9939642 1.0130207  
    1.0333995 1.0552085 1.0785903 1.1036717 1.1306112 1.1595811  
    1.1907615 1.2243792 1.2606773 1.2999218 1.3424093 1.3885084  
    1.4386119 1.4931836 1.5527873 1.618033 1.689671 1.7685794 1.8558623  
    1.9527501 2.0608542 2.1820988 2.3187022 2.4676391 2.6241688  
    2.7877545 2.9579271 3.1339826 3.3150309 3.4997825 3.686792  
    3.8742545 4.0600877 4.2418676 4.4170907 4.5830707 4.7369048  
    4.8758683 4.9973452 5.0989021 5.1786909 5.2351377 5.2669504  
    5.2729765 5.2524475 5.2050539 5.131192 5.0316453 4.9075947  
    4.7606292 4.5930699 4.4079938 4.2084698 3.9971574 3.7793539  
    3.5726776 3.3778396 3.1876906 2.9937569 2.7824122 2.537539  
    2.2358752 1.8329054 1.2805902 0.0 
  NBDRY = 85 
  RBDRY = 1.4814733 2.2113058 1.336225 1.5159814 2.0009526 1.6973297  
    1.9068301 1.1207752 1.3547622 2.2207541 1.9483081 1.2492924  
    1.5312425 1.111383 1.1629066 1.0673317 1.2431278 1.2320263  
    1.1181081 1.2274709 1.9320463 1.0998847 1.9721066 1.2923494  
    1.6002867 1.1890827 1.7442811 1.8148994 1.226497 1.0815 1.07255  
    1.3145163 2.2397889 1.7167973 1.1237182 1.3730362 2.0098607  
    1.2695897 1.0695389 1.0664209 1.1295585 2.1345454 1.0923766  
    1.071169 1.1602679 1.142642 1.1483914 1.097377 1.1255419 1.8050847  
    1.1864425 1.074098 2.0615485 1.2548993 2.2222373 1.0771525  
    2.2104546 1.451011 1.9618157 1.1523756 1.8494285 1.1217067 1.920807  
    1.3204335 1.2810467 2.105027 2.1609216 1.1166868 1.2375208  
    1.9849329 2.2449525 1.0827697 1.6168155 1.2061153 1.5897384  
    2.0562525 1.1380692 1.6275079 1.6458886 2.2157116 1.1082523  
    1.1429329 1.1053272 2.2460765 2.0335988 
  ZBDRY = 1.0172207 0.2059293 1.0895563 0.9974361 0.5878174 0.8749744  
    0.6907772 -0.5761895 -0.9876217 -0.2080003 0.6477343 -0.8996737  
    -1.0072655 0.597813 0.833115 -0.1407906 1.0612002 1.0346249  
    0.6373468 1.0233138 -0.7509072 0.5184066 -0.7059094 1.1083722  
    0.9445194 -0.7977885 0.8378724 -0.8608256 -0.8674238 0.3188744  
    -0.2405506 1.0990309 -0.1098467 -0.9310846 -0.5895654 -0.9955235  
    -0.6589782 1.1179227 0.0791084 -0.1008258 0.6964933 0.3898892  
    -0.4191338 -0.2206216 -0.723922 0.755292 -0.6860105 0.4985088  
    0.6768424 0.7863404 0.9099008 -0.2604657 0.5087693 1.0880348  
    0.1675082 0.2389481 -0.2466763 -1.0124476 0.6330326 0.7943125  
    0.7461847 0.6571258 0.6766152 -0.9677505 1.1131174 0.4418908  
    0.3361829 -0.5566707 -0.8838142 -0.6904822 0.0297684 0.3388571  
    0.9334337 0.9669674 -0.9918331 -0.5934231 0.7357721 -0.9775747  
    -0.9693451 -0.2273603 0.5779848 -0.6668607 -0.4979108 -0.0301584  
    -0.6265869 
  NLIM = 5 
  RLIM = 2.377 1.001 1.001 2.377 2.377 
  ZLIM = 1.348 1.348 -1.363 -1.363 1.348 
  SHOT_ID = '150152' 
  TIME_ID = '20059' 
  J_RF = 0.0 0.0 0.0 0.0 0.0 0.0 0.0 0.0 0.0 0.0 0.0 0.0 0.0 0.0 0.0  
    0.0 0.0 0.0 0.0 0.0 0.0 0.0 0.0 0.0 0.0 0.0 0.0 0.0 0.0 0.0 0.0 0.0  
    0.0 0.0 0.0 0.0 0.0 0.0 0.0 0.0 0.0 0.0 0.0 0.0 0.0 0.0 0.0 0.0 0.0  
    0.0 0.0 0.0 0.0 0.0 0.0 0.0 0.0 0.0 0.0 0.0 0.0 0.0 0.0 0.0 0.0 0.0  
    0.0 0.0 0.0 0.0 0.0 0.0 0.0 0.0 0.0 0.0 0.0 0.0 0.0 0.0 0.0 0.0 0.0  
    0.0 0.0 0.0 0.0 0.0 0.0 0.0 0.0 0.0 0.0 0.0 0.0 0.0 0.0 0.0 0.0 0.0  
    0.0 
  PE_RF = 0.0 0.0 0.0 0.0 0.0 0.0 0.0 0.0 0.0 0.0 0.0 0.0 0.0 0.0 0.0  
    0.0 0.0 0.0 0.0 0.0 0.0 0.0 0.0 0.0 0.0 0.0 0.0 0.0 0.0 0.0 0.0 0.0  
    0.0 0.0 0.0 0.0 0.0 0.0 0.0 0.0 0.0 0.0 0.0 0.0 0.0 0.0 0.0 0.0 0.0  
    0.0 0.0 0.0 0.0 0.0 0.0 0.0 0.0 0.0 0.0 0.0 0.0 0.0 0.0 0.0 0.0 0.0  
    0.0 0.0 0.0 0.0 0.0 0.0 0.0 0.0 0.0 0.0 0.0 0.0 0.0 0.0 0.0 0.0 0.0  
    0.0 0.0 0.0 0.0 0.0 0.0 0.0 0.0 0.0 0.0 0.0 0.0 0.0 0.0 0.0 0.0 0.0  
    0.0 
  PI_RF = 0.0 0.0 0.0 0.0 0.0 0.0 0.0 0.0 0.0 0.0 0.0 0.0 0.0 0.0 0.0  
    0.0 0.0 0.0 0.0 0.0 0.0 0.0 0.0 0.0 0.0 0.0 0.0 0.0 0.0 0.0 0.0 0.0  
    0.0 0.0 0.0 0.0 0.0 0.0 0.0 0.0 0.0 0.0 0.0 0.0 0.0 0.0 0.0 0.0 0.0  
    0.0 0.0 0.0 0.0 0.0 0.0 0.0 0.0 0.0 0.0 0.0 0.0 0.0 0.0 0.0 0.0 0.0  
    0.0 0.0 0.0 0.0 0.0 0.0 0.0 0.0 0.0 0.0 0.0 0.0 0.0 0.0 0.0 0.0 0.0  
    0.0 0.0 0.0 0.0 0.0 0.0 0.0 0.0 0.0 0.0 0.0 0.0 0.0 0.0 0.0 0.0 0.0  
    0.0 
/

