&INSTATE
  TOKAMAK_ID = 'd3d' 
  MODEL_SHAPE = 0 
  DENSITY_MODEL = 0 
  R0 = 1.6955 
  B0 = 1.9107252 
  IP = 0.7520404 
  KAPPA = 1.7575514 
  DELTA = 0.640398 
  ASPECT = 0.3565694 
  RMAJOR = 1.6955 
  AMINOR = 0.6045634 
  N_ION = 1 
  Z_ION = 1 
  A_ION = 2 
  F_ION = 1 
  N_IMP = 1 
  Z_IMP = 6 
  A_IMP = 12 
  F_IMP = 1 
  N_MIN = 0 
  Z_MIN = 1 
  A_MIN = 1 
  N_BEAM = 1 
  Z_BEAM = 1 
  A_BEAM = 2 
  N_FUSION = 1 
  Z_FUSION = 2 
  A_FUSION = 4 
  RHO = 0.0 0.01 0.02 0.03 0.04 0.05 0.06 0.07 0.08 0.09 0.1 0.11 0.12  
    0.13 0.14 0.15 0.16 0.17 0.18 0.19 0.2 0.21 0.22 0.23 0.24 0.25  
    0.26 0.27 0.28 0.29 0.3 0.31 0.32 0.33 0.34 0.35 0.36 0.37 0.38  
    0.39 0.4 0.41 0.42 0.43 0.44 0.45 0.46 0.47 0.48 0.49 0.5 0.51 0.52  
    0.53 0.54 0.55 0.56 0.57 0.58 0.59 0.6 0.61 0.62 0.63 0.64 0.65  
    0.66 0.67 0.68 0.69 0.7 0.71 0.72 0.73 0.74 0.75 0.76 0.77 0.78  
    0.79 0.8 0.81 0.82 0.83 0.84 0.85 0.86 0.87 0.88 0.89 0.9 0.91 0.92  
    0.93 0.94 0.95 0.96 0.97 0.98 0.99 1.0 
  NRHO = 101 
  PSIPOL = -0.3912265 -0.3911733 -0.3910126 -0.390743 -0.3903655  
    -0.3898818 -0.3892923 -0.3885959 -0.3877916 -0.3868787 -0.3858567  
    -0.3847251 -0.383483 -0.3821306 -0.380669 -0.3790987 -0.3774207  
    -0.3756362 -0.3737472 -0.3717562 -0.3696664 -0.3674811 -0.3652046  
    -0.3628415 -0.3603969 -0.3578765 -0.3552866 -0.3526335 -0.3499241  
    -0.3471654 -0.3443645 -0.3415285 -0.3386642 -0.3357783 -0.332877  
    -0.329966 -0.3270505 -0.3241352 -0.3212241 -0.3183206 -0.3154276  
    -0.3125477 -0.3096828 -0.3068347 -0.3040047 -0.3011942 -0.2984038  
    -0.2956345 -0.2928867 -0.2901609 -0.2874574 -0.2847764 -0.282118  
    -0.2794822 -0.276869 -0.2742783 -0.2717099 -0.2691637 -0.2666395  
    -0.2641369 -0.2616559 -0.259196 -0.2567571 -0.2543388 -0.251941  
    -0.2495634 -0.2472057 -0.2448678 -0.2425496 -0.240251 -0.2379719  
    -0.2357123 -0.2334724 -0.2312523 -0.2290523 -0.2268726 -0.2247135  
    -0.2225757 -0.2204594 -0.2183654 -0.2162943 -0.2142466 -0.2122232  
    -0.2102249 -0.2082525 -0.2063071 -0.2043896 -0.2025013 -0.2006433  
    -0.1988173 -0.1970249 -0.1952681 -0.1935494 -0.1918715 -0.1902381  
    -0.1886538 -0.1871247 -0.1856561 -0.1842857 -0.1830078 -0.1821701 
  RHOPSI = 0.0 0.1 0.1414214 0.1732051 0.2 0.2236068 0.244949 0.2645751  
    0.2828427 0.3 0.3162278 0.3316625 0.3464102 0.3605551 0.3741657  
    0.3872983 0.4 0.4123106 0.4242641 0.4358899 0.4472136 0.4582576  
    0.4690416 0.4795832 0.4898979 0.5 0.509902 0.5196152 0.5291503  
    0.5385165 0.5477226 0.5567764 0.5656854 0.5744563 0.5830952  
    0.591608 0.6 0.6082763 0.6164414 0.6244998 0.6324555 0.6403124  
    0.6480741 0.6557439 0.663325 0.6708204 0.678233 0.6855655 0.6928203  
    0.7 0.7071068 0.7141428 0.7211103 0.728011 0.7348469 0.7416198  
    0.7483315 0.7549834 0.7615773 0.7681146 0.7745967 0.781025  
    0.7874008 0.7937254 0.8 0.8062258 0.8124038 0.8185353 0.8246211  
    0.8306624 0.83666 0.842615 0.8485281 0.8544004 0.8602325 0.8660254  
    0.8717798 0.8774964 0.8831761 0.8888194 0.8944272 0.9 0.9055385  
    0.9110434 0.9165151 0.9219544 0.9273618 0.9327379 0.9380832  
    0.9433981 0.9486833 0.9539392 0.9591663 0.9643651 0.969536  
    0.9746794 0.9797959 0.9848858 0.9899495 0.9949874 1.0 
  Q = -1.1355706 -1.1316543 -1.1199053 -1.1147308 -1.1176236 -1.122285  
    -1.1242387 -1.1235331 -1.1220546 -1.1202758 -1.11834 -1.1163054  
    -1.1134687 -1.1124655 -1.1118091 -1.1118319 -1.1126185 -1.1140964  
    -1.1167764 -1.1207606 -1.1261039 -1.1329096 -1.1412854 -1.1514003  
    -1.1633927 -1.1773589 -1.1934363 -1.2117209 -1.2323325 -1.2553523  
    -1.2808526 -1.3088731 -1.3394236 -1.372488 -1.4080193 -1.4459777  
    -1.4862846 -1.5287863 -1.573376 -1.6199122 -1.6682785 -1.7183936  
    -1.7701656 -1.8235123 -1.8783754 -1.9346796 -1.9923762 -2.051417  
    -2.1117534 -2.1733522 -2.2361689 -2.300175 -2.3653302 -2.4315934  
    -2.4989399 -2.5673461 -2.6367852 -2.7072359 -2.7786722 -2.8510753  
    -2.9244375 -2.9987529 -3.0740217 -3.1502556 -3.2274731 -3.3056961  
    -3.384969 -3.46536 -3.5469461 -3.6298243 -3.7141189 -3.7999688  
    -3.8875479 -3.9770387 -4.0686509 -4.1626082 -4.259158 -4.3585721  
    -4.4611342 -4.5671569 -4.6769812 -4.7909872 -4.9095957 -5.0332911  
    -5.1626137 -5.2982186 -5.4408585 -5.591491 -5.7512568 -5.921682  
    -6.1047128 -6.3029719 -6.5196769 -6.7594912 -7.0292168 -7.3401879  
    -7.7067499 -8.126904 -9.0511629 -9.5210111 -28.4398274 
  NE = 3.0448303 3.0443359 3.0428654 3.040439 3.0370772 3.0327992  
    3.0276251 3.0215749 3.0146687 3.0069264 2.998368 2.9890129  
    2.9788818 2.9679944 2.9563706 2.9440304 2.9309937 2.9172799  
    2.9029097 2.8879031 2.87228 2.8560595 2.8392627 2.8219089 2.8040179  
    2.7856105 2.7667055 2.7473238 2.7274848 2.7072087 2.6865153  
    2.6654251 2.6439569 2.6221316 2.599969 2.5774883 2.5547109  
    2.5316557 2.5083423 2.4847922 2.4610235 2.437057 2.412913 2.3886118  
    2.3641714 2.3396138 2.3149582 2.290224 2.2654322 2.2406013 2.215753  
    2.190906 2.1660812 2.1412979 2.1165758 2.0919353 2.0673961 2.042979  
    2.0187022 1.9945868 1.9706532 1.9469211 1.9234096 1.900139 1.87713  
    1.8544015 1.8319747 1.8098683 1.7881022 1.7666976 1.7456737  
    1.7250505 1.7048478 1.6850857 1.6657839 1.6469626 1.6286419  
    1.6108417 1.5935815 1.5768819 1.5607624 1.545243 1.5303437  
    1.5160849 1.5024859 1.4895667 1.4773476 1.4658482 1.4550888  
    1.4450893 1.435869 1.4269711 1.4163704 1.4017213 1.3806775  
    1.3508935 1.3101451 1.2587044 1.199177 1.1342588 1.0666451 
  TE = 2.4390409 2.4371212 2.4314744 2.4222701 2.4096773 2.3938649  
    2.3750024 2.3532588 2.3288035 2.301805 2.2724333 2.2408569  
    2.2072451 2.1717675 2.1345928 2.0958901 2.0558288 2.0145779  
    1.9723069 1.9291844 1.88538 1.8410625 1.7964015 1.7515656 1.7067245  
    1.662047 1.6177026 1.5738599 1.5306885 1.4883575 1.4470358 1.406893  
    1.3680945 1.3307076 1.2946891 1.2599894 1.2265591 1.1943488  
    1.163309 1.1333904 1.1045435 1.0767189 1.0498671 1.0239389  
    0.9988847 0.9746551 0.9512007 0.9284721 0.9064198 0.8849944  
    0.8641465 0.8438268 0.8239858 0.804574 0.7855419 0.7668403  
    0.7484196 0.7302307 0.7122243 0.6943712 0.6766666 0.6591066  
    0.6416876 0.624406 0.6072582 0.5902406 0.5733497 0.5565816  
    0.5399329 0.5233999 0.5069791 0.4906667 0.4744592 0.458353  
    0.4423444 0.4264298 0.4106057 0.3948683 0.3792141 0.3636395  
    0.3481408 0.3327145 0.3173569 0.3020643 0.2868333 0.2716601  
    0.2565412 0.2414729 0.2264515 0.2114737 0.1965355 0.1816335  
    0.1667642 0.1519237 0.1371085 0.122315 0.1075397 0.0927788  
    0.0780287 0.0632858 0.0485466 
  TI = 2.9577267 2.9549952 2.9469714 2.9339113 2.9160709 2.8937068  
    2.8670745 2.8364301 2.8020298 2.7641299 2.7229862 2.6788547  
    2.6319919 2.5826535 2.5310955 2.4775746 2.4223461 2.3656662  
    2.3077915 2.2489779 2.1894808 2.1295569 2.0694625 2.0094531  
    1.949785 1.8907143 1.8324971 1.7753894 1.7196473 1.6655271  
    1.6132844 1.5631707 1.5152934 1.4695976 1.4260197 1.3844949 1.34496  
    1.3073511 1.2716042 1.237655 1.2054405 1.1748961 1.1459583 1.118563  
    1.0926462 1.0681444 1.0449935 1.0231295 1.0024886 0.983007  
    0.9646207 0.947266 0.9308788 0.9153953 0.9007517 0.8868839  
    0.8737283 0.8612208 0.8492974 0.8378946 0.8269482 0.8163945  
    0.8061694 0.7962092 0.78645 0.7768278 0.7672789 0.7577393 0.7481451  
    0.7384324 0.7285373 0.718396 0.7079445 0.6971191 0.6858558  
    0.6740907 0.6617599 0.6487996 0.6351458 0.6207358 0.6055487  
    0.5896182 0.5729813 0.5556753 0.5377373 0.5192045 0.5001141  
    0.4805032 0.460409 0.4398688 0.4189196 0.3975987 0.3759432  
    0.3539903 0.3317772 0.309341 0.286719 0.2639482 0.241066 0.2181094  
    0.1951156 
  ZEFF = 1.3046528 1.3046904 1.3048025 1.3049879 1.3052456 1.3055748  
    1.3059748 1.3064448 1.3069844 1.3075931 1.3082706 1.3090167  
    1.3098312 1.310714 1.3116652 1.3126848 1.313773 1.31493 1.3161562  
    1.3174519 1.3188176 1.3202538 1.3217609 1.3233398 1.3249909  
    1.3267151 1.3285132 1.330386 1.3323343 1.3343591 1.3364614  
    1.3386422 1.3409026 1.3432435 1.3456662 1.3481718 1.3507615  
    1.3534365 1.356198 1.359047 1.3619852 1.3650134 1.3681331 1.3713452  
    1.3746513 1.3780522 1.3815492 1.3851435 1.3888359 1.3926274  
    1.3965189 1.4005112 1.4046049 1.4088006 1.4130987 1.4174994  
    1.4220028 1.4266085 1.4313167 1.4361263 1.4410364 1.4460459  
    1.4511534 1.456357 1.4616542 1.4670421 1.472491 1.4779322 1.4832901  
    1.4884847 1.4934328 1.4980469 1.5022354 1.5059027 1.5089493  
    1.511272 1.5127635 1.5133134 1.5128082 1.5111309 1.5081627  
    1.5037858 1.4979508 1.4906751 1.4819832 1.471905 1.4604754  
    1.4477352 1.433731 1.4185154 1.4021475 1.3783054 1.3589593  
    1.3354212 1.3082701 1.2780428 1.2452635 1.2101977 1.1734621  
    1.1373094 1.1070723 
  P_EQ = 33748.534545 33707.0519266 33582.6040715 33420.9391804  
    33217.8300994 32974.0575214 32671.7857896 32313.3826279  
    31914.0919196 31473.0400614 30993.5115165 30473.8575949  
    29918.2630903 29329.6097755 28711.4850257 28067.4294191  
    27403.2437148 26718.5524033 26016.4533982 25298.4827237  
    24569.5186509 23832.6187357 23090.2891363 22346.1005047  
    21603.3638195 20864.7533611 20133.076523 19411.9958473  
    18702.8095685 18007.9912711 17331.2388927 16674.9056913  
    16040.6745635 15429.1728617 14840.1574587 14273.2057813  
    13727.7449251 13203.9231091 12701.6957817 12219.441732 11755.914205  
    11311.6535881 10886.698744 10479.602423 10089.5565417 9715.9959748  
    9358.3553863 9015.9977114 8688.0236216 8373.4805639 8071.875464  
    7782.5950858 7505.062232 7238.4554376 6982.0998796 6735.3123825  
    6497.5093913 6268.0756871 6046.4515761 5832.1248074 5624.7308779  
    5423.9525414 5229.4700614 5040.9757153 4858.1776278 4680.7894914  
    4508.5364196 4341.1745637 4178.4825216 4020.2386221 3866.228352  
    3716.2517798 3570.0246907 3427.53944 3288.5367936 3152.8449399  
    3020.2757991 2890.7005982 2763.9227745 2639.7729808 2518.1713638  
    2399.154308 2282.7203 2168.845311 2057.4885064 1948.5959005  
    1842.1017617 1737.932121 1635.9909794 1536.1808536 1438.38134  
    1342.6855787 1246.1525566 1148.0326068 1047.2015949 943.0769035  
    835.7240466 727.1667817 620.4419416 517.8072817 420.8009374 
  OMEGA = 94156.4609375 94117.4921862 94002.0859311 93812.5312353  
    93551.0780989 93220.0156519 92821.6093175 92358.1328272  
    91831.8592758 91245.0470948 90599.9844751 89898.9296442  
    89144.1716659 88337.9683542 87482.6016148 86580.3286758  
    85633.4293415 84644.1798679 83614.8444995 82547.6872414  
    81445.0159585 80309.0617452 79142.1092342 77946.4380043  
    76724.311838 75478.0078125 74209.7878437 72921.9310785 71616.711094  
    70296.3973304 68963.2672205 67619.5784463 66267.6005934  
    64909.6385019 63547.9223622 62184.7452815 60822.3808529  
    59463.1022094 58109.1634187 56762.8535499 55426.4304804  
    54102.1792165 52792.3693872 51499.2626368 50225.14423 48972.2758644  
    47742.9346087 46539.386577 45363.9089116 44218.7706076  
    43106.2382812 42028.5927403 40988.1035225 39987.0479781  
    39027.6816978 38112.2862192 37243.1330138 36422.4955251  
    35651.5260977 34927.8184742 34248.271101 33609.7704167  
    33009.2034028 32443.4743474 31909.4562884 31404.0476543  
    30924.149666 30466.6218409 30028.4026513 29606.3573228  
    29197.3569403 28798.325323 28406.1339292 28017.6940996  
    27629.8988086 27239.5351562 26843.6363371 26439.0675766  
    26022.6726158 25591.3407882 25141.9771105 24671.5040212  
    24176.7633085 23654.7002758 23102.1137425 22515.9955804  
    21893.2059966 21230.5940759 20525.1051217 19773.5613909  
    18972.9609215 18120.096057 17211.9000005 16245.2516893  
    15217.0642005 14124.2027596 12963.5648186 11732.0368293  
    10426.5269756 9043.9036993 7581.5039062 
  PPRIME = -0.0 -0.0 -0.0 -0.0 -0.0 -0.0 -0.0 -0.0 -0.0 -0.0 -0.0 -0.0  
    -0.0 -0.0 -0.0 -0.0 -0.0 -0.0 -0.0 -0.0 -0.0 -0.0 -0.0 -0.0 -0.0  
    -0.0 -0.0 -0.0 -0.0 -0.0 -0.0 -0.0 -0.0 -0.0 -0.0 -0.0 -0.0 -0.0  
    -0.0 -0.0 -0.0 -0.0 -0.0 -0.0 -0.0 -0.0 -0.0 -0.0 -0.0 -0.0 -0.0  
    -0.0 -0.0 -0.0 -0.0 -0.0 -0.0 -0.0 -0.0 -0.0 -0.0 -0.0 -0.0 -0.0  
    -0.0 -0.0 -0.0 -0.0 -0.0 -0.0 -0.0 -0.0 -0.0 -0.0 -0.0 -0.0 -0.0  
    -0.0 -0.0 -0.0 -0.0 -0.0 -0.0 -0.0 -0.0 -0.0 -0.0 -0.0 -0.0 -0.0  
    -0.0 -0.0 -0.0 -0.0 -0.0 -0.0 -0.0 -0.0 -0.0 -0.0 -0.0 
  FFPRIME = -0.6125317 -0.6400142 -0.9211175 -1.4101397 -1.5692262  
    -1.6160213 -1.6092847 -1.6541661 -1.7255578 -1.7870696 -1.8416256  
    -1.8887495 -1.935485 -1.9775395 -2.0149877 -2.0491055 -2.0744146  
    -2.0865257 -2.086694 -2.0765789 -2.0574469 -2.0266574 -1.9845083  
    -1.9314711 -1.8678593 -1.7948323 -1.7141544 -1.6261102 -1.5320152  
    -1.4358425 -1.3398078 -1.2454033 -1.1543246 -1.0674008 -0.9853718  
    -0.9093756 -0.8406624 -0.7800423 -0.7265246 -0.6788374 -0.6377154  
    -0.6032881 -0.5737023 -0.5479131 -0.5259431 -0.5074256 -0.4918394  
    -0.4785974 -0.4671483 -0.4574952 -0.4495624 -0.4431054 -0.4379263  
    -0.4336555 -0.430074 -0.4271358 -0.4247633 -0.422858 -0.4213627  
    -0.4201847 -0.4192874 -0.4185994 -0.4179504 -0.4171984 -0.4162723  
    -0.4150158 -0.4131793 -0.4106062 -0.4071938 -0.4027708 -0.3971681  
    -0.3902023 -0.3819208 -0.3723168 -0.3612959 -0.3489292 -0.3353057  
    -0.320543 -0.304764 -0.2881896 -0.2711102 -0.2537497 -0.2362396  
    -0.2187095 -0.20127 -0.1840011 -0.16696 -0.1501671 -0.1335978  
    -0.1171686 -0.1009199 -0.0832732 -0.0632538 -0.0413002 -0.017289  
    0.0086151 0.0350321 0.062043 0.0880928 0.1613104 0.1759162 
  J_OH = 1.5319981 1.5297852 1.5086819 1.469177 1.4246652 1.4005546  
    1.3963877 1.3963665 1.3949444 1.3945215 1.3946902 1.3949391  
    1.3943151 1.392219 1.3877574 1.380768 1.3709732 1.3579413 1.3408959  
    1.3194229 1.2937874 1.2637642 1.2296371 1.1911421 1.1490238  
    1.1034946 1.0547737 1.003552 0.9505373 0.8967713 0.8428864  
    0.7899677 0.7386706 0.6899786 0.6444813 0.6024747 0.564202  
    0.5297337 0.4987755 0.4713973 0.4471191 0.4257872 0.4069674  
    0.3904984 0.375946 0.3631691 0.3519425 0.3420317 0.3333761  
    0.3257392 0.3190699 0.313305 0.3082097 0.3038847 0.3001834 0.297075  
    0.2944935 0.2923761 0.2906001 0.289187 0.2880719 0.2871412  
    0.2863636 0.2856706 0.2849454 0.2840654 0.2830166 0.2816952  
    0.2799589 0.2777561 0.2750173 0.2716673 0.2676724 0.2629864  
    0.2575943 0.2514981 0.2447394 0.2373693 0.2294506 0.2210654  
    0.2123149 0.2032913 0.1940991 0.1848272 0.1755561 0.1663561  
    0.1572882 0.1483738 0.1396289 0.1310385 0.1226411 0.1143918  
    0.1060517 0.0975904 0.0889972 0.0801663 0.0710183 0.06154 0.0518475  
    0.0412955 0.0424402 
  J_BS = 0.0 0.0039415 0.0172129 0.0388962 0.0605779 0.0753348  
    0.0830142 0.0884704 0.0936255 0.0977921 0.1011005 0.1036727  
    0.1056347 0.1072382 0.1084529 0.1092346 0.1095924 0.1095738  
    0.1093084 0.1088111 0.1080946 0.1071515 0.1060158 0.1047576  
    0.103324 0.1017051 0.0999675 0.0981088 0.0960945 0.0939224  
    0.0915976 0.0891396 0.0866463 0.0842381 0.0819736 0.0798379  
    0.0778066 0.075868 0.0740045 0.0722079 0.0704729 0.0687981  
    0.0671729 0.0655921 0.0640596 0.0625729 0.0611344 0.0597427  
    0.0583985 0.0571037 0.0558612 0.0546757 0.0535434 0.052466 0.051448  
    0.0504876 0.0495859 0.0487471 0.0479592 0.0471944 0.0464392  
    0.045695 0.0449629 0.0442435 0.0435383 0.0428456 0.042162 0.0414864  
    0.0408195 0.0401633 0.0395196 0.0388894 0.0382744 0.0376765  
    0.0370974 0.0365398 0.0360057 0.0354958 0.0350117 0.0345451  
    0.034072 0.033582 0.0330819 0.0325735 0.0320555 0.031524 0.0309739  
    0.0303982 0.0297874 0.0291279 0.0283329 0.0279121 0.0279167  
    0.0278988 0.0278272 0.0274567 0.026381 0.0243238 0.0211551  
    0.0182861 0.0163399 
  J_NB = 0.0720644 0.0783232 0.0970996 0.1092964 0.1184767 0.1235599  
    0.1267391 0.1293865 0.1313527 0.1328415 0.1340909 0.134626  
    0.1346982 0.1341678 0.1337335 0.1331906 0.1323545 0.1311896  
    0.1297103 0.1284574 0.1270385 0.125486 0.1234007 0.1208576  
    0.1175847 0.1140066 0.1102318 0.10606 0.1016832 0.0970087 0.0923227  
    0.0876778 0.0834546 0.0793276 0.075133 0.0710685 0.0672058  
    0.0635993 0.0605138 0.0575563 0.0548731 0.0522648 0.0498416  
    0.0474928 0.0453843 0.0434004 0.0415273 0.0398152 0.0381522  
    0.0366537 0.035232 0.0338565 0.0327422 0.031641 0.0305504 0.0294594  
    0.0283813 0.0273256 0.0263723 0.0254226 0.0244771 0.0236014  
    0.0227391 0.0218779 0.021092 0.0204201 0.0197328 0.0190321  
    0.0183955 0.0177751 0.0171353 0.0164719 0.0157642 0.0150389  
    0.0143115 0.0135843 0.0128403 0.0120922 0.0113567 0.0106354  
    0.0099313 0.0092573 0.0086017 0.0079661 0.0073515 0.0067529  
    0.0061635 0.0056024 0.0050694 0.0045659 0.0040895 0.0036152  
    0.003179 0.0027772 0.0024078 0.0020684 0.0017566 0.001472 0.0012088  
    0.0009471 0.0006692 
  J_EC = 0.0 0.0 0.0 0.0 0.0 0.0 0.0 0.0 0.0 0.0 0.0 0.0 0.0 0.0 0.0  
    0.0 0.0 0.0 0.0 0.0 0.0 0.0 0.0 0.0 0.0 0.0 0.0 0.0 0.0 0.0 0.0 0.0  
    0.0 0.0 0.0 0.0 0.0 0.0 0.0 0.0 0.0 0.0 0.0 0.0 0.0 0.0 0.0 0.0 0.0  
    0.0 0.0 0.0 0.0 0.0 0.0 0.0 0.0 0.0 0.0 0.0 0.0 0.0 0.0 0.0 0.0 0.0  
    0.0 0.0 0.0 0.0 0.0 0.0 0.0 0.0 0.0 0.0 0.0 0.0 0.0 0.0 0.0 0.0 0.0  
    0.0 0.0 0.0 0.0 0.0 0.0 0.0 0.0 0.0 0.0 0.0 0.0 0.0 0.0 0.0 0.0 0.0  
    0.0 
  J_IC = 0.0 0.0 0.0 0.0 0.0 0.0 0.0 0.0 0.0 0.0 0.0 0.0 0.0 0.0 0.0  
    0.0 0.0 0.0 0.0 0.0 0.0 0.0 0.0 0.0 0.0 0.0 0.0 0.0 0.0 0.0 0.0 0.0  
    0.0 0.0 0.0 0.0 0.0 0.0 0.0 0.0 0.0 0.0 0.0 0.0 0.0 0.0 0.0 0.0 0.0  
    0.0 0.0 0.0 0.0 0.0 0.0 0.0 0.0 0.0 0.0 0.0 0.0 0.0 0.0 0.0 0.0 0.0  
    0.0 0.0 0.0 0.0 0.0 0.0 0.0 0.0 0.0 0.0 0.0 0.0 0.0 0.0 0.0 0.0 0.0  
    0.0 0.0 0.0 0.0 0.0 0.0 0.0 0.0 0.0 0.0 0.0 0.0 0.0 0.0 0.0 0.0 0.0  
    0.0 
  J_LH = 0.0 0.0 0.0 0.0 0.0 0.0 0.0 0.0 0.0 0.0 0.0 0.0 0.0 0.0 0.0  
    0.0 0.0 0.0 0.0 0.0 0.0 0.0 0.0 0.0 0.0 0.0 0.0 0.0 0.0 0.0 0.0 0.0  
    0.0 0.0 0.0 0.0 0.0 0.0 0.0 0.0 0.0 0.0 0.0 0.0 0.0 0.0 0.0 0.0 0.0  
    0.0 0.0 0.0 0.0 0.0 0.0 0.0 0.0 0.0 0.0 0.0 0.0 0.0 0.0 0.0 0.0 0.0  
    0.0 0.0 0.0 0.0 0.0 0.0 0.0 0.0 0.0 0.0 0.0 0.0 0.0 0.0 0.0 0.0 0.0  
    0.0 0.0 0.0 0.0 0.0 0.0 0.0 0.0 0.0 0.0 0.0 0.0 0.0 0.0 0.0 0.0 0.0  
    0.0 
  J_HC = 0.0 0.0 0.0 0.0 0.0 0.0 0.0 0.0 0.0 0.0 0.0 0.0 0.0 0.0 0.0  
    0.0 0.0 0.0 0.0 0.0 0.0 0.0 0.0 0.0 0.0 0.0 0.0 0.0 0.0 0.0 0.0 0.0  
    0.0 0.0 0.0 0.0 0.0 0.0 0.0 0.0 0.0 0.0 0.0 0.0 0.0 0.0 0.0 0.0 0.0  
    0.0 0.0 0.0 0.0 0.0 0.0 0.0 0.0 0.0 0.0 0.0 0.0 0.0 0.0 0.0 0.0 0.0  
    0.0 0.0 0.0 0.0 0.0 0.0 0.0 0.0 0.0 0.0 0.0 0.0 0.0 0.0 0.0 0.0 0.0  
    0.0 0.0 0.0 0.0 0.0 0.0 0.0 0.0 0.0 0.0 0.0 0.0 0.0 0.0 0.0 0.0 0.0  
    0.0 
  J_TOT = 1.6377969 1.6377969 1.6489152 1.6431999 1.6293342 1.6249954  
    1.6317866 1.6399835 1.6457563 1.6510459 1.6558175 1.6592381  
    1.6605675 1.6594107 1.6555797 1.6486049 1.6380524 1.6234544  
    1.6041679 1.5803626 1.5519178 1.5186275 1.4804083 1.4371438  
    1.3892636 1.3374043 1.2819707 1.2234653 1.1627706 1.1008522  
    1.0386534 0.9773532 0.9181076 0.8617158 0.8086824 0.7595066  
    0.7144957 0.6737662 0.637261 0.6046341 0.575533 0.5495906 0.5264612  
    0.5058575 0.4875067 0.4711418 0.4565196 0.4434487 0.4317528  
    0.4213085 0.4119762 0.4036641 0.396346 0.389874 0.3841016 0.3789836  
    0.3744667 0.3705009 0.3670307 0.3639495 0.3611788 0.3586716 0.35634  
    0.3541037 0.3519209 0.3497052 0.3473095 0.3446302 0.3416028  
    0.3381295 0.3341062 0.3294542 0.3241204 0.3180863 0.3113542  
    0.3039302 0.2958403 0.2871484 0.2779348 0.2682744 0.2582461  
    0.247944 0.2374667 0.2269058 0.2163401 0.2058307 0.1954258  
    0.1851586 0.1750349 0.1650283 0.1550886 0.145657 0.1365842  
    0.1273922 0.1180422 0.1081885 0.0973538 0.0852675 0.0719328  
    0.0581924 0.0569048 
  P_EI = -0.0224095 -0.0223937 -0.0223473 -0.0222707 -0.0221645  
    -0.0220303 -0.0218715 -0.0216888 -0.0214802 -0.0212473 -0.020991  
    -0.0207115 -0.0204095 -0.0200856 -0.0197399 -0.0193729 -0.0189853  
    -0.0185778 -0.0181513 -0.0177071 -0.0172462 -0.0167703 -0.0162817  
    -0.0157824 -0.0152751 -0.0147637 -0.014252 -0.0137448 -0.0132478  
    -0.0127676 -0.0123113 -0.011887 -0.0114926 -0.0111218 -0.0107775  
    -0.0104624 -0.0101798 -0.0099325 -0.0097233 -0.0095551 -0.0094303  
    -0.0093513 -0.0093204 -0.0093395 -0.0094105 -0.0095351 -0.0097149  
    -0.0099512 -0.0102453 -0.0105984 -0.0110115 -0.0114858 -0.0120224  
    -0.0126226 -0.0132879 -0.01402 -0.0148211 -0.0156938 -0.0166412  
    -0.0176642 -0.0187602 -0.0199265 -0.0211605 -0.0224598 -0.0238223  
    -0.0252459 -0.026729 -0.02827 -0.0298678 -0.0315214 -0.0332302  
    -0.034994 -0.0368126 -0.0386865 -0.0406163 -0.042603 -0.0446477  
    -0.0467519 -0.0489173 -0.0511457 -0.0534477 -0.0558472 -0.0583727  
    -0.0610583 -0.0639443 -0.0670802 -0.0705267 -0.0743596 -0.0786757  
    -0.0835997 -0.0892967 -0.0958778 -0.1034188 -0.1118009 -0.1209826  
    -0.1309491 -0.1417777 -0.1543124 -0.1707899 -0.1956718 -0.2392945 
  SE_NB = 0.0 0.0 0.0 0.0 0.0 0.0 0.0 0.0 0.0 0.0 0.0 0.0 0.0 0.0 0.0  
    0.0 0.0 0.0 0.0 0.0 0.0 0.0 0.0 0.0 0.0 0.0 0.0 0.0 0.0 0.0 0.0 0.0  
    0.0 0.0 0.0 0.0 0.0 0.0 0.0 0.0 0.0 0.0 0.0 0.0 0.0 0.0 0.0 0.0 0.0  
    0.0 0.0 0.0 0.0 0.0 0.0 0.0 0.0 0.0 0.0 0.0 0.0 0.0 0.0 0.0 0.0 0.0  
    0.0 0.0 0.0 0.0 0.0 0.0 0.0 0.0 0.0 0.0 0.0 0.0 0.0 0.0 0.0 0.0 0.0  
    0.0 0.0 0.0 0.0 0.0 0.0 0.0 0.0 0.0 0.0 0.0 0.0 0.0 0.0 0.0 0.0 0.0  
    0.0 
  PE_NB = 0.0963121 0.0962632 0.0961824 0.0962432 0.0964369 0.0967452  
    0.0970055 0.097208 0.0974623 0.0977263 0.0979982 0.0982411  
    0.0984592 0.0986461 0.0988058 0.098937 0.0990557 0.0991336  
    0.0991663 0.0991336 0.0990484 0.0989065 0.0986953 0.0984187  
    0.0980775 0.0976603 0.0971625 0.0965905 0.0959218 0.0951484  
    0.0942784 0.0933056 0.0922254 0.0910387 0.0897515 0.0883741  
    0.0869137 0.0853852 0.0838041 0.0821637 0.0804615 0.0787231  
    0.0769687 0.075192 0.073398 0.0715953 0.0697923 0.0679963 0.0662089  
    0.0644298 0.0626672 0.0609268 0.0592147 0.0575302 0.0558755  
    0.0542517 0.0526617 0.0511067 0.0495886 0.0481065 0.0466586  
    0.0452445 0.0438628 0.0425123 0.0411919 0.0399005 0.0386364  
    0.0373984 0.0361857 0.0349973 0.0338324 0.03269 0.0315649 0.0304667  
    0.0293908 0.0283375 0.0273061 0.0263001 0.0253188 0.0243635  
    0.0234357 0.0225375 0.0216703 0.0208361 0.0200367 0.0192743  
    0.0185512 0.0178701 0.0172328 0.016643 0.0161025 0.0156142  
    0.0151756 0.0147824 0.014427 0.0141021 0.0138113 0.0135948  
    0.0134824 0.0133743 0.0129433 
  PE_EC = 0.0 0.0 0.0 0.0 0.0 0.0 0.0 0.0 0.0 0.0 0.0 0.0 0.0 0.0 0.0  
    0.0 0.0 0.0 0.0 0.0 0.0 0.0 0.0 0.0 0.0 0.0 0.0 0.0 0.0 0.0 0.0 0.0  
    0.0 0.0 0.0 0.0 0.0 0.0 0.0 0.0 0.0 0.0 0.0 0.0 0.0 0.0 0.0 0.0 0.0  
    0.0 0.0 0.0 0.0 0.0 0.0 0.0 0.0 0.0 0.0 0.0 0.0 0.0 0.0 0.0 0.0 0.0  
    0.0 0.0 0.0 0.0 0.0 0.0 0.0 0.0 0.0 0.0 0.0 0.0 0.0 0.0 0.0 0.0 0.0  
    0.0 0.0 0.0 0.0 0.0 0.0 0.0 0.0 0.0 0.0 0.0 0.0 0.0 0.0 0.0 0.0 0.0  
    0.0 
  PE_IC = 0.0 0.0 0.0 0.0 0.0 0.0 0.0 0.0 0.0 0.0 0.0 0.0 0.0 0.0 0.0  
    0.0 0.0 0.0 0.0 0.0 0.0 0.0 0.0 0.0 0.0 0.0 0.0 0.0 0.0 0.0 0.0 0.0  
    0.0 0.0 0.0 0.0 0.0 0.0 0.0 0.0 0.0 0.0 0.0 0.0 0.0 0.0 0.0 0.0 0.0  
    0.0 0.0 0.0 0.0 0.0 0.0 0.0 0.0 0.0 0.0 0.0 0.0 0.0 0.0 0.0 0.0 0.0  
    0.0 0.0 0.0 0.0 0.0 0.0 0.0 0.0 0.0 0.0 0.0 0.0 0.0 0.0 0.0 0.0 0.0  
    0.0 0.0 0.0 0.0 0.0 0.0 0.0 0.0 0.0 0.0 0.0 0.0 0.0 0.0 0.0 0.0 0.0  
    0.0 
  PE_LH = 0.0 0.0 0.0 0.0 0.0 0.0 0.0 0.0 0.0 0.0 0.0 0.0 0.0 0.0 0.0  
    0.0 0.0 0.0 0.0 0.0 0.0 0.0 0.0 0.0 0.0 0.0 0.0 0.0 0.0 0.0 0.0 0.0  
    0.0 0.0 0.0 0.0 0.0 0.0 0.0 0.0 0.0 0.0 0.0 0.0 0.0 0.0 0.0 0.0 0.0  
    0.0 0.0 0.0 0.0 0.0 0.0 0.0 0.0 0.0 0.0 0.0 0.0 0.0 0.0 0.0 0.0 0.0  
    0.0 0.0 0.0 0.0 0.0 0.0 0.0 0.0 0.0 0.0 0.0 0.0 0.0 0.0 0.0 0.0 0.0  
    0.0 0.0 0.0 0.0 0.0 0.0 0.0 0.0 0.0 0.0 0.0 0.0 0.0 0.0 0.0 0.0 0.0  
    0.0 
  PE_HC = 0.0 0.0 0.0 0.0 0.0 0.0 0.0 0.0 0.0 0.0 0.0 0.0 0.0 0.0 0.0  
    0.0 0.0 0.0 0.0 0.0 0.0 0.0 0.0 0.0 0.0 0.0 0.0 0.0 0.0 0.0 0.0 0.0  
    0.0 0.0 0.0 0.0 0.0 0.0 0.0 0.0 0.0 0.0 0.0 0.0 0.0 0.0 0.0 0.0 0.0  
    0.0 0.0 0.0 0.0 0.0 0.0 0.0 0.0 0.0 0.0 0.0 0.0 0.0 0.0 0.0 0.0 0.0  
    0.0 0.0 0.0 0.0 0.0 0.0 0.0 0.0 0.0 0.0 0.0 0.0 0.0 0.0 0.0 0.0 0.0  
    0.0 0.0 0.0 0.0 0.0 0.0 0.0 0.0 0.0 0.0 0.0 0.0 0.0 0.0 0.0 0.0 0.0  
    0.0 
  SI_NB = 0.0 0.0 0.0 0.0 0.0 0.0 0.0 0.0 0.0 0.0 0.0 0.0 0.0 0.0 0.0  
    0.0 0.0 0.0 0.0 0.0 0.0 0.0 0.0 0.0 0.0 0.0 0.0 0.0 0.0 0.0 0.0 0.0  
    0.0 0.0 0.0 0.0 0.0 0.0 0.0 0.0 0.0 0.0 0.0 0.0 0.0 0.0 0.0 0.0 0.0  
    0.0 0.0 0.0 0.0 0.0 0.0 0.0 0.0 0.0 0.0 0.0 0.0 0.0 0.0 0.0 0.0 0.0  
    0.0 0.0 0.0 0.0 0.0 0.0 0.0 0.0 0.0 0.0 0.0 0.0 0.0 0.0 0.0 0.0 0.0  
    0.0 0.0 0.0 0.0 0.0 0.0 0.0 0.0 0.0 0.0 0.0 0.0 0.0 0.0 0.0 0.0 0.0  
    0.0 
  PI_NB = 0.3682436 0.3681515 0.3686435 0.3679684 0.3666018 0.3644629  
    0.3619319 0.3590093 0.3555123 0.3515127 0.3470204 0.342118  
    0.3368088 0.331117 0.3250477 0.3186157 0.3118061 0.3046972  
    0.2973167 0.2897153 0.2818975 0.2738946 0.2657497 0.2574812  
    0.2491133 0.2406879 0.2322373 0.2237762 0.215363 0.2070325  
    0.1987937 0.1906797 0.182714 0.1749202 0.1673145 0.1599074 0.152713  
    0.1457292 0.1389561 0.1324176 0.1261305 0.1200741 0.1142348  
    0.1086274 0.103252 0.0981029 0.0931732 0.0884561 0.0839494  
    0.0796523 0.0755529 0.0716417 0.0679079 0.0643478 0.0609538  
    0.0577193 0.0546347 0.0516929 0.0488851 0.0462056 0.0436492  
    0.0412093 0.0388804 0.0366571 0.0345341 0.0325063 0.03057 0.0287209  
    0.0269552 0.0252694 0.0236602 0.0221246 0.0206655 0.0192692  
    0.0179389 0.0166724 0.0154695 0.0143249 0.0132389 0.0122099  
    0.0112364 0.0103172 0.009451 0.0086356 0.0078694 0.0071509  
    0.0064783 0.0058497 0.0052635 0.0047164 0.0042068 0.0037316  
    0.0032877 0.0028687 0.0024706 0.0020897 0.0017293 0.0014017  
    0.0011131 0.0008323 0.0005366 
  PI_EC = 0.0 0.0 0.0 0.0 0.0 0.0 0.0 0.0 0.0 0.0 0.0 0.0 0.0 0.0 0.0  
    0.0 0.0 0.0 0.0 0.0 0.0 0.0 0.0 0.0 0.0 0.0 0.0 0.0 0.0 0.0 0.0 0.0  
    0.0 0.0 0.0 0.0 0.0 0.0 0.0 0.0 0.0 0.0 0.0 0.0 0.0 0.0 0.0 0.0 0.0  
    0.0 0.0 0.0 0.0 0.0 0.0 0.0 0.0 0.0 0.0 0.0 0.0 0.0 0.0 0.0 0.0 0.0  
    0.0 0.0 0.0 0.0 0.0 0.0 0.0 0.0 0.0 0.0 0.0 0.0 0.0 0.0 0.0 0.0 0.0  
    0.0 0.0 0.0 0.0 0.0 0.0 0.0 0.0 0.0 0.0 0.0 0.0 0.0 0.0 0.0 0.0 0.0  
    0.0 
  PI_IC = 0.0 0.0 0.0 0.0 0.0 0.0 0.0 0.0 0.0 0.0 0.0 0.0 0.0 0.0 0.0  
    0.0 0.0 0.0 0.0 0.0 0.0 0.0 0.0 0.0 0.0 0.0 0.0 0.0 0.0 0.0 0.0 0.0  
    0.0 0.0 0.0 0.0 0.0 0.0 0.0 0.0 0.0 0.0 0.0 0.0 0.0 0.0 0.0 0.0 0.0  
    0.0 0.0 0.0 0.0 0.0 0.0 0.0 0.0 0.0 0.0 0.0 0.0 0.0 0.0 0.0 0.0 0.0  
    0.0 0.0 0.0 0.0 0.0 0.0 0.0 0.0 0.0 0.0 0.0 0.0 0.0 0.0 0.0 0.0 0.0  
    0.0 0.0 0.0 0.0 0.0 0.0 0.0 0.0 0.0 0.0 0.0 0.0 0.0 0.0 0.0 0.0 0.0  
    0.0 
  PI_LH = 0.0 0.0 0.0 0.0 0.0 0.0 0.0 0.0 0.0 0.0 0.0 0.0 0.0 0.0 0.0  
    0.0 0.0 0.0 0.0 0.0 0.0 0.0 0.0 0.0 0.0 0.0 0.0 0.0 0.0 0.0 0.0 0.0  
    0.0 0.0 0.0 0.0 0.0 0.0 0.0 0.0 0.0 0.0 0.0 0.0 0.0 0.0 0.0 0.0 0.0  
    0.0 0.0 0.0 0.0 0.0 0.0 0.0 0.0 0.0 0.0 0.0 0.0 0.0 0.0 0.0 0.0 0.0  
    0.0 0.0 0.0 0.0 0.0 0.0 0.0 0.0 0.0 0.0 0.0 0.0 0.0 0.0 0.0 0.0 0.0  
    0.0 0.0 0.0 0.0 0.0 0.0 0.0 0.0 0.0 0.0 0.0 0.0 0.0 0.0 0.0 0.0 0.0  
    0.0 
  PI_HC = 0.0 0.0 0.0 0.0 0.0 0.0 0.0 0.0 0.0 0.0 0.0 0.0 0.0 0.0 0.0  
    0.0 0.0 0.0 0.0 0.0 0.0 0.0 0.0 0.0 0.0 0.0 0.0 0.0 0.0 0.0 0.0 0.0  
    0.0 0.0 0.0 0.0 0.0 0.0 0.0 0.0 0.0 0.0 0.0 0.0 0.0 0.0 0.0 0.0 0.0  
    0.0 0.0 0.0 0.0 0.0 0.0 0.0 0.0 0.0 0.0 0.0 0.0 0.0 0.0 0.0 0.0 0.0  
    0.0 0.0 0.0 0.0 0.0 0.0 0.0 0.0 0.0 0.0 0.0 0.0 0.0 0.0 0.0 0.0 0.0  
    0.0 0.0 0.0 0.0 0.0 0.0 0.0 0.0 0.0 0.0 0.0 0.0 0.0 0.0 0.0 0.0 0.0  
    0.0 
  PI_CX = 0.0514595 0.0512854 0.0516019 0.0513871 0.0507591 0.0497184  
    0.0487745 0.0479401 0.0468064 0.0455293 0.0441199 0.0426266  
    0.0410626 0.0394478 0.0377688 0.0360462 0.0342964 0.0325367  
    0.0307762 0.0290213 0.027272 0.0255358 0.0238349 0.0221771  
    0.0205682 0.0190135 0.0175233 0.0161232 0.0148016 0.0135642  
    0.0124099 0.0113415 0.0103562 0.0094494 0.0086168 0.0078529  
    0.007152 0.0065118 0.005927 0.0053961 0.004917 0.0044834 0.0040916  
    0.0037392 0.0034218 0.0031376 0.002883 0.0026542 0.0024521  
    0.0022738 0.002118 0.0019832 0.0018692 0.0017727 0.0016924  
    0.0016281 0.0015773 0.001539 0.0015134 0.0014983 0.0014929  
    0.0014965 0.0015084 0.0015284 0.001556 0.0015908 0.0016329  
    0.0016821 0.0017378 0.0018003 0.0018703 0.0019483 0.0020355  
    0.0021322 0.002239 0.0023567 0.002487 0.0026319 0.0027933 0.0029735  
    0.0031759 0.0034057 0.0036699 0.0039796 0.0043478 0.0047896  
    0.005323 0.0059689 0.0067539 0.0077111 0.0088815 0.0103214  
    0.0120867 0.0143093 0.0171463 0.0207817 0.0251917 0.0300287  
    0.035022 0.0436779 0.0634094 
  PI_FUS = 0.0 0.0 0.0 0.0 0.0 0.0 0.0 0.0 0.0 0.0 0.0 0.0 0.0 0.0 0.0  
    0.0 0.0 0.0 0.0 0.0 0.0 0.0 0.0 0.0 0.0 0.0 0.0 0.0 0.0 0.0 0.0 0.0  
    0.0 0.0 0.0 0.0 0.0 0.0 0.0 0.0 0.0 0.0 0.0 0.0 0.0 0.0 0.0 0.0 0.0  
    0.0 0.0 0.0 0.0 0.0 0.0 0.0 0.0 0.0 0.0 0.0 0.0 0.0 0.0 0.0 0.0 0.0  
    0.0 0.0 0.0 0.0 0.0 0.0 0.0 0.0 0.0 0.0 0.0 0.0 0.0 0.0 0.0 0.0 0.0  
    0.0 0.0 0.0 0.0 0.0 0.0 0.0 0.0 0.0 0.0 0.0 0.0 0.0 0.0 0.0 0.0 0.0  
    0.0 
  PE_FUS = 0.0 0.0 0.0 0.0 0.0 0.0 0.0 0.0 0.0 0.0 0.0 0.0 0.0 0.0 0.0  
    0.0 0.0 0.0 0.0 0.0 0.0 0.0 0.0 0.0 0.0 0.0 0.0 0.0 0.0 0.0 0.0 0.0  
    0.0 0.0 0.0 0.0 0.0 0.0 0.0 0.0 0.0 0.0 0.0 0.0 0.0 0.0 0.0 0.0 0.0  
    0.0 0.0 0.0 0.0 0.0 0.0 0.0 0.0 0.0 0.0 0.0 0.0 0.0 0.0 0.0 0.0 0.0  
    0.0 0.0 0.0 0.0 0.0 0.0 0.0 0.0 0.0 0.0 0.0 0.0 0.0 0.0 0.0 0.0 0.0  
    0.0 0.0 0.0 0.0 0.0 0.0 0.0 0.0 0.0 0.0 0.0 0.0 0.0 0.0 0.0 0.0 0.0  
    0.0 
  P_RAD = -0.0001507 -5.08e-05 4.91e-05 0.0001491 0.0002615 0.000411  
    0.0005791 0.0007729 0.0010024 0.0012446 0.0015183 0.0018149  
    0.0021332 0.0024757 0.0028353 0.0032143 0.0036134 0.0040327  
    0.0044651 0.0049175 0.005383 0.0058648 0.0063613 0.0068709 0.007394  
    0.0079293 0.0084764 0.0090346 0.0096035 0.0101834 0.0107705  
    0.0113681 0.0119728 0.0125859 0.0132062 0.0138332 0.0144665  
    0.0151054 0.0157496 0.0163984 0.0170515 0.0177084 0.0183686  
    0.0190315 0.0196969 0.0203641 0.0210328 0.0217025 0.0223726  
    0.0230429 0.0237128 0.0243818 0.0250496 0.0257156 0.0263794  
    0.0270405 0.0276985 0.0283529 0.0290032 0.029649 0.0302897  
    0.0309249 0.031554 0.0321766 0.0327921 0.0334 0.0339997 0.0345909  
    0.0351729 0.0357451 0.0363069 0.0368577 0.037397 0.037924 0.0384383  
    0.0389391 0.0394257 0.0398975 0.0403538 0.0407938 0.0412168  
    0.041622 0.0420086 0.0423758 0.0427228 0.0430486 0.0433525  
    0.0436335 0.0438905 0.0441227 0.0443291 0.0445048 0.0446299  
    0.0446811 0.044634 0.0444655 0.0441511 0.0436661 0.0429862  
    0.0420884 0.0409464 
  P_OHM = 0.0207283 0.020975 0.0211128 0.0212542 0.0214762 0.0220683  
    0.0230074 0.0240359 0.0250846 0.0262189 0.0274281 0.0287003  
    0.0300111 0.0313333 0.0326283 0.0338722 0.0350347 0.0360794  
    0.0369564 0.0376226 0.0380544 0.038219 0.0380996 0.0376664  
    0.0369317 0.0358969 0.0345693 0.0329842 0.0311871 0.0292397  
    0.0271969 0.0251309 0.0230989 0.0211638 0.0193675 0.0177347  
    0.0162807 0.0150083 0.013905 0.0129657 0.0121682 0.0114996  
    0.0109407 0.0104803 0.0101009 0.0097941 0.0095503 0.0093607  
    0.0092218 0.009126 0.0090712 0.0090555 0.0090726 0.009126 0.0092121  
    0.0093309 0.0094813 0.0096623 0.0098705 0.010107 0.0103698  
    0.0106545 0.0109587 0.0112781 0.0116056 0.0119323 0.012253  
    0.0125577 0.0128337 0.0130714 0.0132602 0.013389 0.0134494  
    0.0134332 0.0133352 0.0131526 0.012887 0.0125425 0.012126 0.0116469  
    0.0111175 0.01055 0.0099581 0.0093541 0.0087496 0.0081545 0.0075772  
    0.0070228 0.0064948 0.005994 0.0055229 0.0050789 0.0046501  
    0.0042338 0.0038275 0.0034244 0.0030183 0.0026065 0.0021915  
    0.0017432 0.0017893 
  TORQUE_NB = 0.3888121 0.3894726 0.401776 0.4060121 0.40617 0.401883  
    0.4000314 0.4006239 0.3983033 0.3951098 0.3910897 0.38705 0.3829051  
    0.378964 0.3745748 0.3697087 0.3637421 0.3575019 0.3510049  
    0.3447323 0.3381647 0.3313131 0.3247 0.3178103 0.3103346 0.3028775  
    0.2953749 0.2872598 0.2793178 0.2717038 0.2640074 0.2562799  
    0.2484458 0.2406554 0.233069 0.2255512 0.2181245 0.2106763  
    0.2030004 0.1956373 0.189077 0.1826213 0.1757547 0.1690632 0.162635  
    0.156412 0.1503032 0.1442478 0.1383876 0.1329728 0.1278096  
    0.1228018 0.1177825 0.112937 0.1082767 0.1038602 0.0995989  
    0.0954825 0.0914579 0.0875801 0.083844 0.0802909 0.0768737  
    0.0735779 0.0703784 0.0672585 0.0642492 0.0613459 0.0585367  
    0.055823 0.0532049 0.0506808 0.0482725 0.0459578 0.0437245  
    0.0415708 0.0394798 0.037454 0.0355062 0.0336357 0.0318411  
    0.0301099 0.0284574 0.0268827 0.0253853 0.023973 0.0226575  
    0.0214152 0.0202463 0.0191483 0.018124 0.0171653 0.0162699  
    0.0154217 0.014604 0.0138003 0.0130209 0.0123292 0.0117794  
    0.0111824 0.0101872 
  TORQUE_IN = 0.0 0.0 0.0 0.0 0.0 0.0 0.0 0.0 0.0 0.0 0.0 0.0 0.0 0.0  
    0.0 0.0 0.0 0.0 0.0 0.0 0.0 0.0 0.0 0.0 0.0 0.0 0.0 0.0 0.0 0.0 0.0  
    0.0 0.0 0.0 0.0 0.0 0.0 0.0 0.0 0.0 0.0 0.0 0.0 0.0 0.0 0.0 0.0 0.0  
    0.0 0.0 0.0 0.0 0.0 0.0 0.0 0.0 0.0 0.0 0.0 0.0 0.0 0.0 0.0 0.0 0.0  
    0.0 0.0 0.0 0.0 0.0 0.0 0.0 0.0 0.0 0.0 0.0 0.0 0.0 0.0 0.0 0.0 0.0  
    0.0 0.0 0.0 0.0 0.0 0.0 0.0 0.0 0.0 0.0 0.0 0.0 0.0 0.0 0.0 0.0 0.0  
    0.0 0.0 
  SE_IONIZATION = 0.0 0.0 0.0 0.0 0.0 0.0 0.0 0.0 0.0 0.0 0.0 0.0 0.0  
    0.0 0.0 0.0 0.0 0.0 0.0 0.0 0.0 0.0 0.0 0.0 0.0 0.0 0.0 0.0 0.0 0.0  
    0.0 0.0 0.0 0.0 0.0 0.0 0.0 0.0 0.0 0.0 0.0 0.0 0.0 0.0 0.0 0.0 0.0  
    0.0 0.0 0.0 0.0 0.0 0.0 0.0 0.0 0.0 0.0 0.0 0.0 0.0 0.0 0.0 0.0 0.0  
    0.0 0.0 0.0 0.0 0.0 0.0 0.0 0.0 0.0 0.0 0.0 0.0 0.0 0.0 0.0 0.0 0.0  
    0.0 0.0 0.0 0.0 0.0 0.0 0.0 0.0 0.0 0.0 0.0 0.0 0.0 0.0 0.0 0.0 0.0  
    0.0 0.0 0.0 
  SI_IONIZATION = 0.0 0.0 0.0 0.0 0.0 0.0 0.0 0.0 0.0 0.0 0.0 0.0 0.0  
    0.0 0.0 0.0 0.0 0.0 0.0 0.0 0.0 0.0 0.0 0.0 0.0 0.0 0.0 0.0 0.0 0.0  
    0.0 0.0 0.0 0.0 0.0 0.0 0.0 0.0 0.0 0.0 0.0 0.0 0.0 0.0 0.0 0.0 0.0  
    0.0 0.0 0.0 0.0 0.0 0.0 0.0 0.0 0.0 0.0 0.0 0.0 0.0 0.0 0.0 0.0 0.0  
    0.0 0.0 0.0 0.0 0.0 0.0 0.0 0.0 0.0 0.0 0.0 0.0 0.0 0.0 0.0 0.0 0.0  
    0.0 0.0 0.0 0.0 0.0 0.0 0.0 0.0 0.0 0.0 0.0 0.0 0.0 0.0 0.0 0.0 0.0  
    0.0 0.0 0.0 
  PE_IONIZATION = 0.0 0.0 0.0 0.0 0.0 0.0 0.0 0.0 0.0 0.0 0.0 0.0 0.0  
    0.0 0.0 0.0 0.0 0.0 0.0 0.0 0.0 0.0 0.0 0.0 0.0 0.0 0.0 0.0 0.0 0.0  
    0.0 0.0 0.0 0.0 0.0 0.0 0.0 0.0 0.0 0.0 0.0 0.0 0.0 0.0 0.0 0.0 0.0  
    0.0 0.0 0.0 0.0 0.0 0.0 0.0 0.0 0.0 0.0 0.0 0.0 0.0 0.0 0.0 0.0 0.0  
    0.0 0.0 0.0 0.0 0.0 0.0 0.0 0.0 0.0 0.0 0.0 0.0 0.0 0.0 0.0 0.0 0.0  
    0.0 0.0 0.0 0.0 0.0 0.0 0.0 0.0 0.0 0.0 0.0 0.0 0.0 0.0 0.0 0.0 0.0  
    0.0 0.0 0.0 
  PI_IONIZATION = 0.0 0.0 0.0 0.0 0.0 0.0 0.0 0.0 0.0 0.0 0.0 0.0 0.0  
    0.0 0.0 0.0 0.0 0.0 0.0 0.0 0.0 0.0 0.0 0.0 0.0 0.0 0.0 0.0 0.0 0.0  
    0.0 0.0 0.0 0.0 0.0 0.0 0.0 0.0 0.0 0.0 0.0 0.0 0.0 0.0 0.0 0.0 0.0  
    0.0 0.0 0.0 0.0 0.0 0.0 0.0 0.0 0.0 0.0 0.0 0.0 0.0 0.0 0.0 0.0 0.0  
    0.0 0.0 0.0 0.0 0.0 0.0 0.0 0.0 0.0 0.0 0.0 0.0 0.0 0.0 0.0 0.0 0.0  
    0.0 0.0 0.0 0.0 0.0 0.0 0.0 0.0 0.0 0.0 0.0 0.0 0.0 0.0 0.0 0.0 0.0  
    0.0 0.0 0.0 
  WBEAM = 0.0142978 0.0142711 0.014191 0.0141232 0.0140583 0.0139938  
    0.0138973 0.0137688 0.0136301 0.0134753 0.0133056 0.013115  
    0.0129061 0.0126796 0.0124376 0.0121818 0.0119176 0.0116409  
    0.0113528 0.0110522 0.0107432 0.0104271 0.0101043 0.0097771  
    0.0094476 0.0091165 0.0087851 0.0084561 0.0081286 0.0078035  
    0.0074838 0.0071704 0.0068645 0.0065668 0.0062777 0.0059975  
    0.0057261 0.0054644 0.0052134 0.0049712 0.0047369 0.0045121  
    0.0042976 0.0040922 0.0038953 0.0037069 0.003527 0.0033553  
    0.0031912 0.0030341 0.0028839 0.0027405 0.0026037 0.0024729  
    0.0023477 0.0022279 0.0021132 0.0020032 0.0018977 0.0017964  
    0.0016991 0.0016057 0.0015161 0.00143 0.0013474 0.0012681 0.001192  
    0.001119 0.0010489 0.0009818 0.0009174 0.0008557 0.0007966  
    0.0007401 0.0006862 0.0006348 0.0005858 0.0005393 0.0004951  
    0.0004533 0.0004138 0.0003766 0.0003417 0.000309 0.0002784  
    0.0002499 0.0002234 0.0001989 0.0001763 0.0001555 0.0001363  
    0.0001189 0.000103 8.88e-05 7.6e-05 6.45e-05 5.42e-05 4.49e-05  
    3.65e-05 2.84e-05 2e-05 
  WALPHA = 0.0 0.0 0.0 0.0 0.0 0.0 0.0 0.0 0.0 0.0 0.0 0.0 0.0 0.0 0.0  
    0.0 0.0 0.0 0.0 0.0 0.0 0.0 0.0 0.0 0.0 0.0 0.0 0.0 0.0 0.0 0.0 0.0  
    0.0 0.0 0.0 0.0 0.0 0.0 0.0 0.0 0.0 0.0 0.0 0.0 0.0 0.0 0.0 0.0 0.0  
    0.0 0.0 0.0 0.0 0.0 0.0 0.0 0.0 0.0 0.0 0.0 0.0 0.0 0.0 0.0 0.0 0.0  
    0.0 0.0 0.0 0.0 0.0 0.0 0.0 0.0 0.0 0.0 0.0 0.0 0.0 0.0 0.0 0.0 0.0  
    0.0 0.0 0.0 0.0 0.0 0.0 0.0 0.0 0.0 0.0 0.0 0.0 0.0 0.0 0.0 0.0 0.0  
    0.0 
  DENSITY_BEAM = 0.2897791 0.2896054 0.2890785 0.2883312 0.287428  
    0.2863247 0.2847006 0.2825534 0.2802412 0.2776139 0.2746654  
    0.2713999 0.267818 0.2639064 0.2597277 0.2552909 0.2506204  
    0.2457173 0.2405987 0.2352674 0.2297624 0.224105 0.2182836  
    0.2123566 0.2063676 0.2002945 0.1941697 0.1880456 0.1819143  
    0.1757949 0.16972 0.163712 0.1578031 0.1519971 0.1462937 0.140718  
    0.1352833 0.1299886 0.1248408 0.1198392 0.1149784 0.1102744  
    0.105739 0.1013591 0.0971334 0.0930605 0.089139 0.0853661 0.0817367  
    0.078242 0.0748813 0.0716512 0.0685502 0.0655684 0.0627 0.0599379  
    0.0572785 0.0547163 0.0522466 0.0498635 0.0475634 0.0453415  
    0.0431952 0.0411212 0.0391166 0.0371786 0.0353033 0.0334881  
    0.0317306 0.0300287 0.0283804 0.0267841 0.0252379 0.0237412  
    0.0222932 0.0208934 0.0195416 0.0182373 0.0169802 0.0157705  
    0.0146084 0.0134942 0.0124279 0.0114095 0.0104387 0.0095155  
    0.0086396 0.0078107 0.0070282 0.0062913 0.0055991 0.0049524  
    0.0043523 0.0037988 0.0032884 0.0028167 0.0023832 0.0019908  
    0.0016347 0.001276 0.0008808 
  DENSITY_ALPHA = 0.0 0.0 0.0 0.0 0.0 0.0 0.0 0.0 0.0 0.0 0.0 0.0 0.0  
    0.0 0.0 0.0 0.0 0.0 0.0 0.0 0.0 0.0 0.0 0.0 0.0 0.0 0.0 0.0 0.0 0.0  
    0.0 0.0 0.0 0.0 0.0 0.0 0.0 0.0 0.0 0.0 0.0 0.0 0.0 0.0 0.0 0.0 0.0  
    0.0 0.0 0.0 0.0 0.0 0.0 0.0 0.0 0.0 0.0 0.0 0.0 0.0 0.0 0.0 0.0 0.0  
    0.0 0.0 0.0 0.0 0.0 0.0 0.0 0.0 0.0 0.0 0.0 0.0 0.0 0.0 0.0 0.0 0.0  
    0.0 0.0 0.0 0.0 0.0 0.0 0.0 0.0 0.0 0.0 0.0 0.0 0.0 0.0 0.0 0.0 0.0  
    0.0 0.0 0.0 
  CHIE = 0.1498439 0.1534221 0.1577804 0.1622961 0.167114 0.1724277  
    0.1785287 0.1854406 0.1929821 0.2011883 0.2100786 0.2196954  
    0.2300915 0.2413096 0.2533857 0.2663738 0.280344 0.2953559  
    0.3114612 0.3287298 0.347235 0.3670716 0.3883415 0.4111863 0.435766  
    0.4622885 0.4909997 0.5222442 0.5564213 0.5940558 0.635834  
    0.6825703 0.7334608 0.7868604 0.8427375 0.9011826 0.9622733  
    1.026081 1.0926867 1.1621089 1.2343556 1.3093866 1.3871688 1.467572  
    1.5504324 1.6355327 1.7226016 1.8112764 1.9011678 1.9917875  
    2.0826035 2.17301 2.2623631 2.3499854 2.4351683 2.5171917 2.5953656  
    2.6690435 2.7406615 2.8137832 2.8886886 2.9655147 3.0443689  
    3.125319 3.2085222 3.2940129 3.3818261 3.4721051 3.5648447  
    3.6600799 3.7577683 3.8579698 3.9605756 4.0655969 4.1729225  
    4.2825172 4.3942562 4.508136 4.624045 4.741923 4.8618382 4.9837446  
    5.1078501 5.2343922 5.3636034 5.4960869 5.6323689 5.7732805  
    5.9198946 6.073472 6.2368114 6.4178403 6.6300933 6.8902639  
    7.2188087 7.642547 8.1907882 8.9025191 9.809353 11.4460428 0.0 
  CHII = 0.3328839 0.3405355 0.349256 0.358291 0.3678132 0.3777914  
    0.3882369 0.3991983 0.4107404 0.4228838 0.4356651 0.4491444  
    0.4633837 0.4784498 0.4944308 0.5114105 0.5295196 0.5488813  
    0.5696264 0.5919361 0.616034 0.642163 0.6706016 0.7017321 0.73599  
    0.7738979 0.8161224 0.8635011 0.9170804 0.9782048 1.0485566  
    1.1270783 1.2112071 1.3012235 1.3975936 1.5009193 1.6117669  
    1.7307687 1.8585996 1.9960464 2.1437962 2.3027669 2.4737888  
    2.6577571 2.8556058 3.0682114 3.2964076 3.5410633 3.8027816  
    4.0820337 4.3790277 4.6935559 5.0249547 5.3719615 5.7323748 6.10331  
    6.480619 6.8590818 7.2324652 7.5931203 7.9327946 8.2423146 8.512695  
    8.7350927 8.9017586 9.0068117 9.0461317 9.018539 8.9251599  
    8.7696204 8.5580372 8.2975262 7.9968121 7.6643426 7.3088152  
    6.9381042 6.5595099 6.1790034 5.8021169 5.4477293 5.1311912  
    4.8461796 4.5867951 4.3482831 4.1267506 3.918873 3.7218168 3.533024  
    3.3500464 3.1705387 2.9914687 2.8140194 2.6400505 2.4688281  
    2.2998016 2.1308419 1.9564332 1.7681667 1.5492199 1.3172634 0.0 
  NBDRY = 85 
  RBDRY = 1.2048658 1.1423217 1.3195246 1.1992552 1.1185508 1.275328  
    1.8805108 1.8370391 1.0660884 1.3894659 2.18861 1.2247567 2.035887  
    1.071501 1.0698952 1.9201844 1.0854343 1.3226817 2.1092119  
    1.3523707 1.4680953 1.2836909 2.1440081 1.158537 2.1520187  
    1.0754492 1.1861618 1.5059574 2.2463219 1.1434077 2.2341535  
    1.485835 1.4187356 1.5375506 1.2297409 2.2272218 2.2204872  
    1.1015061 1.219333 1.7318554 1.0841563 1.7775876 2.0898708  
    2.0530037 1.2982378 1.1928552 1.1965461 2.1672698 2.2431829  
    2.1384462 1.0739778 1.3356322 2.0409857 2.2026007 1.1538854  
    2.0982333 1.2199446 1.3761614 2.2255657 2.1957923 1.2399768  
    1.2077701 1.2515161 1.3881274 1.2349206 1.0948992 1.5204403  
    1.1483841 2.2412766 1.1148816 1.0661031 2.0647262 1.2384239  
    2.2123473 1.1912394 1.6692485 1.178832 1.3960615 1.0882682  
    1.2495885 1.7501932 1.9340753 1.9904704 2.2449948 1.5856249 
  ZBDRY = 0.9755275 -0.5914613 -0.9165729 0.9627562 0.6783797 1.093672  
    0.7156258 0.7567732 -0.099863 1.0606468 0.2794984 1.0163463  
    -0.6092657 -0.1995863 -0.179677 -0.7479864 0.3796972 1.0832161  
    -0.4894375 -0.9388602 1.0249535 1.0964119 -0.4171468 -0.6490151  
    -0.3987685 -0.2393346 0.930674 -0.9757235 -0.0323554 0.7964737  
    0.1266428 -0.9758452 1.0483574 0.9867773 1.0255224 -0.1708547  
    0.1849564 0.5593031 -0.7953222 0.8484454 0.3597144 0.8099308  
    -0.5246329 0.5225969 1.0911035 -0.7420535 0.9563263 -0.3617081  
    0.0674244 0.3881131 0.1599225 -0.9281381 0.5384702 0.2421067  
    0.8354658 0.4569487 1.0070229 1.0660933 0.1656517 0.2608717  
    -0.8291118 0.9818609 1.060303 -0.9562577 1.034492 0.4995245  
    0.9968235 0.8159364 -0.0921105 -0.4756117 -0.0199016 0.5064839  
    1.0404791 -0.2290222 0.9435306 0.8976817 0.91217 1.0578789  
    0.4196492 1.0575346 -0.8890394 -0.7334707 0.600152 0.0475283  
    -0.9639702 
  NLIM = 5 
  RLIM = 2.377 1.001 1.001 2.377 2.377 
  ZLIM = 1.348 1.348 -1.363 -1.363 1.348 
  SHOT_ID = '150162' 
  TIME_ID = '20360' 
  J_RF = 0.0 0.0 0.0 0.0 0.0 0.0 0.0 0.0 0.0 0.0 0.0 0.0 0.0 0.0 0.0  
    0.0 0.0 0.0 0.0 0.0 0.0 0.0 0.0 0.0 0.0 0.0 0.0 0.0 0.0 0.0 0.0 0.0  
    0.0 0.0 0.0 0.0 0.0 0.0 0.0 0.0 0.0 0.0 0.0 0.0 0.0 0.0 0.0 0.0 0.0  
    0.0 0.0 0.0 0.0 0.0 0.0 0.0 0.0 0.0 0.0 0.0 0.0 0.0 0.0 0.0 0.0 0.0  
    0.0 0.0 0.0 0.0 0.0 0.0 0.0 0.0 0.0 0.0 0.0 0.0 0.0 0.0 0.0 0.0 0.0  
    0.0 0.0 0.0 0.0 0.0 0.0 0.0 0.0 0.0 0.0 0.0 0.0 0.0 0.0 0.0 0.0 0.0  
    0.0 
  PE_RF = 0.0 0.0 0.0 0.0 0.0 0.0 0.0 0.0 0.0 0.0 0.0 0.0 0.0 0.0 0.0  
    0.0 0.0 0.0 0.0 0.0 0.0 0.0 0.0 0.0 0.0 0.0 0.0 0.0 0.0 0.0 0.0 0.0  
    0.0 0.0 0.0 0.0 0.0 0.0 0.0 0.0 0.0 0.0 0.0 0.0 0.0 0.0 0.0 0.0 0.0  
    0.0 0.0 0.0 0.0 0.0 0.0 0.0 0.0 0.0 0.0 0.0 0.0 0.0 0.0 0.0 0.0 0.0  
    0.0 0.0 0.0 0.0 0.0 0.0 0.0 0.0 0.0 0.0 0.0 0.0 0.0 0.0 0.0 0.0 0.0  
    0.0 0.0 0.0 0.0 0.0 0.0 0.0 0.0 0.0 0.0 0.0 0.0 0.0 0.0 0.0 0.0 0.0  
    0.0 
  PI_RF = 0.0 0.0 0.0 0.0 0.0 0.0 0.0 0.0 0.0 0.0 0.0 0.0 0.0 0.0 0.0  
    0.0 0.0 0.0 0.0 0.0 0.0 0.0 0.0 0.0 0.0 0.0 0.0 0.0 0.0 0.0 0.0 0.0  
    0.0 0.0 0.0 0.0 0.0 0.0 0.0 0.0 0.0 0.0 0.0 0.0 0.0 0.0 0.0 0.0 0.0  
    0.0 0.0 0.0 0.0 0.0 0.0 0.0 0.0 0.0 0.0 0.0 0.0 0.0 0.0 0.0 0.0 0.0  
    0.0 0.0 0.0 0.0 0.0 0.0 0.0 0.0 0.0 0.0 0.0 0.0 0.0 0.0 0.0 0.0 0.0  
    0.0 0.0 0.0 0.0 0.0 0.0 0.0 0.0 0.0 0.0 0.0 0.0 0.0 0.0 0.0 0.0 0.0  
    0.0 
/

