&INSTATE
  TOKAMAK_ID = 'd3d' 
  MODEL_SHAPE = 0 
  DENSITY_MODEL = 0 
  R0 = 1.6955 
  B0 = 1.9111 
  IP = 1.3797 
  KAPPA = 1.806 
  DELTA = 0.65371 
  ASPECT = 0.3560768 
  RMAJOR = 1.6955 
  AMINOR = 0.6037282 
  N_ION = 1 
  Z_ION = 1 
  A_ION = 2 
  F_ION = 1 
  N_IMP = 1 
  Z_IMP = 6 
  A_IMP = 12 
  F_IMP = 1 
  N_MIN = 0 
  Z_MIN = 1 
  A_MIN = 1 
  N_BEAM = 1 
  Z_BEAM = 1 
  A_BEAM = 2 
  N_FUSION = 1 
  Z_FUSION = 2 
  A_FUSION = 4 
  RHO = 0.0 0.01 0.02 0.03 0.04 0.05 0.06 0.07 0.08 0.09 0.1 0.11 0.12  
    0.13 0.14 0.15 0.16 0.17 0.18 0.19 0.2 0.21 0.22 0.23 0.24 0.25  
    0.26 0.27 0.28 0.29 0.3 0.31 0.32 0.33 0.34 0.35 0.36 0.37 0.38  
    0.39 0.4 0.41 0.42 0.43 0.44 0.45 0.46 0.47 0.48 0.49 0.5 0.51 0.52  
    0.53 0.54 0.55 0.56 0.57 0.58 0.59 0.6 0.61 0.62 0.63 0.64 0.65  
    0.66 0.67 0.68 0.69 0.7 0.71 0.72 0.73 0.74 0.75 0.76 0.77 0.78  
    0.79 0.8 0.81 0.82 0.83 0.84 0.85 0.86 0.87 0.88 0.89 0.9 0.91 0.92  
    0.93 0.94 0.95 0.96 0.97 0.98 0.99 1.0 
  NRHO = 101 
  PSIPOL = -0.35584 -0.35578 -0.35561 -0.35532 -0.35492 -0.35441  
    -0.35378 -0.35304 -0.35219 -0.35123 -0.35015 -0.34896 -0.34765  
    -0.34621 -0.34466 -0.343 -0.34121 -0.3393 -0.33726 -0.33511  
    -0.33283 -0.33044 -0.32792 -0.32528 -0.32252 -0.31963 -0.31663  
    -0.31352 -0.31028 -0.30693 -0.30347 -0.2999 -0.29623 -0.29245  
    -0.28857 -0.28459 -0.28052 -0.27636 -0.27212 -0.26779 -0.26339  
    -0.25891 -0.25437 -0.24977 -0.2451 -0.24039 -0.23562 -0.23081  
    -0.22596 -0.22108 -0.21616 -0.21122 -0.20626 -0.20129 -0.1963  
    -0.19131 -0.18631 -0.18131 -0.17632 -0.17134 -0.16638 -0.16143  
    -0.1565 -0.1516 -0.14673 -0.14189 -0.13709 -0.13232 -0.1276  
    -0.12292 -0.11829 -0.1137 -0.10917 -0.10469 -0.10027 -0.095902  
    -0.091594 -0.087346 -0.083159 -0.079036 -0.074978 -0.070985  
    -0.067061 -0.063205 -0.05942 -0.055706 -0.052067 -0.048502  
    -0.045015 -0.041607 -0.03828 -0.035037 -0.031881 -0.028817  
    -0.025849 -0.022984 -0.020229 -0.0176 -0.015135 -0.012795 -0.011138 
  RHOPSI = 0.0 0.1 0.1414214 0.1732051 0.2 0.2236068 0.244949 0.2645751  
    0.2828427 0.3 0.3162278 0.3316625 0.3464102 0.3605551 0.3741657  
    0.3872983 0.4 0.4123106 0.4242641 0.4358899 0.4472136 0.4582576  
    0.4690416 0.4795832 0.4898979 0.5 0.509902 0.5196152 0.5291503  
    0.5385165 0.5477226 0.5567764 0.5656854 0.5744563 0.5830952  
    0.591608 0.6 0.6082763 0.6164414 0.6244998 0.6324555 0.6403124  
    0.6480741 0.6557439 0.663325 0.6708204 0.678233 0.6855655 0.6928203  
    0.7 0.7071068 0.7141428 0.7211103 0.728011 0.7348469 0.7416198  
    0.7483315 0.7549834 0.7615773 0.7681146 0.7745967 0.781025  
    0.7874008 0.7937254 0.8 0.8062258 0.8124038 0.8185353 0.8246211  
    0.8306624 0.83666 0.842615 0.8485281 0.8544004 0.8602325 0.8660254  
    0.8717798 0.8774964 0.8831761 0.8888194 0.8944272 0.9 0.9055385  
    0.9110434 0.9165151 0.9219544 0.9273618 0.9327379 0.9380832  
    0.9433981 0.9486833 0.9539392 0.9591663 0.9643651 0.969536  
    0.9746794 0.9797959 0.9848858 0.9899495 0.9949874 1.0 
  Q = -1.0978 -1.095 -1.0866 -1.0812 -1.0821 -1.0868 -1.092 -1.0947  
    -1.0945 -1.0928 -1.0907 -1.0882 -1.0846 -1.0814 -1.0786 -1.0756  
    -1.0724 -1.0691 -1.0663 -1.0636 -1.0612 -1.059 -1.0571 -1.0556  
    -1.0544 -1.0538 -1.0535 -1.0538 -1.0547 -1.0561 -1.0581 -1.0607  
    -1.064 -1.068 -1.0727 -1.0781 -1.0843 -1.0913 -1.099 -1.1076  
    -1.1169 -1.1271 -1.1382 -1.15 -1.1628 -1.1764 -1.1908 -1.2062  
    -1.2225 -1.2397 -1.2579 -1.2771 -1.2973 -1.3186 -1.3409 -1.3644  
    -1.3891 -1.4149 -1.4421 -1.4705 -1.5003 -1.5315 -1.5642 -1.5983  
    -1.634 -1.6712 -1.7101 -1.7507 -1.793 -1.8371 -1.8831 -1.931  
    -1.9809 -2.0329 -2.087 -2.1433 -2.2021 -2.2633 -2.3272 -2.3939  
    -2.4636 -2.5366 -2.613 -2.6931 -2.7773 -2.866 -2.9596 -3.0586  
    -3.1638 -3.2758 -3.3958 -3.5253 -3.6662 -3.821 -3.9931 -4.1881  
    -4.414 -4.6911 -5.1374 -5.2995 -12.415 
  NE = 3.3748 3.3744 3.3733 3.3715 3.3689 3.3655 3.3614 3.3565 3.3508  
    3.3443 3.337 3.3289 3.3199 3.3102 3.2996 3.2882 3.2759 3.2628  
    3.2488 3.2339 3.2181 3.2015 3.1839 3.1655 3.1461 3.1258 3.1045  
    3.0824 3.0593 3.0352 3.0101 2.9841 2.9571 2.9292 2.9003 2.8706 2.84  
    2.8087 2.7768 2.7442 2.711 2.6773 2.6432 2.6087 2.5738 2.5387  
    2.5033 2.4678 2.4322 2.3965 2.3608 2.3252 2.2898 2.2545 2.2194  
    2.1847 2.1503 2.1164 2.0829 2.0499 2.0176 1.9858 1.9546 1.924  
    1.8939 1.8644 1.8353 1.8068 1.7787 1.7512 1.7241 1.6974 1.6711  
    1.6453 1.6199 1.5948 1.5702 1.5458 1.5219 1.4982 1.4748 1.4518  
    1.429 1.4065 1.3843 1.3623 1.3405 1.3189 1.2975 1.2763 1.2552  
    1.2343 1.2135 1.1929 1.1723 1.1518 1.1314 1.1111 1.0908 1.0706  
    1.0503 
  TE = 2.4907 2.4899 2.4874 2.4832 2.4776 2.4703 2.4616 2.4514 2.4398  
    2.4268 2.4125 2.3969 2.3801 2.362 2.3428 2.3224 2.3009 2.2784  
    2.2549 2.2304 2.205 2.1787 2.1515 2.1236 2.0949 2.0654 2.0353  
    2.0045 1.9731 1.9412 1.9087 1.8758 1.8424 1.8086 1.7744 1.74 1.7052  
    1.6702 1.6351 1.5997 1.5643 1.5287 1.4932 1.4576 1.4221 1.3867  
    1.3513 1.3162 1.2813 1.2466 1.2122 1.1781 1.1445 1.1112 1.0783  
    1.046 1.0142 0.98298 0.95236 0.9224 0.89313 0.8646 0.83684 0.80991  
    0.78382 0.75864 0.73439 0.71113 0.68888 0.66769 0.64761 0.62864  
    0.6107 0.59368 0.57745 0.56188 0.54687 0.53228 0.51801 0.50392  
    0.4899 0.47583 0.46158 0.44704 0.43209 0.41661 0.40047 0.38355  
    0.36574 0.34692 0.32696 0.30574 0.28314 0.25905 0.23334 0.2059  
    0.1767 0.14605 0.11431 0.081856 0.049035 
  TI = 2.2616 2.2608 2.2583 2.2542 2.2486 2.2414 2.2328 2.2228 2.2114  
    2.1986 2.1846 2.1694 2.153 2.1354 2.1167 2.097 2.0763 2.0546 2.032  
    2.0085 1.9843 1.9592 1.9334 1.9069 1.8798 1.8521 1.8239 1.7951  
    1.7659 1.7363 1.7063 1.676 1.6454 1.6146 1.5836 1.5525 1.5213  
    1.4901 1.4589 1.4277 1.3966 1.3656 1.3348 1.3043 1.2741 1.2441  
    1.2146 1.1854 1.1567 1.1285 1.1009 1.0739 1.0475 1.0218 0.99684  
    0.97266 0.94931 0.92684 0.90528 0.88469 0.86506 0.84633 0.82846  
    0.8114 0.79509 0.77948 0.76452 0.75016 0.73635 0.72302 0.71014  
    0.69765 0.6855 0.67363 0.66199 0.65054 0.63922 0.62798 0.61676  
    0.60552 0.59419 0.58274 0.57111 0.55925 0.5471 0.53461 0.52173  
    0.50841 0.4946 0.48025 0.46529 0.44971 0.43352 0.4168 0.39962  
    0.38203 0.36412 0.34593 0.32755 0.30904 0.29046 
  ZEFF = 1.4949 1.4949 1.4948 1.4947 1.4946 1.4944 1.4942 1.494 1.4939  
    1.4937 1.4935 1.4933 1.4932 1.4931 1.493 1.4929 1.4929 1.493 1.4931  
    1.4933 1.4935 1.4939 1.4943 1.4949 1.4955 1.4963 1.4972 1.4982  
    1.4994 1.5008 1.5023 1.504 1.506 1.5081 1.5105 1.513 1.5159 1.5189  
    1.5222 1.5257 1.5295 1.5336 1.5379 1.5425 1.5473 1.5525 1.558  
    1.5637 1.5698 1.5762 1.5829 1.59 1.5974 1.6052 1.6133 1.6218 1.6306  
    1.6399 1.6495 1.6595 1.6698 1.6806 1.6918 1.7034 1.7155 1.7281  
    1.7413 1.755 1.7692 1.7842 1.7997 1.816 1.833 1.8507 1.8693 1.8887  
    1.9091 1.9303 1.9526 1.9752 1.9974 2.0183 2.0371 2.0527 2.0642  
    2.0705 2.0706 2.0643 2.0518 2.0332 2.0088 1.9787 1.9431 1.9022  
    1.8564 1.8058 1.7377 1.6557 1.5297 1.3667 1.2113 
  P_EQ = 29996.0 29983.0 29946.0 29874.0 29774.0 29646.0 29491.0  
    29307.0 29092.0 28852.0 28590.0 28303.0 27989.0 27652.0 27295.0  
    26918.0 26522.0 26107.0 25673.0 25224.0 24761.0 24285.0 23798.0  
    23298.0 22788.0 22268.0 21741.0 21209.0 20671.0 20127.0 19580.0  
    19031.0 18481.0 17930.0 17381.0 16833.0 16288.0 15748.0 15213.0  
    14684.0 14163.0 13648.0 13142.0 12646.0 12160.0 11684.0 11219.0  
    10766.0 10324.0 9894.6 9477.7 9073.9 8683.2 8305.6 7941.4 7590.7  
    7253.9 6930.8 6621.3 6325.5 6043.2 5774.0 5517.5 5273.0 5040.3  
    4818.8 4608.2 4408.1 4218.1 4037.8 3866.8 3704.9 3551.2 3404.9  
    3265.3 3131.7 3003.3 2879.5 2759.8 2643.8 2531.1 2421.4 2314.4  
    2209.9 2107.6 2007.2 1908.5 1811.1 1714.6 1618.4 1522.2 1425.8  
    1328.7 1230.9 1132.3 1032.6 933.16 834.1 738.1 645.14 553.42 
  OMEGA = 87896.0 87872.0 87801.0 87685.0 87523.0 87318.0 87071.0  
    86782.0 86452.0 86083.0 85676.0 85231.0 84750.0 84235.0 83685.0  
    83102.0 82488.0 81843.0 81168.0 80464.0 79734.0 78976.0 78194.0  
    77387.0 76557.0 75704.0 74831.0 73938.0 73026.0 72096.0 71149.0  
    70187.0 69211.0 68220.0 67218.0 66204.0 65180.0 64146.0 63105.0  
    62057.0 61003.0 59943.0 58881.0 57815.0 56748.0 55680.0 54613.0  
    53548.0 52485.0 51426.0 50372.0 49324.0 48283.0 47250.0 46226.0  
    45213.0 44211.0 43221.0 42245.0 41284.0 40338.0 39409.0 38497.0  
    37605.0 36733.0 35881.0 35052.0 34246.0 33465.0 32708.0 31979.0  
    31276.0 30603.0 29959.0 29346.0 28765.0 28216.0 27702.0 27223.0  
    26780.0 26374.0 26007.0 25678.0 25381.0 25093.0 24793.0 24459.0  
    24068.0 23598.0 23028.0 22336.0 21499.0 20495.0 19303.0 17900.0  
    16265.0 14375.0 12208.0 9742.2 6961.4 3967.2 
  PPRIME = 0.0 0.0 0.0 0.0 0.0 0.0 0.0 0.0 0.0 0.0 0.0 0.0 0.0 0.0 0.0  
    0.0 0.0 0.0 0.0 0.0 0.0 0.0 0.0 0.0 0.0 0.0 0.0 0.0 0.0 0.0 0.0 0.0  
    0.0 0.0 0.0 0.0 0.0 0.0 0.0 0.0 0.0 0.0 0.0 0.0 0.0 0.0 0.0 0.0 0.0  
    0.0 0.0 0.0 0.0 0.0 0.0 0.0 0.0 0.0 0.0 0.0 0.0 0.0 0.0 0.0 0.0 0.0  
    0.0 0.0 0.0 0.0 0.0 0.0 0.0 0.0 0.0 0.0 0.0 0.0 0.0 0.0 0.0 0.0 0.0  
    0.0 0.0 0.0 0.0 0.0 0.0 0.0 0.0 0.0 0.0 0.0 0.0 0.0 0.0 0.0 0.0 0.0  
    0.0 
  FFPRIME = 0.0 0.0 0.0 0.0 0.0 0.0 0.0 0.0 0.0 0.0 0.0 0.0 0.0 0.0 0.0  
    0.0 0.0 0.0 0.0 0.0 0.0 0.0 0.0 0.0 0.0 0.0 0.0 0.0 0.0 0.0 0.0 0.0  
    0.0 0.0 0.0 0.0 0.0 0.0 0.0 0.0 0.0 0.0 0.0 0.0 0.0 0.0 0.0 0.0 0.0  
    0.0 0.0 0.0 0.0 0.0 0.0 0.0 0.0 0.0 0.0 0.0 0.0 0.0 0.0 0.0 0.0 0.0  
    0.0 0.0 0.0 0.0 0.0 0.0 0.0 0.0 0.0 0.0 0.0 0.0 0.0 0.0 0.0 0.0 0.0  
    0.0 0.0 0.0 0.0 0.0 0.0 0.0 0.0 0.0 0.0 0.0 0.0 0.0 0.0 0.0 0.0 0.0  
    0.0 
  J_OH = 1.8144 1.8196 1.8218 1.8069 1.777 1.7475 1.7339 1.7379 1.7484  
    1.7562 1.7625 1.7702 1.7785 1.7875 1.7972 1.8065 1.8154 1.8239  
    1.8315 1.8381 1.8434 1.8469 1.8489 1.8494 1.8478 1.8443 1.8388  
    1.831 1.8208 1.8082 1.7934 1.776 1.7562 1.7341 1.7099 1.6836 1.6552  
    1.625 1.5933 1.5601 1.5257 1.4902 1.4538 1.4168 1.3792 1.3409  
    1.3022 1.2633 1.224 1.1844 1.1447 1.105 1.0651 1.0253 0.98572  
    0.94627 0.90708 0.86833 0.83012 0.79256 0.75576 0.71985 0.68498  
    0.65119 0.61863 0.58743 0.55768 0.52942 0.50274 0.47767 0.45423  
    0.43242 0.41214 0.39327 0.3757 0.35929 0.34393 0.32952 0.31599  
    0.30324 0.29129 0.28011 0.26964 0.25985 0.25071 0.24216 0.23415  
    0.22657 0.21929 0.21218 0.20508 0.19781 0.19016 0.18181 0.17236  
    0.16136 0.1482 0.13227 0.11247 0.086538 0.082508 
  J_BS = 0.0 0.0011296 0.0056166 0.014275 0.024979 0.035103 0.042674  
    0.047307 0.050508 0.053616 0.056626 0.059256 0.061616 0.063778  
    0.065722 0.067488 0.069063 0.070434 0.07166 0.07276 0.073735  
    0.074605 0.075339 0.07594 0.076449 0.076859 0.077172 0.077404  
    0.07754 0.077588 0.077576 0.077503 0.077349 0.077081 0.076679  
    0.07615 0.075509 0.07477 0.073935 0.073003 0.071988 0.070902  
    0.069751 0.068537 0.067263 0.065934 0.064556 0.063133 0.061668  
    0.060166 0.058631 0.057063 0.05547 0.05385 0.052209 0.050553  
    0.048879 0.047189 0.04549 0.043789 0.042118 0.040502 0.038942  
    0.037435 0.035975 0.034561 0.033187 0.031852 0.030552 0.029284  
    0.028052 0.026893 0.025842 0.024908 0.024085 0.02337 0.022761  
    0.022251 0.021822 0.021453 0.021137 0.020876 0.02067 0.020522  
    0.020433 0.020409 0.020474 0.020653 0.02095 0.02136 0.021875  
    0.022471 0.023116 0.023775 0.024391 0.024674 0.024467 0.023413  
    0.02092 0.017884 0.015092 
  J_NB = 0.046002 0.047919 0.053669 0.05859 0.06218 0.064852 0.06612  
    0.066681 0.066906 0.066952 0.066786 0.066376 0.0657 0.064831  
    0.063769 0.06254 0.061128 0.059743 0.058443 0.057223 0.05609  
    0.054847 0.053518 0.052133 0.050703 0.04903 0.047282 0.04544  
    0.043596 0.04192 0.040249 0.038369 0.036549 0.034885 0.033262  
    0.031686 0.030119 0.0285 0.027066 0.025964 0.02491 0.023923  
    0.022865 0.021612 0.020527 0.019856 0.019179 0.018403 0.017652  
    0.017003 0.016372 0.015713 0.015062 0.014324 0.013516 0.012776  
    0.012204 0.011651 0.010998 0.010339 0.0097022 0.0090706 0.0084706  
    0.0080521 0.007734 0.0074237 0.007067 0.0067177 0.0063829 0.0060622  
    0.0057571 0.0054649 0.0051817 0.0049098 0.0046485 0.0044398  
    0.0042549 0.0040713 0.0039027 0.0038047 0.0036965 0.0035785  
    0.0034647 0.0033671 0.0032572 0.0031357 0.0030049 0.0028777  
    0.0027388 0.002589 0.0024287 0.0022418 0.0020156 0.0017903  
    0.0015646 0.0013384 0.001114 0.0008973 0.0006876 0.0004734 0.00026 
  J_EC = 0.0 0.0 0.0 0.0 0.0 0.0 0.0 0.0 0.0 0.0 0.0 0.0 0.0 0.0 0.0  
    0.0 0.0 0.0 0.0 0.0 0.0 0.0 0.0 0.0 0.0 0.0 0.0 0.0 0.0 0.0 0.0 0.0  
    0.0 0.0 0.0 0.0 0.0 0.0 0.0 0.0 0.0 0.0 0.0 0.0 0.0 0.0 0.0 0.0 0.0  
    0.0 0.0 0.0 0.0 0.0 0.0 0.0 0.0 0.0 0.0 0.0 0.0 0.0 0.0 0.0 0.0 0.0  
    0.0 0.0 0.0 0.0 0.0 0.0 0.0 0.0 0.0 0.0 0.0 0.0 0.0 0.0 0.0 0.0 0.0  
    0.0 0.0 0.0 0.0 0.0 0.0 0.0 0.0 0.0 0.0 0.0 0.0 0.0 0.0 0.0 0.0 0.0  
    0.0 
  J_IC = 0.0 0.0 0.0 0.0 0.0 0.0 0.0 0.0 0.0 0.0 0.0 0.0 0.0 0.0 0.0  
    0.0 0.0 0.0 0.0 0.0 0.0 0.0 0.0 0.0 0.0 0.0 0.0 0.0 0.0 0.0 0.0 0.0  
    0.0 0.0 0.0 0.0 0.0 0.0 0.0 0.0 0.0 0.0 0.0 0.0 0.0 0.0 0.0 0.0 0.0  
    0.0 0.0 0.0 0.0 0.0 0.0 0.0 0.0 0.0 0.0 0.0 0.0 0.0 0.0 0.0 0.0 0.0  
    0.0 0.0 0.0 0.0 0.0 0.0 0.0 0.0 0.0 0.0 0.0 0.0 0.0 0.0 0.0 0.0 0.0  
    0.0 0.0 0.0 0.0 0.0 0.0 0.0 0.0 0.0 0.0 0.0 0.0 0.0 0.0 0.0 0.0 0.0  
    0.0 
  J_LH = 0.0 0.0 0.0 0.0 0.0 0.0 0.0 0.0 0.0 0.0 0.0 0.0 0.0 0.0 0.0  
    0.0 0.0 0.0 0.0 0.0 0.0 0.0 0.0 0.0 0.0 0.0 0.0 0.0 0.0 0.0 0.0 0.0  
    0.0 0.0 0.0 0.0 0.0 0.0 0.0 0.0 0.0 0.0 0.0 0.0 0.0 0.0 0.0 0.0 0.0  
    0.0 0.0 0.0 0.0 0.0 0.0 0.0 0.0 0.0 0.0 0.0 0.0 0.0 0.0 0.0 0.0 0.0  
    0.0 0.0 0.0 0.0 0.0 0.0 0.0 0.0 0.0 0.0 0.0 0.0 0.0 0.0 0.0 0.0 0.0  
    0.0 0.0 0.0 0.0 0.0 0.0 0.0 0.0 0.0 0.0 0.0 0.0 0.0 0.0 0.0 0.0 0.0  
    0.0 
  J_HC = 0.0 0.0 0.0 0.0 0.0 0.0 0.0 0.0 0.0 0.0 0.0 0.0 0.0 0.0 0.0  
    0.0 0.0 0.0 0.0 0.0 0.0 0.0 0.0 0.0 0.0 0.0 0.0 0.0 0.0 0.0 0.0 0.0  
    0.0 0.0 0.0 0.0 0.0 0.0 0.0 0.0 0.0 0.0 0.0 0.0 0.0 0.0 0.0 0.0 0.0  
    0.0 0.0 0.0 0.0 0.0 0.0 0.0 0.0 0.0 0.0 0.0 0.0 0.0 0.0 0.0 0.0 0.0  
    0.0 0.0 0.0 0.0 0.0 0.0 0.0 0.0 0.0 0.0 0.0 0.0 0.0 0.0 0.0 0.0 0.0  
    0.0 0.0 0.0 0.0 0.0 0.0 0.0 0.0 0.0 0.0 0.0 0.0 0.0 0.0 0.0 0.0 0.0  
    0.0 
  J_TOT = 1.8604 1.8686 1.8811 1.8798 1.8641 1.8475 1.8427 1.8519  
    1.8658 1.8767 1.886 1.8958 1.9059 1.9162 1.9267 1.9365 1.9456 1.954  
    1.9616 1.9681 1.9732 1.9763 1.9778 1.9775 1.975 1.9702 1.9633  
    1.9538 1.9419 1.9278 1.9112 1.8919 1.8701 1.8461 1.8198 1.7914  
    1.7609 1.7283 1.6943 1.659 1.6226 1.585 1.5464 1.507 1.467 1.4267  
    1.386 1.3448 1.3033 1.2616 1.2197 1.1777 1.1356 1.0935 1.0514  
    1.0096 0.96816 0.92717 0.88661 0.84668 0.80758 0.76942 0.7324  
    0.69668 0.66234 0.62941 0.59793 0.56799 0.53967 0.51301 0.48804  
    0.46477 0.44316 0.42308 0.40443 0.3871 0.37094 0.35584 0.34171  
    0.3285 0.31613 0.30456 0.29378 0.28374 0.2744 0.2657 0.25763 0.2501  
    0.24298 0.23613 0.22938 0.22252 0.21529 0.20737 0.19832 0.18737  
    0.17379 0.15658 0.13407 0.1049 0.097861 
  P_EI = 0.012351 0.012354 0.012363 0.012379 0.0124 0.012426 0.012457  
    0.012491 0.01253 0.012571 0.012614 0.012658 0.012705 0.012752  
    0.012799 0.012845 0.012891 0.012935 0.012976 0.013015 0.01305  
    0.01308 0.013106 0.013125 0.013139 0.013145 0.013142 0.013131  
    0.01311 0.013078 0.013035 0.012979 0.012909 0.012825 0.012727  
    0.012612 0.012482 0.012336 0.012173 0.011992 0.011794 0.011577  
    0.011341 0.011085 0.010807 0.010509 0.010187 0.0098419 0.0094719  
    0.0090758 0.0086522 0.0081996 0.0077164 0.0072007 0.0066506  
    0.0060639 0.0054381 0.0047708 0.0040591 0.0033001 0.0024951  
    0.0016494 0.0007689 -0.0001394 -0.001068 -0.002008 -0.0029497  
    -0.003882 -0.0047926 -0.0056678 -0.0064926 -0.0072534 -0.0079495  
    -0.0085848 -0.0091646 -0.0096955 -0.010185 -0.010642 -0.011076  
    -0.011498 -0.01192 -0.012356 -0.01282 -0.01333 -0.013907 -0.014573  
    -0.015358 -0.016298 -0.01744 -0.018848 -0.020609 -0.02285 -0.025772  
    -0.029694 -0.035137 -0.043014 -0.05495 -0.074117 -0.10765 -0.17674  
    -0.37325 
  SE_NB = 0.0 0.0 0.0 0.0 0.0 0.0 0.0 0.0 0.0 0.0 0.0 0.0 0.0 0.0 0.0  
    0.0 0.0 0.0 0.0 0.0 0.0 0.0 0.0 0.0 0.0 0.0 0.0 0.0 0.0 0.0 0.0 0.0  
    0.0 0.0 0.0 0.0 0.0 0.0 0.0 0.0 0.0 0.0 0.0 0.0 0.0 0.0 0.0 0.0 0.0  
    0.0 0.0 0.0 0.0 0.0 0.0 0.0 0.0 0.0 0.0 0.0 0.0 0.0 0.0 0.0 0.0 0.0  
    0.0 0.0 0.0 0.0 0.0 0.0 0.0 0.0 0.0 0.0 0.0 0.0 0.0 0.0 0.0 0.0 0.0  
    0.0 0.0 0.0 0.0 0.0 0.0 0.0 0.0 0.0 0.0 0.0 0.0 0.0 0.0 0.0 0.0 0.0  
    0.0 
  PE_NB = 0.063645 0.063656 0.063678 0.063594 0.063477 0.063295  
    0.063072 0.062782 0.062402 0.061967 0.061504 0.060977 0.06037  
    0.059713 0.059009 0.058262 0.057477 0.056638 0.055744 0.054823  
    0.053877 0.052907 0.051914 0.050892 0.049847 0.048785 0.047712  
    0.046642 0.04557 0.044483 0.043398 0.042326 0.041261 0.040205  
    0.039163 0.038138 0.037131 0.036142 0.035177 0.034239 0.03332  
    0.03242 0.031549 0.03071 0.029897 0.029109 0.028347 0.027609  
    0.026896 0.026207 0.025541 0.024901 0.024283 0.023683 0.0231  
    0.022536 0.02199 0.021459 0.02094 0.020432 0.019933 0.019443  
    0.018959 0.018479 0.018003 0.017529 0.017057 0.016584 0.016109  
    0.015628 0.015146 0.014661 0.014174 0.013686 0.013198 0.012712  
    0.012228 0.01175 0.011278 0.010813 0.010359 0.0099151 0.0094845  
    0.0090679 0.0086671 0.0082834 0.0079183 0.0075732 0.0072501  
    0.0069511 0.0066786 0.0064354 0.0062244 0.0060461 0.0059029  
    0.0058019 0.0057632 0.0058277 0.0060389 0.0063753 0.0068535 
  PE_EC = 0.0 0.0 0.0 0.0 0.0 0.0 0.0 0.0 0.0 0.0 0.0 0.0 0.0 0.0 0.0  
    0.0 0.0 0.0 0.0 0.0 0.0 0.0 0.0 0.0 0.0 0.0 0.0 0.0 0.0 0.0 0.0 0.0  
    0.0 0.0 0.0 0.0 0.0 0.0 0.0 0.0 0.0 0.0 0.0 0.0 0.0 0.0 0.0 0.0 0.0  
    0.0 0.0 0.0 0.0 0.0 0.0 0.0 0.0 0.0 0.0 0.0 0.0 0.0 0.0 0.0 0.0 0.0  
    0.0 0.0 0.0 0.0 0.0 0.0 0.0 0.0 0.0 0.0 0.0 0.0 0.0 0.0 0.0 0.0 0.0  
    0.0 0.0 0.0 0.0 0.0 0.0 0.0 0.0 0.0 0.0 0.0 0.0 0.0 0.0 0.0 0.0 0.0  
    0.0 
  PE_IC = 0.0 0.0 0.0 0.0 0.0 0.0 0.0 0.0 0.0 0.0 0.0 0.0 0.0 0.0 0.0  
    0.0 0.0 0.0 0.0 0.0 0.0 0.0 0.0 0.0 0.0 0.0 0.0 0.0 0.0 0.0 0.0 0.0  
    0.0 0.0 0.0 0.0 0.0 0.0 0.0 0.0 0.0 0.0 0.0 0.0 0.0 0.0 0.0 0.0 0.0  
    0.0 0.0 0.0 0.0 0.0 0.0 0.0 0.0 0.0 0.0 0.0 0.0 0.0 0.0 0.0 0.0 0.0  
    0.0 0.0 0.0 0.0 0.0 0.0 0.0 0.0 0.0 0.0 0.0 0.0 0.0 0.0 0.0 0.0 0.0  
    0.0 0.0 0.0 0.0 0.0 0.0 0.0 0.0 0.0 0.0 0.0 0.0 0.0 0.0 0.0 0.0 0.0  
    0.0 
  PE_LH = 0.0 0.0 0.0 0.0 0.0 0.0 0.0 0.0 0.0 0.0 0.0 0.0 0.0 0.0 0.0  
    0.0 0.0 0.0 0.0 0.0 0.0 0.0 0.0 0.0 0.0 0.0 0.0 0.0 0.0 0.0 0.0 0.0  
    0.0 0.0 0.0 0.0 0.0 0.0 0.0 0.0 0.0 0.0 0.0 0.0 0.0 0.0 0.0 0.0 0.0  
    0.0 0.0 0.0 0.0 0.0 0.0 0.0 0.0 0.0 0.0 0.0 0.0 0.0 0.0 0.0 0.0 0.0  
    0.0 0.0 0.0 0.0 0.0 0.0 0.0 0.0 0.0 0.0 0.0 0.0 0.0 0.0 0.0 0.0 0.0  
    0.0 0.0 0.0 0.0 0.0 0.0 0.0 0.0 0.0 0.0 0.0 0.0 0.0 0.0 0.0 0.0 0.0  
    0.0 
  PE_HC = 0.0 0.0 0.0 0.0 0.0 0.0 0.0 0.0 0.0 0.0 0.0 0.0 0.0 0.0 0.0  
    0.0 0.0 0.0 0.0 0.0 0.0 0.0 0.0 0.0 0.0 0.0 0.0 0.0 0.0 0.0 0.0 0.0  
    0.0 0.0 0.0 0.0 0.0 0.0 0.0 0.0 0.0 0.0 0.0 0.0 0.0 0.0 0.0 0.0 0.0  
    0.0 0.0 0.0 0.0 0.0 0.0 0.0 0.0 0.0 0.0 0.0 0.0 0.0 0.0 0.0 0.0 0.0  
    0.0 0.0 0.0 0.0 0.0 0.0 0.0 0.0 0.0 0.0 0.0 0.0 0.0 0.0 0.0 0.0 0.0  
    0.0 0.0 0.0 0.0 0.0 0.0 0.0 0.0 0.0 0.0 0.0 0.0 0.0 0.0 0.0 0.0 0.0  
    0.0 
  SI_NB = 0.0 0.0 0.0 0.0 0.0 0.0 0.0 0.0 0.0 0.0 0.0 0.0 0.0 0.0 0.0  
    0.0 0.0 0.0 0.0 0.0 0.0 0.0 0.0 0.0 0.0 0.0 0.0 0.0 0.0 0.0 0.0 0.0  
    0.0 0.0 0.0 0.0 0.0 0.0 0.0 0.0 0.0 0.0 0.0 0.0 0.0 0.0 0.0 0.0 0.0  
    0.0 0.0 0.0 0.0 0.0 0.0 0.0 0.0 0.0 0.0 0.0 0.0 0.0 0.0 0.0 0.0 0.0  
    0.0 0.0 0.0 0.0 0.0 0.0 0.0 0.0 0.0 0.0 0.0 0.0 0.0 0.0 0.0 0.0 0.0  
    0.0 0.0 0.0 0.0 0.0 0.0 0.0 0.0 0.0 0.0 0.0 0.0 0.0 0.0 0.0 0.0 0.0  
    0.0 
  PI_NB = 0.17945 0.17943 0.17934 0.17882 0.17803 0.17693 0.17553  
    0.17385 0.17193 0.16974 0.16728 0.16459 0.16171 0.15863 0.15535  
    0.15189 0.14827 0.14452 0.14067 0.13671 0.13265 0.12853 0.12434  
    0.12013 0.11591 0.11169 0.10749 0.10329 0.099143 0.095061 0.091043  
    0.087093 0.083228 0.079458 0.075788 0.072222 0.068766 0.065427  
    0.062202 0.059093 0.056108 0.05325 0.050509 0.04788 0.045368  
    0.042972 0.040687 0.038513 0.036444 0.034476 0.032607 0.030828  
    0.029137 0.027535 0.026016 0.024573 0.023201 0.021899 0.020665  
    0.019493 0.018382 0.017327 0.016327 0.015378 0.014478 0.013624  
    0.012814 0.012045 0.011318 0.010633 0.0099817 0.0093652 0.0087805  
    0.0082259 0.0076993 0.0071987 0.0067221 0.006268 0.005835 0.0054217  
    0.005027 0.0046501 0.0042902 0.0039462 0.0036173 0.0033028  
    0.0030022 0.0027154 0.0024416 0.0021813 0.0019347 0.0017025  
    0.0014839 0.0012777 0.0010832 0.000901 0.0007349 0.0005919  
    0.0004717 0.000353 0.0002299 
  PI_EC = 0.0 0.0 0.0 0.0 0.0 0.0 0.0 0.0 0.0 0.0 0.0 0.0 0.0 0.0 0.0  
    0.0 0.0 0.0 0.0 0.0 0.0 0.0 0.0 0.0 0.0 0.0 0.0 0.0 0.0 0.0 0.0 0.0  
    0.0 0.0 0.0 0.0 0.0 0.0 0.0 0.0 0.0 0.0 0.0 0.0 0.0 0.0 0.0 0.0 0.0  
    0.0 0.0 0.0 0.0 0.0 0.0 0.0 0.0 0.0 0.0 0.0 0.0 0.0 0.0 0.0 0.0 0.0  
    0.0 0.0 0.0 0.0 0.0 0.0 0.0 0.0 0.0 0.0 0.0 0.0 0.0 0.0 0.0 0.0 0.0  
    0.0 0.0 0.0 0.0 0.0 0.0 0.0 0.0 0.0 0.0 0.0 0.0 0.0 0.0 0.0 0.0 0.0  
    0.0 
  PI_IC = 0.0 0.0 0.0 0.0 0.0 0.0 0.0 0.0 0.0 0.0 0.0 0.0 0.0 0.0 0.0  
    0.0 0.0 0.0 0.0 0.0 0.0 0.0 0.0 0.0 0.0 0.0 0.0 0.0 0.0 0.0 0.0 0.0  
    0.0 0.0 0.0 0.0 0.0 0.0 0.0 0.0 0.0 0.0 0.0 0.0 0.0 0.0 0.0 0.0 0.0  
    0.0 0.0 0.0 0.0 0.0 0.0 0.0 0.0 0.0 0.0 0.0 0.0 0.0 0.0 0.0 0.0 0.0  
    0.0 0.0 0.0 0.0 0.0 0.0 0.0 0.0 0.0 0.0 0.0 0.0 0.0 0.0 0.0 0.0 0.0  
    0.0 0.0 0.0 0.0 0.0 0.0 0.0 0.0 0.0 0.0 0.0 0.0 0.0 0.0 0.0 0.0 0.0  
    0.0 
  PI_LH = 0.0 0.0 0.0 0.0 0.0 0.0 0.0 0.0 0.0 0.0 0.0 0.0 0.0 0.0 0.0  
    0.0 0.0 0.0 0.0 0.0 0.0 0.0 0.0 0.0 0.0 0.0 0.0 0.0 0.0 0.0 0.0 0.0  
    0.0 0.0 0.0 0.0 0.0 0.0 0.0 0.0 0.0 0.0 0.0 0.0 0.0 0.0 0.0 0.0 0.0  
    0.0 0.0 0.0 0.0 0.0 0.0 0.0 0.0 0.0 0.0 0.0 0.0 0.0 0.0 0.0 0.0 0.0  
    0.0 0.0 0.0 0.0 0.0 0.0 0.0 0.0 0.0 0.0 0.0 0.0 0.0 0.0 0.0 0.0 0.0  
    0.0 0.0 0.0 0.0 0.0 0.0 0.0 0.0 0.0 0.0 0.0 0.0 0.0 0.0 0.0 0.0 0.0  
    0.0 
  PI_HC = 0.0 0.0 0.0 0.0 0.0 0.0 0.0 0.0 0.0 0.0 0.0 0.0 0.0 0.0 0.0  
    0.0 0.0 0.0 0.0 0.0 0.0 0.0 0.0 0.0 0.0 0.0 0.0 0.0 0.0 0.0 0.0 0.0  
    0.0 0.0 0.0 0.0 0.0 0.0 0.0 0.0 0.0 0.0 0.0 0.0 0.0 0.0 0.0 0.0 0.0  
    0.0 0.0 0.0 0.0 0.0 0.0 0.0 0.0 0.0 0.0 0.0 0.0 0.0 0.0 0.0 0.0 0.0  
    0.0 0.0 0.0 0.0 0.0 0.0 0.0 0.0 0.0 0.0 0.0 0.0 0.0 0.0 0.0 0.0 0.0  
    0.0 0.0 0.0 0.0 0.0 0.0 0.0 0.0 0.0 0.0 0.0 0.0 0.0 0.0 0.0 0.0 0.0  
    0.0 
  PI_CX = -0.013662 -0.013598 -0.013553 -0.013488 -0.013396 -0.013275  
    -0.013128 -0.012958 -0.012765 -0.01255 -0.012315 -0.012062  
    -0.011791 -0.011506 -0.011207 -0.010897 -0.010576 -0.010248  
    -0.0099136 -0.0095748 -0.0092332 -0.0088904 -0.0085479 -0.0082073  
    -0.0078699 -0.0075369 -0.0072096 -0.0068887 -0.0065756 -0.0062707  
    -0.0059751 -0.0056887 -0.0054125 -0.0051466 -0.0048915 -0.0046471  
    -0.0044136 -0.004191 -0.0039791 -0.0037777 -0.0035868 -0.0034061  
    -0.0032351 -0.0030734 -0.0029206 -0.0027762 -0.0026403 -0.0025122  
    -0.0023921 -0.0022786 -0.0021727 -0.0020731 -0.0019806 -0.0018954  
    -0.0018173 -0.0017463 -0.0016822 -0.001626 -0.0015786 -0.0015402  
    -0.0015107 -0.0014897 -0.0014767 -0.0014714 -0.0014741 -0.001485  
    -0.0015044 -0.0015324 -0.001569 -0.0016148 -0.0016706 -0.0017376  
    -0.0018169 -0.0019098 -0.0020175 -0.0021416 -0.0022839 -0.002447  
    -0.0026338 -0.0028474 -0.0030921 -0.0033726 -0.0036961 -0.0040731  
    -0.0045157 -0.005039 -0.0056611 -0.0064027 -0.0072841 -0.0083294  
    -0.0095674 -0.011034 -0.012804 -0.015034 -0.017944 -0.021839  
    -0.027002 -0.033501 -0.041816 -0.057802 -0.096471 
  PI_FUS = 0.0 0.0 0.0 0.0 0.0 0.0 0.0 0.0 0.0 0.0 0.0 0.0 0.0 0.0 0.0  
    0.0 0.0 0.0 0.0 0.0 0.0 0.0 0.0 0.0 0.0 0.0 0.0 0.0 0.0 0.0 0.0 0.0  
    0.0 0.0 0.0 0.0 0.0 0.0 0.0 0.0 0.0 0.0 0.0 0.0 0.0 0.0 0.0 0.0 0.0  
    0.0 0.0 0.0 0.0 0.0 0.0 0.0 0.0 0.0 0.0 0.0 0.0 0.0 0.0 0.0 0.0 0.0  
    0.0 0.0 0.0 0.0 0.0 0.0 0.0 0.0 0.0 0.0 0.0 0.0 0.0 0.0 0.0 0.0 0.0  
    0.0 0.0 0.0 0.0 0.0 0.0 0.0 0.0 0.0 0.0 0.0 0.0 0.0 0.0 0.0 0.0 0.0  
    0.0 
  PE_FUS = 0.0 0.0 0.0 0.0 0.0 0.0 0.0 0.0 0.0 0.0 0.0 0.0 0.0 0.0 0.0  
    0.0 0.0 0.0 0.0 0.0 0.0 0.0 0.0 0.0 0.0 0.0 0.0 0.0 0.0 0.0 0.0 0.0  
    0.0 0.0 0.0 0.0 0.0 0.0 0.0 0.0 0.0 0.0 0.0 0.0 0.0 0.0 0.0 0.0 0.0  
    0.0 0.0 0.0 0.0 0.0 0.0 0.0 0.0 0.0 0.0 0.0 0.0 0.0 0.0 0.0 0.0 0.0  
    0.0 0.0 0.0 0.0 0.0 0.0 0.0 0.0 0.0 0.0 0.0 0.0 0.0 0.0 0.0 0.0 0.0  
    0.0 0.0 0.0 0.0 0.0 0.0 0.0 0.0 0.0 0.0 0.0 0.0 0.0 0.0 0.0 0.0 0.0  
    0.0 
  P_RAD = -0.15407 -0.15282 -0.15158 -0.15033 -0.14908 -0.14721 -0.145  
    -0.14243 -0.13973 -0.13654 -0.13312 -0.1294 -0.12542 -0.12118  
    -0.11674 -0.11205 -0.10717 -0.10209 -0.096837 -0.091408 -0.085839  
    -0.080126 -0.074287 -0.068329 -0.062268 -0.056115 -0.049881  
    -0.043582 -0.037225 -0.030822 -0.024387 -0.017929 -0.01146  
    -0.0049928 -0.0014627 -0.0078945 -0.014291 -0.020642 -0.026934  
    -0.033156 -0.039297 -0.045343 -0.051287 -0.057112 -0.062808  
    -0.068361 -0.073761 -0.078993 -0.084045 -0.088904 -0.093554  
    -0.097986 -0.10218 -0.10613 -0.10981 -0.11322 -0.11633 -0.11913  
    -0.12161 -0.12374 -0.12552 -0.12692 -0.12792 -0.12851 -0.12868  
    -0.12839 -0.12762 -0.12637 -0.1246 -0.1223 -0.11945 -0.11601  
    -0.11196 -0.10729 -0.10196 -0.095951 -0.089235 -0.081779 -0.073556  
    -0.064538 -0.054691 -0.043985 -0.032386 -0.019859 -0.0063695  
    -0.0081218 -0.023649 -0.040255 -0.05798 -0.076866 -0.096956  
    -0.11811 -0.13942 -0.15981 -0.17819 -0.19348 -0.20455 -0.21034  
    -0.20962 -0.20154 -0.18488 
  P_OHM = 0.030104 0.030583 0.031237 0.032016 0.032837 0.033787  
    0.035026 0.036575 0.038242 0.039878 0.041542 0.043314 0.045186  
    0.047158 0.049233 0.051389 0.053623 0.055933 0.058304 0.060724  
    0.063176 0.065644 0.068126 0.07061 0.073062 0.075476 0.077833  
    0.080104 0.082272 0.084323 0.086236 0.087991 0.089573 0.090975  
    0.092191 0.093212 0.094027 0.09464 0.095058 0.095287 0.095337  
    0.095211 0.094922 0.094483 0.09389 0.093136 0.092236 0.09119  
    0.089992 0.088637 0.087131 0.085476 0.083662 0.081704 0.079607  
    0.077368 0.074998 0.072516 0.069935 0.067273 0.064549 0.061783  
    0.059002 0.056222 0.053469 0.050767 0.048138 0.045597 0.043161  
    0.040844 0.038654 0.036599 0.034674 0.032873 0.031191 0.029617  
    0.028145 0.026765 0.025474 0.024264 0.023136 0.022086 0.021111  
    0.020205 0.019367 0.018591 0.017873 0.017202 0.016568 0.01596  
    0.015366 0.01477 0.014158 0.013504 0.012778 0.011944 0.010958  
    0.0097729 0.0083064 0.0063891 0.0060886 
  TORQUE_NB = 0.16155 0.16156 0.16219 0.16243 0.16207 0.16138 0.15967  
    0.15787 0.1568 0.15534 0.15284 0.15033 0.14827 0.14602 0.14355  
    0.14076 0.13752 0.13448 0.13178 0.1288 0.12556 0.12205 0.11836  
    0.11488 0.11149 0.10812 0.10475 0.10096 0.097165 0.093969 0.090794  
    0.087325 0.083948 0.080789 0.077684 0.0746 0.07162 0.068779 0.06595  
    0.063051 0.060395 0.058123 0.055828 0.053385 0.051059 0.048879  
    0.046804 0.044888 0.043055 0.041341 0.039702 0.038037 0.036422  
    0.034966 0.03365 0.032363 0.031014 0.029724 0.028509 0.027351  
    0.026242 0.025181 0.024162 0.02319 0.022257 0.021356 0.020453  
    0.019576 0.018728 0.017976 0.017242 0.016525 0.015776 0.015045  
    0.014333 0.013639 0.012965 0.012309 0.011673 0.011061 0.010468  
    0.0098926 0.0093385 0.0088074 0.0082942 0.0077989 0.0073217  
    0.0068617 0.0064221 0.0060043 0.0056106 0.005243 0.0049031  
    0.0045898 0.0043042 0.0040517 0.0038518 0.0037459 0.0037726  
    0.0038909 0.0041367 
  TORQUE_IN = 0.0 0.0 0.0 0.0 0.0 0.0 0.0 0.0 0.0 0.0 0.0 0.0 0.0 0.0  
    0.0 0.0 0.0 0.0 0.0 0.0 0.0 0.0 0.0 0.0 0.0 0.0 0.0 0.0 0.0 0.0 0.0  
    0.0 0.0 0.0 0.0 0.0 0.0 0.0 0.0 0.0 0.0 0.0 0.0 0.0 0.0 0.0 0.0 0.0  
    0.0 0.0 0.0 0.0 0.0 0.0 0.0 0.0 0.0 0.0 0.0 0.0 0.0 0.0 0.0 0.0 0.0  
    0.0 0.0 0.0 0.0 0.0 0.0 0.0 0.0 0.0 0.0 0.0 0.0 0.0 0.0 0.0 0.0 0.0  
    0.0 0.0 0.0 0.0 0.0 0.0 0.0 0.0 0.0 0.0 0.0 0.0 0.0 0.0 0.0 0.0 0.0  
    0.0 0.0 
  SE_IONIZATION = 0.0 0.0 0.0 0.0 0.0 0.0 0.0 0.0 0.0 0.0 0.0 0.0 0.0  
    0.0 0.0 0.0 0.0 0.0 0.0 0.0 0.0 0.0 0.0 0.0 0.0 0.0 0.0 0.0 0.0 0.0  
    0.0 0.0 0.0 0.0 0.0 0.0 0.0 0.0 0.0 0.0 0.0 0.0 0.0 0.0 0.0 0.0 0.0  
    0.0 0.0 0.0 0.0 0.0 0.0 0.0 0.0 0.0 0.0 0.0 0.0 0.0 0.0 0.0 0.0 0.0  
    0.0 0.0 0.0 0.0 0.0 0.0 0.0 0.0 0.0 0.0 0.0 0.0 0.0 0.0 0.0 0.0 0.0  
    0.0 0.0 0.0 0.0 0.0 0.0 0.0 0.0 0.0 0.0 0.0 0.0 0.0 0.0 0.0 0.0 0.0  
    0.0 0.0 0.0 
  SI_IONIZATION = 0.0 0.0 0.0 0.0 0.0 0.0 0.0 0.0 0.0 0.0 0.0 0.0 0.0  
    0.0 0.0 0.0 0.0 0.0 0.0 0.0 0.0 0.0 0.0 0.0 0.0 0.0 0.0 0.0 0.0 0.0  
    0.0 0.0 0.0 0.0 0.0 0.0 0.0 0.0 0.0 0.0 0.0 0.0 0.0 0.0 0.0 0.0 0.0  
    0.0 0.0 0.0 0.0 0.0 0.0 0.0 0.0 0.0 0.0 0.0 0.0 0.0 0.0 0.0 0.0 0.0  
    0.0 0.0 0.0 0.0 0.0 0.0 0.0 0.0 0.0 0.0 0.0 0.0 0.0 0.0 0.0 0.0 0.0  
    0.0 0.0 0.0 0.0 0.0 0.0 0.0 0.0 0.0 0.0 0.0 0.0 0.0 0.0 0.0 0.0 0.0  
    0.0 0.0 0.0 
  PE_IONIZATION = 0.0 0.0 0.0 0.0 0.0 0.0 0.0 0.0 0.0 0.0 0.0 0.0 0.0  
    0.0 0.0 0.0 0.0 0.0 0.0 0.0 0.0 0.0 0.0 0.0 0.0 0.0 0.0 0.0 0.0 0.0  
    0.0 0.0 0.0 0.0 0.0 0.0 0.0 0.0 0.0 0.0 0.0 0.0 0.0 0.0 0.0 0.0 0.0  
    0.0 0.0 0.0 0.0 0.0 0.0 0.0 0.0 0.0 0.0 0.0 0.0 0.0 0.0 0.0 0.0 0.0  
    0.0 0.0 0.0 0.0 0.0 0.0 0.0 0.0 0.0 0.0 0.0 0.0 0.0 0.0 0.0 0.0 0.0  
    0.0 0.0 0.0 0.0 0.0 0.0 0.0 0.0 0.0 0.0 0.0 0.0 0.0 0.0 0.0 0.0 0.0  
    0.0 0.0 0.0 
  PI_IONIZATION = 0.0 0.0 0.0 0.0 0.0 0.0 0.0 0.0 0.0 0.0 0.0 0.0 0.0  
    0.0 0.0 0.0 0.0 0.0 0.0 0.0 0.0 0.0 0.0 0.0 0.0 0.0 0.0 0.0 0.0 0.0  
    0.0 0.0 0.0 0.0 0.0 0.0 0.0 0.0 0.0 0.0 0.0 0.0 0.0 0.0 0.0 0.0 0.0  
    0.0 0.0 0.0 0.0 0.0 0.0 0.0 0.0 0.0 0.0 0.0 0.0 0.0 0.0 0.0 0.0 0.0  
    0.0 0.0 0.0 0.0 0.0 0.0 0.0 0.0 0.0 0.0 0.0 0.0 0.0 0.0 0.0 0.0 0.0  
    0.0 0.0 0.0 0.0 0.0 0.0 0.0 0.0 0.0 0.0 0.0 0.0 0.0 0.0 0.0 0.0 0.0  
    0.0 0.0 0.0 
  WBEAM = 0.0 0.0 0.0 0.0 0.0 0.0 0.0 0.0 0.0 0.0 0.0 0.0 0.0 0.0 0.0  
    0.0 0.0 0.0 0.0 0.0 0.0 0.0 0.0 0.0 0.0 0.0 0.0 0.0 0.0 0.0 0.0 0.0  
    0.0 0.0 0.0 0.0 0.0 0.0 0.0 0.0 0.0 0.0 0.0 0.0 0.0 0.0 0.0 0.0 0.0  
    0.0 0.0 0.0 0.0 0.0 0.0 0.0 0.0 0.0 0.0 0.0 0.0 0.0 0.0 0.0 0.0 0.0  
    0.0 0.0 0.0 0.0 0.0 0.0 0.0 0.0 0.0 0.0 0.0 0.0 0.0 0.0 0.0 0.0 0.0  
    0.0 0.0 0.0 0.0 0.0 0.0 0.0 0.0 0.0 0.0 0.0 0.0 0.0 0.0 0.0 0.0 0.0  
    0.0 
  WALPHA = 0.0 0.0 0.0 0.0 0.0 0.0 0.0 0.0 0.0 0.0 0.0 0.0 0.0 0.0 0.0  
    0.0 0.0 0.0 0.0 0.0 0.0 0.0 0.0 0.0 0.0 0.0 0.0 0.0 0.0 0.0 0.0 0.0  
    0.0 0.0 0.0 0.0 0.0 0.0 0.0 0.0 0.0 0.0 0.0 0.0 0.0 0.0 0.0 0.0 0.0  
    0.0 0.0 0.0 0.0 0.0 0.0 0.0 0.0 0.0 0.0 0.0 0.0 0.0 0.0 0.0 0.0 0.0  
    0.0 0.0 0.0 0.0 0.0 0.0 0.0 0.0 0.0 0.0 0.0 0.0 0.0 0.0 0.0 0.0 0.0  
    0.0 0.0 0.0 0.0 0.0 0.0 0.0 0.0 0.0 0.0 0.0 0.0 0.0 0.0 0.0 0.0 0.0  
    0.0 
  DENSITY_BEAM = 0.16826 0.16825 0.16814 0.16764 0.16696 0.16601  
    0.16488 0.16348 0.16179 0.15989 0.15782 0.15554 0.15303 0.15035  
    0.14751 0.14452 0.14143 0.13819 0.13482 0.13138 0.12786 0.1243  
    0.12071 0.11706 0.1134 0.10973 0.10607 0.10245 0.098869 0.095298  
    0.091781 0.088346 0.084979 0.08168 0.078463 0.075333 0.072291  
    0.069336 0.066477 0.063719 0.061048 0.058459 0.055969 0.053581  
    0.051283 0.049072 0.046947 0.044906 0.042947 0.041065 0.039261  
    0.037532 0.035873 0.034279 0.032747 0.031276 0.029865 0.028508  
    0.027202 0.025945 0.024735 0.02357 0.022448 0.021369 0.020332  
    0.019335 0.018378 0.01746 0.01658 0.015737 0.014931 0.01416  
    0.013425 0.01272 0.012042 0.011391 0.010763 0.010156 0.0095695  
    0.0090007 0.0084489 0.0079131 0.0073923 0.0068857 0.0063927  
    0.0059127 0.0054456 0.0049913 0.0045501 0.0041226 0.0037094  
    0.0033114 0.0029283 0.0025578 0.0021988 0.001852 0.001524 0.0012252  
    0.0009554 0.0006829 0.0004021 
  DENSITY_ALPHA = 0.0 0.0 0.0 0.0 0.0 0.0 0.0 0.0 0.0 0.0 0.0 0.0 0.0  
    0.0 0.0 0.0 0.0 0.0 0.0 0.0 0.0 0.0 0.0 0.0 0.0 0.0 0.0 0.0 0.0 0.0  
    0.0 0.0 0.0 0.0 0.0 0.0 0.0 0.0 0.0 0.0 0.0 0.0 0.0 0.0 0.0 0.0 0.0  
    0.0 0.0 0.0 0.0 0.0 0.0 0.0 0.0 0.0 0.0 0.0 0.0 0.0 0.0 0.0 0.0 0.0  
    0.0 0.0 0.0 0.0 0.0 0.0 0.0 0.0 0.0 0.0 0.0 0.0 0.0 0.0 0.0 0.0 0.0  
    0.0 0.0 0.0 0.0 0.0 0.0 0.0 0.0 0.0 0.0 0.0 0.0 0.0 0.0 0.0 0.0 0.0  
    0.0 0.0 0.0 
  CHIE = -0.35025 -0.34828 -0.34755 -0.34705 -0.34655 -0.34518 -0.34272  
    -0.33909 -0.33458 -0.32914 -0.32281 -0.31556 -0.30736 -0.2982  
    -0.28801 -0.27678 -0.26446 -0.25101 -0.23642 -0.22063 -0.20361  
    -0.18531 -0.16569 -0.14469 -0.12226 -0.098356 -0.072915 -0.045868  
    -0.01715 0.013305 0.045579 0.079759 0.11594 0.15423 0.19474 0.23761  
    0.28296 0.33094 0.38173 0.43552 0.49252 0.55294 0.61704 0.68511  
    0.75744 0.83438 0.91626 1.0035 1.0965 1.1958 1.3019 1.4152 1.5366  
    1.6666 1.8061 1.956 2.1172 2.2909 2.4783 2.681 2.9008 3.1397 3.4004  
    3.6858 3.9997 4.3464 4.7315 5.1618 5.6458 6.1946 6.8145 7.4754  
    8.1582 8.8506 9.5372 10.199 10.817 11.369 11.836 12.201 12.451  
    12.579 12.585 12.474 12.257 11.946 11.558 11.108 10.612 10.085  
    9.5379 8.9824 8.4287 7.8871 7.3679 6.9069 6.5747 6.3798 6.3204  
    6.7272 0.0 
  CHII = 0.64262 0.65107 0.66014 0.66901 0.67781 0.68659 0.69535  
    0.70407 0.71267 0.72123 0.72975 0.73823 0.7467 0.75516 0.76364  
    0.77217 0.7808 0.78948 0.79827 0.80723 0.81638 0.82576 0.83543  
    0.84541 0.85576 0.86653 0.87779 0.88961 0.90203 0.91513 0.92901  
    0.94374 0.95941 0.97614 0.99396 1.013 1.0334 1.0552 1.0786 1.1037  
    1.1306 1.1596 1.1908 1.2244 1.2607 1.2999 1.3424 1.3885 1.4386  
    1.4932 1.5528 1.618 1.6897 1.7686 1.8559 1.9528 2.0609 2.1821  
    2.3187 2.4676 2.6242 2.7878 2.9579 3.134 3.315 3.4998 3.6868 3.8743  
    4.0601 4.2419 4.4171 4.5831 4.7369 4.8759 4.9973 5.0989 5.1787  
    5.2351 5.267 5.273 5.2524 5.2051 5.1312 5.0316 4.9076 4.7606 4.5931  
    4.408 4.2085 3.9972 3.7794 3.5727 3.3778 3.1877 2.9938 2.7824  
    2.5375 2.2359 1.8329 1.2806 0.0 
  NBDRY = 85 
  RBDRY = 1.1237 1.1484 1.1603 1.1668 1.1812 1.2493 1.2752 1.373 1.4711  
    1.4912 1.5312 1.6459 1.8304 1.8753 1.9041 1.9456 1.9976 2.0336  
    2.0563 2.0877 2.1252 2.1338 2.1502 2.1795 2.1988 2.2048 2.2105  
    2.2157 2.2208 2.2295 2.2461 2.2387 2.2113 2.1987 2.1919 2.1846  
    2.1525 2.1345 2.1152 2.105 1.9483 1.9208 1.9068 1.8494 1.7596  
    1.6494 1.6331 1.5331 1.516 1.464 1.3932 1.3434 1.3362 1.3035 1.2961  
    1.2848 1.2734 1.2696 1.2619 1.2566 1.2515 1.2498 1.2481 1.232  
    1.1803 1.1685 1.1575 1.1381 1.0974 1.0872 1.0751 1.0732 1.0722  
    1.0713 1.0704 1.0669 1.07 1.0712 1.0726 1.0843 1.0924 1.0954 1.0986  
    1.1053 1.1237 
  ZBDRY = -0.58957 -0.68601 -0.72392 -0.74263 -0.77962 -0.89967  
    -0.92948 -0.99552 -1.013 -1.0123 -1.0073 -0.96935 -0.84791 -0.80775  
    -0.77977 -0.73615 -0.67488 -0.62659 -0.59342 -0.54206 -0.47113  
    -0.45303 -0.41643 -0.34185 -0.28497 -0.26587 -0.24668 -0.22736  
    -0.208 -0.16896 -0.030158 0.089357 0.20593 0.24385 0.26258 0.28118  
    0.35425 0.38989 0.4248 0.44189 0.64773 0.67662 0.69078 0.74618  
    0.82528 0.91058 0.92209 0.98726 0.99744 1.0269 1.0631 1.0864 1.0896  
    1.1037 1.1068 1.1115 1.1163 1.1179 1.1035 1.0919 1.0803 1.0764  
    1.0726 1.0346 0.89084 0.85237 0.8137 0.73577 0.49851 0.39879  
    0.19899 0.15904 0.13906 0.11908 0.099094 -0.0008564 -0.20068  
    -0.22062 -0.24055 -0.35978 -0.41913 -0.43886 -0.45856 -0.49791  
    -0.58957 
  NLIM = 5 
  RLIM = 2.3461000000000003 0.9669 0.9669 2.3461000000000003  
    2.3461000000000003 
  ZLIM = 1.2179 1.2179 -1.113 -1.113 1.2179 
  SHOT_ID = '150152' 
  TIME_ID = '20060' 
  J_RF = 0.0 0.0 0.0 0.0 0.0 0.0 0.0 0.0 0.0 0.0 0.0 0.0 0.0 0.0 0.0  
    0.0 0.0 0.0 0.0 0.0 0.0 0.0 0.0 0.0 0.0 0.0 0.0 0.0 0.0 0.0 0.0 0.0  
    0.0 0.0 0.0 0.0 0.0 0.0 0.0 0.0 0.0 0.0 0.0 0.0 0.0 0.0 0.0 0.0 0.0  
    0.0 0.0 0.0 0.0 0.0 0.0 0.0 0.0 0.0 0.0 0.0 0.0 0.0 0.0 0.0 0.0 0.0  
    0.0 0.0 0.0 0.0 0.0 0.0 0.0 0.0 0.0 0.0 0.0 0.0 0.0 0.0 0.0 0.0 0.0  
    0.0 0.0 0.0 0.0 0.0 0.0 0.0 0.0 0.0 0.0 0.0 0.0 0.0 0.0 0.0 0.0 0.0  
    0.0 
  PE_RF = 0.0 0.0 0.0 0.0 0.0 0.0 0.0 0.0 0.0 0.0 0.0 0.0 0.0 0.0 0.0  
    0.0 0.0 0.0 0.0 0.0 0.0 0.0 0.0 0.0 0.0 0.0 0.0 0.0 0.0 0.0 0.0 0.0  
    0.0 0.0 0.0 0.0 0.0 0.0 0.0 0.0 0.0 0.0 0.0 0.0 0.0 0.0 0.0 0.0 0.0  
    0.0 0.0 0.0 0.0 0.0 0.0 0.0 0.0 0.0 0.0 0.0 0.0 0.0 0.0 0.0 0.0 0.0  
    0.0 0.0 0.0 0.0 0.0 0.0 0.0 0.0 0.0 0.0 0.0 0.0 0.0 0.0 0.0 0.0 0.0  
    0.0 0.0 0.0 0.0 0.0 0.0 0.0 0.0 0.0 0.0 0.0 0.0 0.0 0.0 0.0 0.0 0.0  
    0.0 
  PI_RF = 0.0 0.0 0.0 0.0 0.0 0.0 0.0 0.0 0.0 0.0 0.0 0.0 0.0 0.0 0.0  
    0.0 0.0 0.0 0.0 0.0 0.0 0.0 0.0 0.0 0.0 0.0 0.0 0.0 0.0 0.0 0.0 0.0  
    0.0 0.0 0.0 0.0 0.0 0.0 0.0 0.0 0.0 0.0 0.0 0.0 0.0 0.0 0.0 0.0 0.0  
    0.0 0.0 0.0 0.0 0.0 0.0 0.0 0.0 0.0 0.0 0.0 0.0 0.0 0.0 0.0 0.0 0.0  
    0.0 0.0 0.0 0.0 0.0 0.0 0.0 0.0 0.0 0.0 0.0 0.0 0.0 0.0 0.0 0.0 0.0  
    0.0 0.0 0.0 0.0 0.0 0.0 0.0 0.0 0.0 0.0 0.0 0.0 0.0 0.0 0.0 0.0 0.0  
    0.0 
/

