&INSTATE
  TOKAMAK_ID = 'd3d' 
  MODEL_SHAPE = 0 
  DENSITY_MODEL = 0 
  R0 = 1.6955 
  B0 = 1.9144427 
  IP = 0.9941103 
  KAPPA = 1.7746969 
  DELTA = 0.649391 
  ASPECT = 0.3569103 
  RMAJOR = 1.6955 
  AMINOR = 0.6051414 
  N_ION = 1 
  Z_ION = 1 
  A_ION = 2 
  F_ION = 1 
  N_IMP = 1 
  Z_IMP = 6 
  A_IMP = 12 
  F_IMP = 1 
  N_MIN = 0 
  Z_MIN = 1 
  A_MIN = 1 
  N_BEAM = 1 
  Z_BEAM = 1 
  A_BEAM = 2 
  N_FUSION = 1 
  Z_FUSION = 2 
  A_FUSION = 4 
  RHO = 0.0 0.01 0.02 0.03 0.04 0.05 0.06 0.07 0.08 0.09 0.1 0.11 0.12  
    0.13 0.14 0.15 0.16 0.17 0.18 0.19 0.2 0.21 0.22 0.23 0.24 0.25  
    0.26 0.27 0.28 0.29 0.3 0.31 0.32 0.33 0.34 0.35 0.36 0.37 0.38  
    0.39 0.4 0.41 0.42 0.43 0.44 0.45 0.46 0.47 0.48 0.49 0.5 0.51 0.52  
    0.53 0.54 0.55 0.56 0.57 0.58 0.59 0.6 0.61 0.62 0.63 0.64 0.65  
    0.66 0.67 0.68 0.69 0.7 0.71 0.72 0.73 0.74 0.75 0.76 0.77 0.78  
    0.79 0.8 0.81 0.82 0.83 0.84 0.85 0.86 0.87 0.88 0.89 0.9 0.91 0.92  
    0.93 0.94 0.95 0.96 0.97 0.98 0.99 1.0 
  NRHO = 101 
  PSIPOL = -0.3745739 -0.374517 -0.3743452 -0.3740573 -0.3736534  
    -0.3731353 -0.3725043 -0.3717599 -0.3709009 -0.3699261 -0.368835  
    -0.3676267 -0.3663 -0.3648544 -0.3632906 -0.3616082 -0.3598075  
    -0.3578886 -0.3558521 -0.3536993 -0.3514318 -0.3490515 -0.3465606  
    -0.3439617 -0.3412579 -0.3384527 -0.33555 -0.332554 -0.3294694  
    -0.3263011 -0.3230544 -0.3197345 -0.3163472 -0.312898 -0.3093928  
    -0.3058373 -0.302237 -0.2985975 -0.2949241 -0.2912219 -0.2874956  
    -0.2837497 -0.2799884 -0.2762157 -0.272435 -0.2686499 -0.2648635  
    -0.2610787 -0.2572982 -0.2535248 -0.2497607 -0.2460083 -0.2422698  
    -0.2385471 -0.2348421 -0.2311567 -0.2274925 -0.2238511 -0.220234  
    -0.2166425 -0.2130779 -0.2095414 -0.2060342 -0.2025571 -0.1991113  
    -0.1956975 -0.1923166 -0.1889693 -0.1856565 -0.1823787 -0.1791365  
    -0.1759307 -0.1727617 -0.1696303 -0.1665368 -0.1634819 -0.1604662  
    -0.1574902 -0.1545547 -0.1516601 -0.1488073 -0.1459969 -0.1432297  
    -0.1405067 -0.1378288 -0.135197 -0.1326126 -0.1300769 -0.1275914  
    -0.125158 -0.1227786 -0.1204557 -0.1181923 -0.1159918 -0.1138586  
    -0.1117983 -0.1098181 -0.1079247 -0.1061551 -0.1045248 -0.1034105 
  RHOPSI = 0.0 0.1 0.1414214 0.1732051 0.2 0.2236068 0.244949 0.2645751  
    0.2828427 0.3 0.3162278 0.3316625 0.3464102 0.3605551 0.3741657  
    0.3872983 0.4 0.4123106 0.4242641 0.4358899 0.4472136 0.4582576  
    0.4690416 0.4795832 0.4898979 0.5 0.509902 0.5196152 0.5291503  
    0.5385165 0.5477226 0.5567764 0.5656854 0.5744563 0.5830952  
    0.591608 0.6 0.6082763 0.6164414 0.6244998 0.6324555 0.6403124  
    0.6480741 0.6557439 0.663325 0.6708204 0.678233 0.6855655 0.6928203  
    0.7 0.7071068 0.7141428 0.7211103 0.728011 0.7348469 0.7416198  
    0.7483315 0.7549834 0.7615773 0.7681146 0.7745967 0.781025  
    0.7874008 0.7937254 0.8 0.8062258 0.8124038 0.8185353 0.8246211  
    0.8306624 0.83666 0.842615 0.8485281 0.8544004 0.8602325 0.8660254  
    0.8717798 0.8774964 0.8831761 0.8888194 0.8944272 0.9 0.9055385  
    0.9110434 0.9165151 0.9219544 0.9273618 0.9327379 0.9380832  
    0.9433981 0.9486833 0.9539392 0.9591663 0.9643651 0.969536  
    0.9746794 0.9797959 0.9848858 0.9899495 0.9949874 1.0 
  Q = -1.0703957 -1.0676778 -1.0595242 -1.0536443 -1.0541043 -1.0581872  
    -1.0615896 -1.0623451 -1.061392 -1.0598039 -1.0580108 -1.0558693  
    -1.0526743 -1.0507965 -1.0490364 -1.0474892 -1.046314 -1.0452171  
    -1.0449395 -1.0453493 -1.0464675 -1.0483569 -1.0510724 -1.0547078  
    -1.0593249 -1.0649819 -1.071743 -1.0796549 -1.0887743 -1.0991423  
    -1.110789 -1.123757 -1.138076 -1.1537564 -1.1708132 -1.1892545  
    -1.2090722 -1.230252 -1.2527803 -1.2766205 -1.3017326 -1.328089  
    -1.3556519 -1.3843958 -1.4143046 -1.4453611 -1.4775551 -1.5108918  
    -1.5453736 -1.5810124 -1.6178191 -1.6558071 -1.6950009 -1.7354237  
    -1.7771015 -1.8200621 -1.8643303 -1.9099374 -1.9569088 -2.0052782  
    -2.0550772 -2.1063376 -2.1590988 -2.2133969 -2.2692742 -2.3267762  
    -2.3859493 -2.4468499 -2.5095322 -2.5740653 -2.6405248 -2.7089924  
    -2.7795662 -2.8523445 -2.9274452 -3.005004 -3.0851761 -3.1681314  
    -3.2540676 -3.3432132 -3.4358232 -3.532196 -3.6326782 -3.7376738  
    -3.847671 -3.9632329 -4.0850303 -4.2138784 -4.3507711 -4.4970071  
    -4.6542636 -4.824632 -5.0109722 -5.2170041 -5.4480992 -5.7131405  
    -6.0247801 -6.38053 -7.0511964 -7.6680183 -18.473939 
  NE = 3.9244552 3.9240444 3.9228191 3.9207899 3.9179667 3.9143617  
    3.9099843 3.9048452 3.8989553 3.8923257 3.8849664 3.8768886  
    3.8681026 3.8586191 3.848449 3.8376026 3.8260902 3.813923 3.801112  
    3.7876671 3.7735996 3.7589193 3.7436374 3.7277644 3.7113118  
    3.6942891 3.6767068 3.6585766 3.6399084 3.6207131 3.6010015  
    3.5807841 3.5600717 3.5388743 3.5172033 3.4950691 3.4724823  
    3.4494534 3.4259931 3.4021124 3.377822 3.3531318 3.3280532  
    3.3025963 3.2767722 3.2505915 3.2240643 3.1972019 3.1700149  
    3.1425136 3.1147086 3.0866108 3.0582308 3.0295793 3.0006669  
    2.9715043 2.942102 2.9124708 2.8826213 2.8525643 2.8223096  
    2.7918692 2.7612515 2.7304621 2.6995051 2.6683851 2.6371073  
    2.6056755 2.5740948 2.5423688 2.5105032 2.4785015 2.446369  
    2.4141096 2.3817283 2.3492293 2.3166173 2.2838967 2.2510721  
    2.218148 2.185129 2.1520196 2.1188242 2.0855474 2.0521937 2.0187676  
    1.9852738 1.9517167 1.9181007 1.8844303 1.8507104 1.8169453  
    1.7831392 1.7492973 1.7154234 1.6815226 1.6475992 1.6136575  
    1.5797024 1.5457382 1.5117696 
  TE = 2.0371664 2.0358229 2.0318713 2.0254307 2.0166194 2.0055563  
    1.9923601 1.9771494 1.9600431 1.9411596 1.9206178 1.8985364  
    1.8750341 1.8502295 1.8242413 1.7971883 1.7691892 1.7403626  
    1.7108274 1.6807021 1.6501054 1.619156 1.5879728 1.5566743  
    1.5253792 1.4942064 1.4632743 1.4327017 1.4025795 1.3729157  
    1.3437041 1.3149387 1.2866127 1.2587197 1.2312538 1.2042082  
    1.1775766 1.1513527 1.1255301 1.1001025 1.0750636 1.0504068  
    1.0261258 1.0022143 0.9786659 0.955474 0.9326327 0.9101353  
    0.8879757 0.8661471 0.8446435 0.8234584 0.8025853 0.7820183  
    0.7617505 0.7417754 0.7220875 0.7026795 0.6835458 0.6646792  
    0.646074 0.6277237 0.6096218 0.5917618 0.5741375 0.5567427  
    0.5395706 0.5226153 0.5058702 0.489329 0.472985 0.4568323 0.4408644  
    0.4250748 0.4094571 0.394005 0.3787123 0.3635724 0.3485791  
    0.3337258 0.3190064 0.3044143 0.2899434 0.275587 0.2613389  
    0.2471928 0.2331422 0.2191808 0.2053022 0.1915 0.177768 0.1640996  
    0.1504885 0.1369284 0.1234129 0.1099357 0.0964902 0.0830703  
    0.0696694 0.0562813 0.0428996 
  TI = 2.6166866 2.6130323 2.602407 2.5853174 2.5622699 2.533771  
    2.5003271 2.462445 2.4206309 2.3753913 2.3272331 2.2766626  
    2.2241859 2.1703102 2.1155415 2.0603865 2.0053518 1.9509436  
    1.8976688 1.8459821 1.7959911 1.7476614 1.7009584 1.6558476  
    1.6122936 1.5702626 1.5297188 1.4906279 1.4529551 1.4166658  
    1.3817244 1.3480972 1.315749 1.2846446 1.2547501 1.22603 1.1984495  
    1.1719744 1.1465697 1.1222002 1.0988317 1.0764289 1.0549572  
    1.0343821 1.0146688 0.9957819 0.9776877 0.9603502 0.9437358  
    0.9278088 0.9125346 0.8978788 0.8838064 0.8702826 0.8572727  
    0.8447418 0.8326553 0.8209783 0.809676 0.7987137 0.7880564  
    0.7776697 0.7675187 0.7575685 0.7477844 0.7381314 0.7285751  
    0.7190806 0.709613 0.7001376 0.6906196 0.6810242 0.6713168  
    0.6614623 0.6514262 0.6411737 0.6306698 0.61988 0.6087694 0.5973032  
    0.5854466 0.5731742 0.560498 0.5474392 0.5340191 0.5202589  
    0.5061798 0.4918033 0.4771504 0.4622424 0.4471007 0.4317463  
    0.4162008 0.4004851 0.3846207 0.3686288 0.3525306 0.3363473  
    0.3201003 0.3038108 0.2875 
  ZEFF = 1.315805 1.3157934 1.3157592 1.3157036 1.3156277 1.3155325  
    1.3154191 1.3152885 1.3151416 1.3149796 1.3148033 1.3146138  
    1.314412 1.3141989 1.3139755 1.3137427 1.3135017 1.3132532  
    1.3129983 1.312738 1.3124733 1.3122053 1.3119349 1.3116633  
    1.3113915 1.3111206 1.3108517 1.310586 1.3103247 1.310069 1.30982  
    1.3095791 1.3093476 1.3091269 1.3089183 1.3087234 1.3085436  
    1.3083804 1.3082355 1.3081105 1.3080071 1.3079273 1.3078726  
    1.3078454 1.3078474 1.3078807 1.3079477 1.3080506 1.3081917  
    1.3083735 1.3085988 1.3088701 1.3091903 1.3095624 1.3099895  
    1.3104748 1.3110217 1.3116339 1.3123149 1.3130688 1.3138997  
    1.3148116 1.3158095 1.3168985 1.3180845 1.3193734 1.3207715  
    1.3222854 1.3239222 1.3256892 1.3275943 1.3296456 1.3318518  
    1.334222 1.3367661 1.3394942 1.3424172 1.3455467 1.3488949  
    1.3524719 1.3562831 1.3603336 1.364629 1.3691751 1.3739782  
    1.3790451 1.384383 1.3899995 1.3959029 1.4021019 1.4016034  
    1.4052404 1.4043347 1.3981229 1.3858084 1.3666472 1.3401413  
    1.3064488 1.267252 1.2275686 1.1991249 
  P_EQ = 32900.4252622 32872.1464235 32787.3099075 32632.2838564  
    32414.6119523 32135.1958117 31799.9346564 31414.5082663  
    30982.640447 30508.2835985 29996.0899525 29450.4088326  
    28877.9542816 28281.4841365 27661.1109579 27025.2155232  
    26378.423787 25725.1700158 25069.6971536 24415.196791 23764.5141671  
    23119.4631451 22480.789725 21849.8539558 21227.3765497  
    20614.9060806 20013.4738391 19424.6858494 18849.6166428  
    18288.1289463 17740.2918131 17205.9851827 16685.3180842  
    16178.0255093 15684.3933013 15204.7801594 14738.457807  
    14285.0414135 13844.6839112 13417.1238673 13002.2888894  
    12600.0571097 12209.8750068 11831.3941228 11464.3872257  
    11108.5149732 10763.4610924 10428.8330777 10104.3280182 9789.612903  
    9484.3342966 9188.1210487 8900.6635429 8621.5637096 8350.4321517  
    8086.9355474 7830.799382 7581.7180929 7339.3608178 7103.4149086  
    6873.6184655 6649.6568081 6431.254829 6218.1359097 6010.0488491  
    5806.7487801 5607.9916187 5413.5675346 5223.1742707 5036.8175675  
    4854.2115587 4675.1751803 4499.5478296 4327.1601715 4157.8932662  
    3991.6179683 3828.2148604 3667.5791238 3509.5977275 3354.1763846  
    3201.2326941 3050.7169489 2902.7084461 2757.3070787 2614.6073654  
    2474.6955441 2337.654785 2203.5663002 2072.4939656 1944.4997089  
    1820.6483186 1699.3080418 1581.6828114 1467.8290725 1357.7799473  
    1251.5554093 1149.1591894 1050.5608344 955.5372052 863.4571375  
    773.2040354 
  OMEGA = 99148.3203125 98182.1640346 96421.2421089 94663.8826956  
    92933.179534 91228.8673135 89550.7263392 87898.3516114  
    86271.6481489 84670.2271307 83093.8205456 81542.0389707  
    80014.8589687 78511.9602266 77032.9532124 75577.4539855  
    74145.3354295 72736.4924374 71350.2666084 69986.6246776  
    68645.4613339 67326.0225796 66028.4529716 64752.3716218  
    63497.3001137 62263.3046875 61049.9051026 59856.8997067  
    58683.6954512 57530.4834209 56396.8568086 55282.4221384  
    54186.7921919 53110.1420247 52051.8831877 51011.6282916  
    49989.1772309 48984.6879749 47997.2182833 47026.9283115  
    46073.2466572 45136.1520115 44215.2566156 43310.539704  
    42421.2380711 41547.5106862 40688.7897728 39844.8670878  
    39015.5420867 38200.414833 37399.46875 36612.5031621 35838.7524429  
    35078.0095613 34330.4508092 33595.4813376 32872.7267333  
    32162.5248868 31463.9402498 30776.5743845 30100.7926136  
    29435.997037 28781.9885906 28138.3864143 27504.7959758  
    26881.1918842 26267.2808946 25662.6670172 25066.9652666  
    24480.2400955 23902.1106438 23332.0905824 22770.0738624  
    22215.8369876 21668.9067681 21129.1738281 20596.4272294  
    20070.1884554 19550.1508648 19036.3116433 18528.166618  
    18025.6153536 17528.2613648 17035.8116822 16548.1491174  
    16064.8029053 15585.5495109 15110.1398743 14638.376729  
    14169.9124179 13704.4031904 13241.6984759 12781.4343601  
    12323.3694676 11867.2772352 11412.7855919 10959.6943415  
    10507.7092998 10056.5291803 9605.9047265 9155.5556641 
  PPRIME = -0.0 -0.0 -0.0 -0.0 -0.0 -0.0 -0.0 -0.0 -0.0 -0.0 -0.0 -0.0  
    -0.0 -0.0 -0.0 -0.0 -0.0 -0.0 -0.0 -0.0 -0.0 -0.0 -0.0 -0.0 -0.0  
    -0.0 -0.0 -0.0 -0.0 -0.0 -0.0 -0.0 -0.0 -0.0 -0.0 -0.0 -0.0 -0.0  
    -0.0 -0.0 -0.0 -0.0 -0.0 -0.0 -0.0 -0.0 -0.0 -0.0 -0.0 -0.0 -0.0  
    -0.0 -0.0 -0.0 -0.0 -0.0 -0.0 -0.0 -0.0 -0.0 -0.0 -0.0 -0.0 -0.0  
    -0.0 -0.0 -0.0 -0.0 -0.0 -0.0 -0.0 -0.0 -0.0 -0.0 -0.0 -0.0 -0.0  
    -0.0 -0.0 -0.0 -0.0 -0.0 -0.0 -0.0 -0.0 -0.0 -0.0 -0.0 -0.0 -0.0  
    -0.0 -0.0 -0.0 -0.0 -0.0 -0.0 -0.0 -0.0 -0.0 -0.0 -0.0 
  FFPRIME = -2.0316218 -2.0545425 -2.0298477 -1.9275967 -1.8959192  
    -1.8839054 -1.9262506 -1.9990429 -2.0747781 -2.1507831 -2.2299946  
    -2.3131515 -2.3959658 -2.4687436 -2.5382549 -2.6088472 -2.6737555  
    -2.7322635 -2.782146 -2.8226479 -2.8527258 -2.8707038 -2.8764489  
    -2.8699418 -2.8521372 -2.8241234 -2.7863208 -2.7394594 -2.6837591  
    -2.6197714 -2.548499 -2.4711321 -2.3891288 -2.3039544 -2.2170292  
    -2.1293042 -2.0416966 -1.9555738 -1.871907 -1.7911229 -1.7135982  
    -1.6392434 -1.5680699 -1.5002955 -1.4357187 -1.3742398 -1.3155383  
    -1.2592433 -1.2053563 -1.1537722 -1.1043968 -1.0570546 -1.0115463  
    -0.9678517 -0.9259683 -0.8859158 -0.8477189 -0.8113553 -0.7767554  
    -0.7438978 -0.7127528 -0.683246 -0.6553146 -0.6289127 -0.6039876  
    -0.5804395 -0.5582001 -0.5371455 -0.5172459 -0.4983555 -0.4802505  
    -0.4628753 -0.4461511 -0.429997 -0.4142532 -0.3987548 -0.3834246  
    -0.3681748 -0.3528847 -0.3374702 -0.3218908 -0.3061502 -0.2902412  
    -0.2741167 -0.2577216 -0.2409975 -0.2238884 -0.2063271 -0.1882399  
    -0.1700806 -0.1512842 -0.1316697 -0.1118477 -0.0916234 -0.0708825  
    -0.0494776 -0.0272912 -0.0029932 0.0242301 0.084836 0.1016886 
  J_OH = 1.7561236 1.7597657 1.7564076 1.732415 1.6934329 1.6627925  
    1.6533755 1.6568896 1.6610326 1.6643845 1.6692238 1.6748916  
    1.6803895 1.6857213 1.6906093 1.6942645 1.6958311 1.6954034  
    1.6922603 1.6859942 1.6766399 1.6639713 1.6476675 1.6273808 1.60352  
    1.5761907 1.5452086 1.5109034 1.4737331 1.4340652 1.3921383  
    1.3479868 1.3023412 1.2559152 1.2090124 1.1621781 1.1160078  
    1.0707969 1.0269769 0.9846484 0.9440922 0.9053488 0.8683923  
    0.8331412 0.7995868 0.7675605 0.7370323 0.7079073 0.680082  
    0.6534467 0.6279548 0.6035377 0.5802212 0.5578754 0.536494  
    0.5160645 0.496584 0.4779824 0.4602958 0.4435212 0.4275749 0.412511  
    0.3982923 0.3848752 0.3722561 0.3603873 0.3492085 0.3386995  
    0.3288035 0.3194558 0.3105872 0.3021355 0.2940625 0.2862338  
    0.2786503 0.2712312 0.2639272 0.2566489 0.249385 0.2420844  
    0.2347184 0.2272427 0.2196342 0.2118655 0.2039083 0.1957314  
    0.1873062 0.1785974 0.1695686 0.160297 0.150782 0.140882 0.130647  
    0.1201898 0.1094879 0.0985174 0.0872349 0.0755862 0.0636497  
    0.050857 0.0503808 
  J_BS = 0.0 0.0027593 0.0130427 0.0314931 0.0521512 0.0687256  
    0.0785947 0.0840457 0.0883647 0.0922235 0.0952145 0.0974198  
    0.0990108 0.100009 0.100391 0.1002591 0.0996767 0.0986279 0.0971794  
    0.0954588 0.093631 0.0917296 0.0897634 0.0877774 0.0857517  
    0.0836824 0.081594 0.0795102 0.0774789 0.0755495 0.0737384  
    0.0720499 0.0704639 0.0689657 0.0675635 0.0662425 0.0649877  
    0.0638027 0.0626807 0.0616138 0.0605951 0.0596191 0.0586819  
    0.0577787 0.0569093 0.0560675 0.055251 0.0544612 0.0536944  
    0.0529514 0.0522292 0.0515274 0.0508463 0.0501847 0.0495436  
    0.0489215 0.048318 0.0477328 0.0471648 0.0466143 0.0460805  
    0.0455622 0.0450613 0.0445781 0.0441108 0.0436595 0.0432232  
    0.0427992 0.042386 0.0419834 0.04159 0.0412033 0.0408209 0.0404407  
    0.0400602 0.0396766 0.0392871 0.0388886 0.0384779 0.0380497  
    0.0375956 0.0370982 0.0365401 0.0359137 0.0352142 0.0344363  
    0.033573 0.0326169 0.0315593 0.0302329 0.0289117 0.027554 0.025879  
    0.0240782 0.022141 0.0200576 0.0178112 0.0154339 0.0128967  
    0.0105238 0.0084317 
  J_NB = 0.0351198 0.0373017 0.0438473 0.0493297 0.0538209 0.0567187  
    0.0583106 0.059422 0.0602828 0.0607467 0.0607296 0.0602407  
    0.0594175 0.0583057 0.0571395 0.0558416 0.0544719 0.0529521  
    0.0512985 0.0500377 0.0487477 0.0473399 0.0459505 0.0445998  
    0.0430774 0.0414885 0.0400178 0.0384808 0.0368072 0.0349481  
    0.0329459 0.0311699 0.0295027 0.027784 0.0261225 0.0245908  
    0.0231379 0.0218356 0.0206315 0.0196319 0.018661 0.0177032  
    0.0168062 0.016056 0.015334 0.0147644 0.0142144 0.0135753 0.0129294  
    0.0123349 0.0117947 0.0112741 0.0106484 0.0100535 0.0094771  
    0.0089169 0.008384 0.0079524 0.0075565 0.0071757 0.0068848  
    0.0066009 0.0063237 0.0060729 0.005826 0.0055828 0.005367 0.0051579  
    0.0049492 0.0047317 0.004508 0.004287 0.0040688 0.0039398 0.003808  
    0.0036693 0.0035293 0.0034324 0.0033244 0.0032066 0.0030805  
    0.0029608 0.0028366 0.0027071 0.0025733 0.0024354 0.0022926  
    0.0021485 0.0020047 0.0018617 0.0017173 0.0015582 0.0014039  
    0.0012537 0.0011069 0.0009619 0.0008197 0.0006826 0.0005514  
    0.0004189 0.0002792 
  J_EC = 0.0 0.0 0.0 0.0 0.0 0.0 0.0 0.0 0.0 0.0 0.0 0.0 0.0 0.0 0.0  
    0.0 0.0 0.0 0.0 0.0 0.0 0.0 0.0 0.0 0.0 0.0 0.0 0.0 0.0 0.0 0.0 0.0  
    0.0 0.0 0.0 0.0 0.0 0.0 0.0 0.0 0.0 0.0 0.0 0.0 0.0 0.0 0.0 0.0 0.0  
    0.0 0.0 0.0 0.0 0.0 0.0 0.0 0.0 0.0 0.0 0.0 0.0 0.0 0.0 0.0 0.0 0.0  
    0.0 0.0 0.0 0.0 0.0 0.0 0.0 0.0 0.0 0.0 0.0 0.0 0.0 0.0 0.0 0.0 0.0  
    0.0 0.0 0.0 0.0 0.0 0.0 0.0 0.0 0.0 0.0 0.0 0.0 0.0 0.0 0.0 0.0 0.0  
    0.0 
  J_IC = 0.0 0.0 0.0 0.0 0.0 0.0 0.0 0.0 0.0 0.0 0.0 0.0 0.0 0.0 0.0  
    0.0 0.0 0.0 0.0 0.0 0.0 0.0 0.0 0.0 0.0 0.0 0.0 0.0 0.0 0.0 0.0 0.0  
    0.0 0.0 0.0 0.0 0.0 0.0 0.0 0.0 0.0 0.0 0.0 0.0 0.0 0.0 0.0 0.0 0.0  
    0.0 0.0 0.0 0.0 0.0 0.0 0.0 0.0 0.0 0.0 0.0 0.0 0.0 0.0 0.0 0.0 0.0  
    0.0 0.0 0.0 0.0 0.0 0.0 0.0 0.0 0.0 0.0 0.0 0.0 0.0 0.0 0.0 0.0 0.0  
    0.0 0.0 0.0 0.0 0.0 0.0 0.0 0.0 0.0 0.0 0.0 0.0 0.0 0.0 0.0 0.0 0.0  
    0.0 
  J_LH = 0.0 0.0 0.0 0.0 0.0 0.0 0.0 0.0 0.0 0.0 0.0 0.0 0.0 0.0 0.0  
    0.0 0.0 0.0 0.0 0.0 0.0 0.0 0.0 0.0 0.0 0.0 0.0 0.0 0.0 0.0 0.0 0.0  
    0.0 0.0 0.0 0.0 0.0 0.0 0.0 0.0 0.0 0.0 0.0 0.0 0.0 0.0 0.0 0.0 0.0  
    0.0 0.0 0.0 0.0 0.0 0.0 0.0 0.0 0.0 0.0 0.0 0.0 0.0 0.0 0.0 0.0 0.0  
    0.0 0.0 0.0 0.0 0.0 0.0 0.0 0.0 0.0 0.0 0.0 0.0 0.0 0.0 0.0 0.0 0.0  
    0.0 0.0 0.0 0.0 0.0 0.0 0.0 0.0 0.0 0.0 0.0 0.0 0.0 0.0 0.0 0.0 0.0  
    0.0 
  J_HC = 0.0 0.0 0.0 0.0 0.0 0.0 0.0 0.0 0.0 0.0 0.0 0.0 0.0 0.0 0.0  
    0.0 0.0 0.0 0.0 0.0 0.0 0.0 0.0 0.0 0.0 0.0 0.0 0.0 0.0 0.0 0.0 0.0  
    0.0 0.0 0.0 0.0 0.0 0.0 0.0 0.0 0.0 0.0 0.0 0.0 0.0 0.0 0.0 0.0 0.0  
    0.0 0.0 0.0 0.0 0.0 0.0 0.0 0.0 0.0 0.0 0.0 0.0 0.0 0.0 0.0 0.0 0.0  
    0.0 0.0 0.0 0.0 0.0 0.0 0.0 0.0 0.0 0.0 0.0 0.0 0.0 0.0 0.0 0.0 0.0  
    0.0 0.0 0.0 0.0 0.0 0.0 0.0 0.0 0.0 0.0 0.0 0.0 0.0 0.0 0.0 0.0 0.0  
    0.0 
  J_TOT = 1.85473 1.85473 1.868612 1.8685509 1.8543 1.8427973 1.8449071  
    1.8552906 1.8649012 1.872808 1.8808651 1.8885365 1.8949649  
    1.9002999 1.904523 1.9068027 1.9064287 1.9033201 1.8968368  
    1.8872733 1.8743749 1.8578523 1.8375206 1.8130888 1.7847383  
    1.7526791 1.7169383 1.6776873 1.6353738 1.5903782 1.543008  
    1.4936857 1.4430237 1.3915799 1.3397943 1.2882931 1.2376291  
    1.1881955 1.1403896 1.0944317 1.0504295 1.0083999 0.9683554  
    0.9302889 0.8940641 0.8596242 0.8267965 0.7953708 0.7653169  
    0.736579 0.7091059 0.6827885 0.6575242 0.6333147 0.610139 0.5879779  
    0.5668367 0.546717 0.5275856 0.5094174 0.4922006 0.4759034  
    0.4604884 0.4459309 0.4322008 0.4192493 0.4070374 0.39552 0.3846316  
    0.3742962 0.3644453 0.3550215 0.3459835 0.3372802 0.3288165  
    0.3205042 0.3122956 0.3041419 0.2959732 0.2877337 0.279387  
    0.2708853 0.2621767 0.2532246 0.2439963 0.2344557 0.2245661  
    0.2142886 0.2035803 0.1923529 0.180879 0.1689648 0.1564026  
    0.1435006 0.1302319 0.1165705 0.1024707 0.0879407 0.0730616  
    0.0577628 0.0547935 
  P_EI = -0.0562384 -0.0560539 -0.0555223 -0.0546817 -0.0535569  
    -0.0521737 -0.0505556 -0.0487254 -0.0467069 -0.044524 -0.0422012  
    -0.039764 -0.0372388 -0.0346552 -0.0320453 -0.0294429 -0.0268857  
    -0.0244148 -0.022076 -0.0199135 -0.0179331 -0.0161244 -0.0144771  
    -0.0129804 -0.0116232 -0.0103937 -0.0092794 -0.0082666 -0.007345  
    -0.0065162 -0.0057837 -0.005151 -0.0046212 -0.0041976 -0.0038832  
    -0.0036805 -0.0035923 -0.0036209 -0.0037686 -0.0040373 -0.0044288  
    -0.0049446 -0.0055862 -0.0063546 -0.0072508 -0.0082754 -0.009429  
    -0.0107117 -0.0121239 -0.0136652 -0.0153353 -0.0171338 -0.0190601  
    -0.0211133 -0.0232925 -0.0255969 -0.0280249 -0.0305756 -0.0332475  
    -0.0360397 -0.0389505 -0.041979 -0.0451239 -0.048384 -0.0517583  
    -0.0552457 -0.0588459 -0.0625581 -0.0663825 -0.0703195 -0.0743702  
    -0.0785363 -0.0828203 -0.087226 -0.0917581 -0.096423 -0.1012287  
    -0.1061858 -0.111307 -0.116609 -0.1221116 -0.1278448 -0.1338635  
    -0.1402394 -0.1470601 -0.1544336 -0.1624954 -0.1714158 -0.1814143  
    -0.1927766 -0.2057724 -0.2210697 -0.239228 -0.2612299 -0.2885297  
    -0.3233707 -0.3693907 -0.4328714 -0.5255904 -0.6722141 -0.9332253 
  SE_NB = 0.0 0.0 0.0 0.0 0.0 0.0 0.0 0.0 0.0 0.0 0.0 0.0 0.0 0.0 0.0  
    0.0 0.0 0.0 0.0 0.0 0.0 0.0 0.0 0.0 0.0 0.0 0.0 0.0 0.0 0.0 0.0 0.0  
    0.0 0.0 0.0 0.0 0.0 0.0 0.0 0.0 0.0 0.0 0.0 0.0 0.0 0.0 0.0 0.0 0.0  
    0.0 0.0 0.0 0.0 0.0 0.0 0.0 0.0 0.0 0.0 0.0 0.0 0.0 0.0 0.0 0.0 0.0  
    0.0 0.0 0.0 0.0 0.0 0.0 0.0 0.0 0.0 0.0 0.0 0.0 0.0 0.0 0.0 0.0 0.0  
    0.0 0.0 0.0 0.0 0.0 0.0 0.0 0.0 0.0 0.0 0.0 0.0 0.0 0.0 0.0 0.0 0.0  
    0.0 
  PE_NB = 0.0886143 0.0887406 0.0890683 0.0892969 0.0894942 0.0896095  
    0.0896664 0.0896823 0.0896461 0.0895501 0.0893959 0.0891811  
    0.0889374 0.0886412 0.0882314 0.0877597 0.0872275 0.0866374  
    0.0859867 0.0852597 0.0844692 0.083625 0.0827166 0.0817468  
    0.0807091 0.0796103 0.0784491 0.0772364 0.0759794 0.0746782  
    0.0733399 0.0719686 0.0705731 0.0691542 0.0677258 0.0663044  
    0.0648823 0.0634589 0.0620472 0.0606505 0.0592759 0.0579301  
    0.0566097 0.055316 0.0540525 0.0528202 0.0516203 0.0504523 0.049317  
    0.0482146 0.0471443 0.0461048 0.0450961 0.0441151 0.0431586  
    0.0422249 0.0413134 0.040423 0.0395506 0.038694 0.0378522 0.0370218  
    0.0362007 0.0353868 0.0345787 0.0337747 0.032973 0.0321729  
    0.0313661 0.0305673 0.0297684 0.028969 0.0281693 0.0273687  
    0.0265691 0.0257717 0.0249778 0.0241897 0.0234085 0.0226365  
    0.0218762 0.0211303 0.0204016 0.019693 0.0190073 0.0183472 0.017716  
    0.0171177 0.0165548 0.0160306 0.0155488 0.0151112 0.0147188  
    0.0143703 0.0140596 0.0137809 0.0135384 0.0133664 0.0132822  
    0.0131367 0.0124945 
  PE_EC = 0.0 0.0 0.0 0.0 0.0 0.0 0.0 0.0 0.0 0.0 0.0 0.0 0.0 0.0 0.0  
    0.0 0.0 0.0 0.0 0.0 0.0 0.0 0.0 0.0 0.0 0.0 0.0 0.0 0.0 0.0 0.0 0.0  
    0.0 0.0 0.0 0.0 0.0 0.0 0.0 0.0 0.0 0.0 0.0 0.0 0.0 0.0 0.0 0.0 0.0  
    0.0 0.0 0.0 0.0 0.0 0.0 0.0 0.0 0.0 0.0 0.0 0.0 0.0 0.0 0.0 0.0 0.0  
    0.0 0.0 0.0 0.0 0.0 0.0 0.0 0.0 0.0 0.0 0.0 0.0 0.0 0.0 0.0 0.0 0.0  
    0.0 0.0 0.0 0.0 0.0 0.0 0.0 0.0 0.0 0.0 0.0 0.0 0.0 0.0 0.0 0.0 0.0  
    0.0 
  PE_IC = 0.0 0.0 0.0 0.0 0.0 0.0 0.0 0.0 0.0 0.0 0.0 0.0 0.0 0.0 0.0  
    0.0 0.0 0.0 0.0 0.0 0.0 0.0 0.0 0.0 0.0 0.0 0.0 0.0 0.0 0.0 0.0 0.0  
    0.0 0.0 0.0 0.0 0.0 0.0 0.0 0.0 0.0 0.0 0.0 0.0 0.0 0.0 0.0 0.0 0.0  
    0.0 0.0 0.0 0.0 0.0 0.0 0.0 0.0 0.0 0.0 0.0 0.0 0.0 0.0 0.0 0.0 0.0  
    0.0 0.0 0.0 0.0 0.0 0.0 0.0 0.0 0.0 0.0 0.0 0.0 0.0 0.0 0.0 0.0 0.0  
    0.0 0.0 0.0 0.0 0.0 0.0 0.0 0.0 0.0 0.0 0.0 0.0 0.0 0.0 0.0 0.0 0.0  
    0.0 
  PE_LH = 0.0 0.0 0.0 0.0 0.0 0.0 0.0 0.0 0.0 0.0 0.0 0.0 0.0 0.0 0.0  
    0.0 0.0 0.0 0.0 0.0 0.0 0.0 0.0 0.0 0.0 0.0 0.0 0.0 0.0 0.0 0.0 0.0  
    0.0 0.0 0.0 0.0 0.0 0.0 0.0 0.0 0.0 0.0 0.0 0.0 0.0 0.0 0.0 0.0 0.0  
    0.0 0.0 0.0 0.0 0.0 0.0 0.0 0.0 0.0 0.0 0.0 0.0 0.0 0.0 0.0 0.0 0.0  
    0.0 0.0 0.0 0.0 0.0 0.0 0.0 0.0 0.0 0.0 0.0 0.0 0.0 0.0 0.0 0.0 0.0  
    0.0 0.0 0.0 0.0 0.0 0.0 0.0 0.0 0.0 0.0 0.0 0.0 0.0 0.0 0.0 0.0 0.0  
    0.0 
  PE_HC = 0.0 0.0 0.0 0.0 0.0 0.0 0.0 0.0 0.0 0.0 0.0 0.0 0.0 0.0 0.0  
    0.0 0.0 0.0 0.0 0.0 0.0 0.0 0.0 0.0 0.0 0.0 0.0 0.0 0.0 0.0 0.0 0.0  
    0.0 0.0 0.0 0.0 0.0 0.0 0.0 0.0 0.0 0.0 0.0 0.0 0.0 0.0 0.0 0.0 0.0  
    0.0 0.0 0.0 0.0 0.0 0.0 0.0 0.0 0.0 0.0 0.0 0.0 0.0 0.0 0.0 0.0 0.0  
    0.0 0.0 0.0 0.0 0.0 0.0 0.0 0.0 0.0 0.0 0.0 0.0 0.0 0.0 0.0 0.0 0.0  
    0.0 0.0 0.0 0.0 0.0 0.0 0.0 0.0 0.0 0.0 0.0 0.0 0.0 0.0 0.0 0.0 0.0  
    0.0 
  SI_NB = 0.0 0.0 0.0 0.0 0.0 0.0 0.0 0.0 0.0 0.0 0.0 0.0 0.0 0.0 0.0  
    0.0 0.0 0.0 0.0 0.0 0.0 0.0 0.0 0.0 0.0 0.0 0.0 0.0 0.0 0.0 0.0 0.0  
    0.0 0.0 0.0 0.0 0.0 0.0 0.0 0.0 0.0 0.0 0.0 0.0 0.0 0.0 0.0 0.0 0.0  
    0.0 0.0 0.0 0.0 0.0 0.0 0.0 0.0 0.0 0.0 0.0 0.0 0.0 0.0 0.0 0.0 0.0  
    0.0 0.0 0.0 0.0 0.0 0.0 0.0 0.0 0.0 0.0 0.0 0.0 0.0 0.0 0.0 0.0 0.0  
    0.0 0.0 0.0 0.0 0.0 0.0 0.0 0.0 0.0 0.0 0.0 0.0 0.0 0.0 0.0 0.0 0.0  
    0.0 
  PI_NB = 0.259639 0.2594869 0.2590686 0.2580599 0.2566849 0.2549011  
    0.25273 0.2501467 0.2471837 0.2438631 0.2401999 0.2362149 0.2318921  
    0.2272788 0.2224612 0.2174097 0.2121482 0.2066969 0.2010855  
    0.1953594 0.1895305 0.1836141 0.1776503 0.1716621 0.1656799  
    0.1597231 0.1538175 0.1479754 0.1422119 0.1365486 0.1309987  
    0.1255758 0.1202889 0.1151527 0.1101667 0.1053258 0.1006483  
    0.0961433 0.0918041 0.0876323 0.0836243 0.0797756 0.0760895  
    0.0725641 0.0691936 0.0659741 0.0629001 0.0599672 0.0571689  
    0.0544988 0.0519508 0.0495192 0.0471964 0.0449781 0.0428595  
    0.0408348 0.0388969 0.0370397 0.0352589 0.0335498 0.0319069  
    0.0303274 0.0288077 0.0273443 0.0259341 0.0245743 0.023263  
    0.0219974 0.0207839 0.0196046 0.0184662 0.0173681 0.0163095  
    0.0152906 0.0143102 0.0133677 0.0124631 0.0115956 0.0107657  
    0.0099734 0.0092186 0.0085015 0.0078213 0.0071775 0.0065693  
    0.0059963 0.0054573 0.0049504 0.0044749 0.0040294 0.0036114  
    0.0032209 0.0028549 0.0025078 0.0021765 0.0018587 0.0015564  
    0.0012784 0.0010281 0.0007681 0.0004709 
  PI_EC = 0.0 0.0 0.0 0.0 0.0 0.0 0.0 0.0 0.0 0.0 0.0 0.0 0.0 0.0 0.0  
    0.0 0.0 0.0 0.0 0.0 0.0 0.0 0.0 0.0 0.0 0.0 0.0 0.0 0.0 0.0 0.0 0.0  
    0.0 0.0 0.0 0.0 0.0 0.0 0.0 0.0 0.0 0.0 0.0 0.0 0.0 0.0 0.0 0.0 0.0  
    0.0 0.0 0.0 0.0 0.0 0.0 0.0 0.0 0.0 0.0 0.0 0.0 0.0 0.0 0.0 0.0 0.0  
    0.0 0.0 0.0 0.0 0.0 0.0 0.0 0.0 0.0 0.0 0.0 0.0 0.0 0.0 0.0 0.0 0.0  
    0.0 0.0 0.0 0.0 0.0 0.0 0.0 0.0 0.0 0.0 0.0 0.0 0.0 0.0 0.0 0.0 0.0  
    0.0 
  PI_IC = 0.0 0.0 0.0 0.0 0.0 0.0 0.0 0.0 0.0 0.0 0.0 0.0 0.0 0.0 0.0  
    0.0 0.0 0.0 0.0 0.0 0.0 0.0 0.0 0.0 0.0 0.0 0.0 0.0 0.0 0.0 0.0 0.0  
    0.0 0.0 0.0 0.0 0.0 0.0 0.0 0.0 0.0 0.0 0.0 0.0 0.0 0.0 0.0 0.0 0.0  
    0.0 0.0 0.0 0.0 0.0 0.0 0.0 0.0 0.0 0.0 0.0 0.0 0.0 0.0 0.0 0.0 0.0  
    0.0 0.0 0.0 0.0 0.0 0.0 0.0 0.0 0.0 0.0 0.0 0.0 0.0 0.0 0.0 0.0 0.0  
    0.0 0.0 0.0 0.0 0.0 0.0 0.0 0.0 0.0 0.0 0.0 0.0 0.0 0.0 0.0 0.0 0.0  
    0.0 
  PI_LH = 0.0 0.0 0.0 0.0 0.0 0.0 0.0 0.0 0.0 0.0 0.0 0.0 0.0 0.0 0.0  
    0.0 0.0 0.0 0.0 0.0 0.0 0.0 0.0 0.0 0.0 0.0 0.0 0.0 0.0 0.0 0.0 0.0  
    0.0 0.0 0.0 0.0 0.0 0.0 0.0 0.0 0.0 0.0 0.0 0.0 0.0 0.0 0.0 0.0 0.0  
    0.0 0.0 0.0 0.0 0.0 0.0 0.0 0.0 0.0 0.0 0.0 0.0 0.0 0.0 0.0 0.0 0.0  
    0.0 0.0 0.0 0.0 0.0 0.0 0.0 0.0 0.0 0.0 0.0 0.0 0.0 0.0 0.0 0.0 0.0  
    0.0 0.0 0.0 0.0 0.0 0.0 0.0 0.0 0.0 0.0 0.0 0.0 0.0 0.0 0.0 0.0 0.0  
    0.0 
  PI_HC = 0.0 0.0 0.0 0.0 0.0 0.0 0.0 0.0 0.0 0.0 0.0 0.0 0.0 0.0 0.0  
    0.0 0.0 0.0 0.0 0.0 0.0 0.0 0.0 0.0 0.0 0.0 0.0 0.0 0.0 0.0 0.0 0.0  
    0.0 0.0 0.0 0.0 0.0 0.0 0.0 0.0 0.0 0.0 0.0 0.0 0.0 0.0 0.0 0.0 0.0  
    0.0 0.0 0.0 0.0 0.0 0.0 0.0 0.0 0.0 0.0 0.0 0.0 0.0 0.0 0.0 0.0 0.0  
    0.0 0.0 0.0 0.0 0.0 0.0 0.0 0.0 0.0 0.0 0.0 0.0 0.0 0.0 0.0 0.0 0.0  
    0.0 0.0 0.0 0.0 0.0 0.0 0.0 0.0 0.0 0.0 0.0 0.0 0.0 0.0 0.0 0.0 0.0  
    0.0 
  PI_CX = 0.0323787 0.0320806 0.0317581 0.0313354 0.0307615 0.0300566  
    0.0292452 0.0283266 0.0273286 0.0262713 0.0251596 0.0240071  
    0.0228201 0.021616 0.0204089 0.0192149 0.0180479 0.0169158  
    0.0158299 0.0148011 0.0138279 0.012907 0.0120374 0.0112172  
    0.0104446 0.0097181 0.0090356 0.0083956 0.0077964 0.0072364  
    0.0067141 0.0062275 0.005775 0.005355 0.0049658 0.0046057 0.0042733  
    0.0039666 0.0036846 0.0034257 0.0031882 0.0029698 0.0027708  
    0.0025904 0.0024268 0.0022762 0.0021406 0.0020202 0.0019131  
    0.0018174 0.0017325 0.001658 0.0015943 0.0015395 0.0014934  
    0.0014555 0.0014251 0.0014019 0.0013856 0.0013759 0.0013724  
    0.0013752 0.001384 0.0013987 0.0014195 0.0014463 0.0014791  
    0.0015181 0.0015633 0.0016148 0.0016734 0.0017396 0.0018143  
    0.0018981 0.0019918 0.0020964 0.0022134 0.002345 0.0024938  
    0.0026625 0.0028542 0.0030725 0.0033269 0.0036337 0.0040125  
    0.0044868 0.0050846 0.0058404 0.0067937 0.0079938 0.0095125  
    0.0114251 0.0139104 0.017315 0.0221606 0.02923 0.0392398 0.0525544  
    0.0700727 0.1064198 0.2061272 
  PI_FUS = 0.0 0.0 0.0 0.0 0.0 0.0 0.0 0.0 0.0 0.0 0.0 0.0 0.0 0.0 0.0  
    0.0 0.0 0.0 0.0 0.0 0.0 0.0 0.0 0.0 0.0 0.0 0.0 0.0 0.0 0.0 0.0 0.0  
    0.0 0.0 0.0 0.0 0.0 0.0 0.0 0.0 0.0 0.0 0.0 0.0 0.0 0.0 0.0 0.0 0.0  
    0.0 0.0 0.0 0.0 0.0 0.0 0.0 0.0 0.0 0.0 0.0 0.0 0.0 0.0 0.0 0.0 0.0  
    0.0 0.0 0.0 0.0 0.0 0.0 0.0 0.0 0.0 0.0 0.0 0.0 0.0 0.0 0.0 0.0 0.0  
    0.0 0.0 0.0 0.0 0.0 0.0 0.0 0.0 0.0 0.0 0.0 0.0 0.0 0.0 0.0 0.0 0.0  
    0.0 
  PE_FUS = 0.0 0.0 0.0 0.0 0.0 0.0 0.0 0.0 0.0 0.0 0.0 0.0 0.0 0.0 0.0  
    0.0 0.0 0.0 0.0 0.0 0.0 0.0 0.0 0.0 0.0 0.0 0.0 0.0 0.0 0.0 0.0 0.0  
    0.0 0.0 0.0 0.0 0.0 0.0 0.0 0.0 0.0 0.0 0.0 0.0 0.0 0.0 0.0 0.0 0.0  
    0.0 0.0 0.0 0.0 0.0 0.0 0.0 0.0 0.0 0.0 0.0 0.0 0.0 0.0 0.0 0.0 0.0  
    0.0 0.0 0.0 0.0 0.0 0.0 0.0 0.0 0.0 0.0 0.0 0.0 0.0 0.0 0.0 0.0 0.0  
    0.0 0.0 0.0 0.0 0.0 0.0 0.0 0.0 0.0 0.0 0.0 0.0 0.0 0.0 0.0 0.0 0.0  
    0.0 
  P_RAD = -0.0001891 -3.67e-05 0.0001158 0.0002876 0.0004917 0.0007539  
    0.0010508 0.0014095 0.0018199 0.002271 0.0027561 0.0032878  
    0.0038566 0.0044634 0.0050999 0.0057701 0.0064709 0.0071998  
    0.0079555 0.0087353 0.0095383 0.0103626 0.0112067 0.0120689  
    0.0129467 0.0138397 0.0147456 0.015663 0.0165906 0.0175265  
    0.0184695 0.0194179 0.0203702 0.0213248 0.0222804 0.0232353  
    0.0241881 0.0251372 0.0260812 0.0270186 0.0279475 0.0288671  
    0.0297752 0.0306705 0.0315513 0.0324161 0.0332631 0.0340909  
    0.0348978 0.035682 0.0364418 0.0371755 0.0378812 0.0385568  
    0.0392015 0.0398123 0.0403875 0.0409255 0.0414239 0.0418806  
    0.0422938 0.042661 0.04298 0.0432485 0.0434642 0.0436244 0.0437268  
    0.043769 0.0437479 0.0436609 0.0435052 0.0432779 0.0429761  
    0.0425966 0.0421353 0.0415908 0.0409587 0.0402349 0.0394162  
    0.0384992 0.037479 0.0363532 0.0351162 0.0337641 0.0322928  
    0.0306971 0.0289728 0.0271149 0.0251179 0.0229771 0.0206863  
    0.0182547 0.0157461 0.0132387 0.0108106 0.0085406 0.0065064  
    0.0047871 0.0034621 0.0026136 0.0023139 
  P_OHM = 0.0346342 0.0351109 0.0356734 0.0362389 0.0368019 0.037702  
    0.0391517 0.0409747 0.0429059 0.0449261 0.0471054 0.049429 0.051869  
    0.0544234 0.0570704 0.0597682 0.0624689 0.0651511 0.0677595  
    0.0702402 0.0725536 0.0746524 0.0764818 0.0779828 0.0791345  
    0.0799067 0.0802588 0.0801828 0.0796882 0.0787888 0.0775006  
    0.0758374 0.0738608 0.0716385 0.0692198 0.0666712 0.0640616  
    0.0614385 0.0588533 0.0563329 0.0539083 0.0515916 0.0493865  
    0.0472904 0.0453027 0.0434126 0.0416165 0.0399073 0.0382774  
    0.0367194 0.0352295 0.0338036 0.0324428 0.0311404 0.0298963  
    0.0287108 0.0275845 0.0265146 0.0255041 0.0245539 0.0236601  
    0.0228266 0.0220517 0.0213333 0.020671 0.0200621 0.0195023  
    0.0189896 0.0185196 0.0180872 0.0176866 0.0173122 0.0169599  
    0.0166197 0.0162894 0.0159624 0.0156339 0.0152973 0.0149506 0.01459  
    0.0142137 0.0138189 0.0134047 0.0129704 0.012515 0.012038 0.0115387  
    0.0110162 0.0104693 0.0099039 0.0093208 0.0087119 0.0080809  
    0.0074353 0.006774 0.0060957 0.0053978 0.0046771 0.0039386  
    0.0031467 0.0031164 
  TORQUE_NB = 0.2600215 0.2596918 0.2575524 0.2554546 0.2537821  
    0.252595 0.2514996 0.2495007 0.2471946 0.2448593 0.2423934  
    0.2398397 0.2359829 0.2315201 0.2281029 0.2244864 0.2207291  
    0.2163977 0.2116423 0.2072801 0.202736 0.1975159 0.1923133  
    0.1871571 0.1821058 0.1770744 0.172224 0.1672445 0.1619806  
    0.1567613 0.151603 0.1465243 0.1415332 0.1369608 0.1324646  
    0.1275404 0.1228436 0.1186922 0.1146629 0.1107707 0.106943  
    0.1030548 0.0993179 0.095764 0.0923458 0.0890779 0.0859392 0.082964  
    0.0801177 0.0773748 0.0747302 0.07219 0.0696724 0.0672548 0.0650129  
    0.0629425 0.0609427 0.0589643 0.0570396 0.055175 0.0532794  
    0.0514399 0.0496532 0.0479317 0.0462533 0.0446146 0.0430456  
    0.0415119 0.0400079 0.0384976 0.0369886 0.0355111 0.0340645  
    0.0327346 0.0314332 0.0301563 0.028899 0.027608 0.0263508 0.025129  
    0.0239443 0.0228251 0.0217479 0.0207103 0.0197139 0.0187599  
    0.0178506 0.016986 0.0161668 0.0153937 0.0146655 0.0139768  
    0.0133322 0.0127219 0.0121335 0.0115566 0.0109972 0.010501  
    0.0100981 0.009557 0.0084465 
  TORQUE_IN = 0.0 0.0 0.0 0.0 0.0 0.0 0.0 0.0 0.0 0.0 0.0 0.0 0.0 0.0  
    0.0 0.0 0.0 0.0 0.0 0.0 0.0 0.0 0.0 0.0 0.0 0.0 0.0 0.0 0.0 0.0 0.0  
    0.0 0.0 0.0 0.0 0.0 0.0 0.0 0.0 0.0 0.0 0.0 0.0 0.0 0.0 0.0 0.0 0.0  
    0.0 0.0 0.0 0.0 0.0 0.0 0.0 0.0 0.0 0.0 0.0 0.0 0.0 0.0 0.0 0.0 0.0  
    0.0 0.0 0.0 0.0 0.0 0.0 0.0 0.0 0.0 0.0 0.0 0.0 0.0 0.0 0.0 0.0 0.0  
    0.0 0.0 0.0 0.0 0.0 0.0 0.0 0.0 0.0 0.0 0.0 0.0 0.0 0.0 0.0 0.0 0.0  
    0.0 0.0 
  SE_IONIZATION = 0.0 0.0 0.0 0.0 0.0 0.0 0.0 0.0 0.0 0.0 0.0 0.0 0.0  
    0.0 0.0 0.0 0.0 0.0 0.0 0.0 0.0 0.0 0.0 0.0 0.0 0.0 0.0 0.0 0.0 0.0  
    0.0 0.0 0.0 0.0 0.0 0.0 0.0 0.0 0.0 0.0 0.0 0.0 0.0 0.0 0.0 0.0 0.0  
    0.0 0.0 0.0 0.0 0.0 0.0 0.0 0.0 0.0 0.0 0.0 0.0 0.0 0.0 0.0 0.0 0.0  
    0.0 0.0 0.0 0.0 0.0 0.0 0.0 0.0 0.0 0.0 0.0 0.0 0.0 0.0 0.0 0.0 0.0  
    0.0 0.0 0.0 0.0 0.0 0.0 0.0 0.0 0.0 0.0 0.0 0.0 0.0 0.0 0.0 0.0 0.0  
    0.0 0.0 0.0 
  SI_IONIZATION = 0.0 0.0 0.0 0.0 0.0 0.0 0.0 0.0 0.0 0.0 0.0 0.0 0.0  
    0.0 0.0 0.0 0.0 0.0 0.0 0.0 0.0 0.0 0.0 0.0 0.0 0.0 0.0 0.0 0.0 0.0  
    0.0 0.0 0.0 0.0 0.0 0.0 0.0 0.0 0.0 0.0 0.0 0.0 0.0 0.0 0.0 0.0 0.0  
    0.0 0.0 0.0 0.0 0.0 0.0 0.0 0.0 0.0 0.0 0.0 0.0 0.0 0.0 0.0 0.0 0.0  
    0.0 0.0 0.0 0.0 0.0 0.0 0.0 0.0 0.0 0.0 0.0 0.0 0.0 0.0 0.0 0.0 0.0  
    0.0 0.0 0.0 0.0 0.0 0.0 0.0 0.0 0.0 0.0 0.0 0.0 0.0 0.0 0.0 0.0 0.0  
    0.0 0.0 0.0 
  PE_IONIZATION = 0.0 0.0 0.0 0.0 0.0 0.0 0.0 0.0 0.0 0.0 0.0 0.0 0.0  
    0.0 0.0 0.0 0.0 0.0 0.0 0.0 0.0 0.0 0.0 0.0 0.0 0.0 0.0 0.0 0.0 0.0  
    0.0 0.0 0.0 0.0 0.0 0.0 0.0 0.0 0.0 0.0 0.0 0.0 0.0 0.0 0.0 0.0 0.0  
    0.0 0.0 0.0 0.0 0.0 0.0 0.0 0.0 0.0 0.0 0.0 0.0 0.0 0.0 0.0 0.0 0.0  
    0.0 0.0 0.0 0.0 0.0 0.0 0.0 0.0 0.0 0.0 0.0 0.0 0.0 0.0 0.0 0.0 0.0  
    0.0 0.0 0.0 0.0 0.0 0.0 0.0 0.0 0.0 0.0 0.0 0.0 0.0 0.0 0.0 0.0 0.0  
    0.0 0.0 0.0 
  PI_IONIZATION = 0.0 0.0 0.0 0.0 0.0 0.0 0.0 0.0 0.0 0.0 0.0 0.0 0.0  
    0.0 0.0 0.0 0.0 0.0 0.0 0.0 0.0 0.0 0.0 0.0 0.0 0.0 0.0 0.0 0.0 0.0  
    0.0 0.0 0.0 0.0 0.0 0.0 0.0 0.0 0.0 0.0 0.0 0.0 0.0 0.0 0.0 0.0 0.0  
    0.0 0.0 0.0 0.0 0.0 0.0 0.0 0.0 0.0 0.0 0.0 0.0 0.0 0.0 0.0 0.0 0.0  
    0.0 0.0 0.0 0.0 0.0 0.0 0.0 0.0 0.0 0.0 0.0 0.0 0.0 0.0 0.0 0.0 0.0  
    0.0 0.0 0.0 0.0 0.0 0.0 0.0 0.0 0.0 0.0 0.0 0.0 0.0 0.0 0.0 0.0 0.0  
    0.0 0.0 0.0 
  WBEAM = 0.0079509 0.0079558 0.0079705 0.0079635 0.0079415 0.0078997  
    0.0078414 0.0077699 0.0076846 0.0075855 0.0074739 0.0073505  
    0.0072198 0.0070801 0.0069252 0.0067624 0.0065927 0.0064174  
    0.0062371 0.0060512 0.0058619 0.005671 0.0054784 0.0052852  
    0.0050914 0.0048986 0.0047072 0.0045189 0.0043345 0.0041541  
    0.0039779 0.003806 0.0036387 0.0034761 0.0033187 0.0031674  
    0.0030214 0.0028803 0.0027448 0.0026146 0.0024901 0.0023713  
    0.0022578 0.0021493 0.0020457 0.001947 0.001853 0.0017633 0.0016779  
    0.0015966 0.0015192 0.0014455 0.0013753 0.0013084 0.0012445  
    0.0011834 0.001125 0.0010692 0.0010158 0.0009647 0.0009156  
    0.0008685 0.0008233 0.0007798 0.0007379 0.0006976 0.0006587  
    0.0006213 0.000585 0.0005503 0.0005168 0.0004846 0.0004536  
    0.0004237 0.0003951 0.0003676 0.0003413 0.0003161 0.0002921  
    0.0002693 0.0002476 0.000227 0.0002075 0.0001892 0.0001719  
    0.0001558 0.0001406 0.0001265 0.0001133 0.000101 8.97e-05 7.92e-05  
    6.94e-05 6.03e-05 5.19e-05 4.4e-05 3.66e-05 2.98e-05 2.35e-05  
    1.75e-05 1.16e-05 
  WALPHA = 0.0 0.0 0.0 0.0 0.0 0.0 0.0 0.0 0.0 0.0 0.0 0.0 0.0 0.0 0.0  
    0.0 0.0 0.0 0.0 0.0 0.0 0.0 0.0 0.0 0.0 0.0 0.0 0.0 0.0 0.0 0.0 0.0  
    0.0 0.0 0.0 0.0 0.0 0.0 0.0 0.0 0.0 0.0 0.0 0.0 0.0 0.0 0.0 0.0 0.0  
    0.0 0.0 0.0 0.0 0.0 0.0 0.0 0.0 0.0 0.0 0.0 0.0 0.0 0.0 0.0 0.0 0.0  
    0.0 0.0 0.0 0.0 0.0 0.0 0.0 0.0 0.0 0.0 0.0 0.0 0.0 0.0 0.0 0.0 0.0  
    0.0 0.0 0.0 0.0 0.0 0.0 0.0 0.0 0.0 0.0 0.0 0.0 0.0 0.0 0.0 0.0 0.0  
    0.0 
  DENSITY_BEAM = 0.1891251 0.1892292 0.1894635 0.1892073 0.1886151  
    0.1876375 0.1863303 0.1847518 0.1828813 0.1807163 0.1782751  
    0.1755709 0.1726776 0.1695782 0.1662231 0.162682 0.1589703  
    0.1551308 0.1511764 0.1470913 0.142923 0.1387132 0.1344507  
    0.1301548 0.1258465 0.121547 0.1172692 0.1130402 0.1088795  
    0.1047878 0.1007742 0.0968487 0.0930178 0.0892783 0.0856459  
    0.0821377 0.0787396 0.0754468 0.0722719 0.0692161 0.0662791  
    0.0634615 0.0607587 0.0581687 0.0556889 0.0533159 0.0510464  
    0.0488765 0.0468023 0.0448193 0.0429232 0.0411094 0.0393744  
    0.0377127 0.0361189 0.0345888 0.0331193 0.0317066 0.0303466  
    0.0290355 0.0277709 0.0265486 0.0253656 0.0242194 0.0231078  
    0.0220286 0.02098 0.0199607 0.0189694 0.0180053 0.0170674 0.0161551  
    0.0152681 0.0144056 0.0135682 0.0127561 0.0119696 0.0112091  
    0.0104748 0.009767 0.0090861 0.0084326 0.0078068 0.0072086 0.006638  
    0.0060949 0.0055788 0.0050893 0.0046257 0.0041872 0.0037731  
    0.0033815 0.0030107 0.0026574 0.0023183 0.0019909 0.0016767  
    0.0013823 0.0011097 0.0008321 0.0005299 
  DENSITY_ALPHA = 0.0 0.0 0.0 0.0 0.0 0.0 0.0 0.0 0.0 0.0 0.0 0.0 0.0  
    0.0 0.0 0.0 0.0 0.0 0.0 0.0 0.0 0.0 0.0 0.0 0.0 0.0 0.0 0.0 0.0 0.0  
    0.0 0.0 0.0 0.0 0.0 0.0 0.0 0.0 0.0 0.0 0.0 0.0 0.0 0.0 0.0 0.0 0.0  
    0.0 0.0 0.0 0.0 0.0 0.0 0.0 0.0 0.0 0.0 0.0 0.0 0.0 0.0 0.0 0.0 0.0  
    0.0 0.0 0.0 0.0 0.0 0.0 0.0 0.0 0.0 0.0 0.0 0.0 0.0 0.0 0.0 0.0 0.0  
    0.0 0.0 0.0 0.0 0.0 0.0 0.0 0.0 0.0 0.0 0.0 0.0 0.0 0.0 0.0 0.0 0.0  
    0.0 0.0 0.0 
  CHIE = 0.2752778 0.2814985 0.2884195 0.2954374 0.3025946 0.3100996  
    0.3182038 0.3269464 0.3362435 0.3460919 0.3565426 0.3676417  
    0.3794719 0.3921068 0.4055992 0.4200362 0.4355293 0.4521826  
    0.4701112 0.4894653 0.5103985 0.5330766 0.557667 0.5843613  
    0.6133865 0.6449961 0.6795144 0.7166674 0.7546823 0.7931349  
    0.8319156 0.8708989 0.9099899 0.9491365 0.98826 1.0273335 1.0663692  
    1.1053686 1.1443659 1.1834206 1.2225881 1.2619636 1.3016501  
    1.3417156 1.3822762 1.4234664 1.4653526 1.5081031 1.5517928  
    1.596602 1.6426424 1.6900666 1.7390772 1.7897678 1.8423444  
    1.8970907 1.9540505 2.0136088 2.0758436 2.1411557 2.2097344  
    2.2818952 2.3579133 2.4381844 2.5230617 2.6128176 2.7080223  
    2.8090007 2.9162085 3.0301198 3.1513571 3.2803721 3.4177698  
    3.5641757 3.7202819 3.8868345 4.0645248 4.2542895 4.4569473  
    4.6736767 4.9053973 5.1534769 5.4192408 5.7043544 6.0106773  
    6.3403033 6.6960111 7.0806709 7.4981305 7.9527881 8.449927  
    8.9966011 9.6015187 10.2762205 11.0362944 11.9035422 12.9088276  
    14.1170423 15.6109404 18.2268967 0.0 
  CHII = 0.0993993 0.1030657 0.1074863 0.112293 0.1175782 0.1233797  
    0.1297542 0.1367673 0.1444903 0.1530101 0.1624294 0.1728773  
    0.1845318 0.1975913 0.2123054 0.2290026 0.248118 0.2702217  
    0.2957879 0.3235126 0.3527042 0.3833994 0.4156402 0.449462 0.484938  
    0.5221146 0.5610797 0.6019227 0.6447448 0.689635 0.7367345  
    0.7861341 0.8379504 0.8923391 0.9493851 1.0092482 1.0720614  
    1.1379228 1.2069384 1.279257 1.3549208 1.4340299 1.5166296 1.602729  
    1.6922371 1.7852127 1.8813224 1.9805587 2.082425 2.1866144  
    2.2926515 2.3997956 2.5073023 2.6142423 2.7194781 2.821739 2.919649  
    3.011561 3.0958367 3.1706172 3.2341829 3.2846186 3.3201251  
    3.3391281 3.3402518 3.3224233 3.2848112 3.2269666 3.1490919  
    3.0514477 2.9349792 2.8008028 2.6503683 2.4854062 2.3077182  
    2.1191572 1.9216259 1.7168785 1.5065552 1.2921097 1.0756206  
    0.860028 0.643849 0.4246104 0.1997644 -0.0334045 -0.2778999  
    -0.537143 -0.8151333 -1.1161929 -1.4459592 -1.8119233 -2.2222329  
    -2.6886912 -3.2278931 -3.8638037 -4.6303677 -5.58333 -6.8030432  
    -8.8134478 0.0 
  NBDRY = 85 
  RBDRY = 2.1047979 1.3117799 1.8424969 1.3308369 1.129362 2.2473788  
    1.5781058 1.0904894 1.1333748 1.0671248 1.3591122 1.3415369  
    1.2569195 1.1218708 1.2462687 1.0713307 1.0873651 1.2042718  
    2.169283 1.6583473 1.0685714 1.2966102 1.837483 1.0659151 1.7742802  
    1.0842554 2.1850537 2.1608258 1.2116173 1.1337341 1.1385585  
    1.2625598 2.2485287 1.2948656 1.2822887 1.1116126 1.3200523  
    1.0856452 1.3994791 1.1040242 1.0829624 1.237808 1.3021404  
    1.4188671 1.8277795 1.1933819 1.509407 2.2239538 1.2985162  
    1.1377119 1.741149 1.4399764 1.1151631 1.2443802 1.2837788 1.241157  
    1.498852 1.1184786 2.2478713 2.0215674 2.0846661 1.0942038  
    1.2725333 1.900349 1.5433916 2.1796821 1.1544815 2.0741271  
    1.5602085 1.2187938 1.2911916 1.1003685 1.2295116 1.0661861  
    1.2762933 1.7578711 1.4386144 1.2133568 1.0764982 1.1119704  
    1.0715177 1.9920939 1.2263303 1.8823929 1.6098773 
  ZBDRY = -0.4960409 -0.9286511 0.7496952 1.0917161 0.7104575 0.0389706  
    -0.9701792 0.4325378 0.7301958 0.0130158 1.0793479 1.0870902  
    1.0881559 0.671019 1.0674559 0.1129353 -0.3455343 -0.7887143  
    0.3265245 0.9022186 0.0529918 -0.9159668 -0.8192724 -0.0669541  
    -0.8690588 0.3526583 0.2898447 0.34459 0.9911351 -0.5822826  
    -0.601615 1.0981712 0.0190195 1.1054882 -0.9023172 -0.4831681  
    1.0962293 0.3726366 -0.9743168 -0.4439617 0.3326778 1.0501115  
    1.1028039 -0.9792721 0.7630964 0.942993 1.0015532 0.1766128  
    1.1041277 0.749848 -0.8919469 1.0402406 0.6314865 -0.8568131  
    1.1097165 1.0570354 -0.9847068 0.6512219 -0.0409009 0.5625172  
    -0.5307771 0.4724271 1.1140334 0.6947171 0.9808765 -0.3320504  
    -0.6592053 -0.5478384 0.9701577 1.0087206 1.106876 -0.4243289  
    1.0331659 -0.0269689 1.1126017 -0.8807238 -0.9827618 -0.8062983  
    0.2128053 0.6116739 -0.20668 -0.6618774 1.0262903 -0.7790721  
    0.9370298 
  NLIM = 5 
  RLIM = 2.377 1.001 1.001 2.377 2.377 
  ZLIM = 1.348 1.348 -1.363 -1.363 1.348 
  SHOT_ID = '150145' 
  TIME_ID = '20400' 
  J_RF = 0.0 0.0 0.0 0.0 0.0 0.0 0.0 0.0 0.0 0.0 0.0 0.0 0.0 0.0 0.0  
    0.0 0.0 0.0 0.0 0.0 0.0 0.0 0.0 0.0 0.0 0.0 0.0 0.0 0.0 0.0 0.0 0.0  
    0.0 0.0 0.0 0.0 0.0 0.0 0.0 0.0 0.0 0.0 0.0 0.0 0.0 0.0 0.0 0.0 0.0  
    0.0 0.0 0.0 0.0 0.0 0.0 0.0 0.0 0.0 0.0 0.0 0.0 0.0 0.0 0.0 0.0 0.0  
    0.0 0.0 0.0 0.0 0.0 0.0 0.0 0.0 0.0 0.0 0.0 0.0 0.0 0.0 0.0 0.0 0.0  
    0.0 0.0 0.0 0.0 0.0 0.0 0.0 0.0 0.0 0.0 0.0 0.0 0.0 0.0 0.0 0.0 0.0  
    0.0 
  PE_RF = 0.0 0.0 0.0 0.0 0.0 0.0 0.0 0.0 0.0 0.0 0.0 0.0 0.0 0.0 0.0  
    0.0 0.0 0.0 0.0 0.0 0.0 0.0 0.0 0.0 0.0 0.0 0.0 0.0 0.0 0.0 0.0 0.0  
    0.0 0.0 0.0 0.0 0.0 0.0 0.0 0.0 0.0 0.0 0.0 0.0 0.0 0.0 0.0 0.0 0.0  
    0.0 0.0 0.0 0.0 0.0 0.0 0.0 0.0 0.0 0.0 0.0 0.0 0.0 0.0 0.0 0.0 0.0  
    0.0 0.0 0.0 0.0 0.0 0.0 0.0 0.0 0.0 0.0 0.0 0.0 0.0 0.0 0.0 0.0 0.0  
    0.0 0.0 0.0 0.0 0.0 0.0 0.0 0.0 0.0 0.0 0.0 0.0 0.0 0.0 0.0 0.0 0.0  
    0.0 
  PI_RF = 0.0 0.0 0.0 0.0 0.0 0.0 0.0 0.0 0.0 0.0 0.0 0.0 0.0 0.0 0.0  
    0.0 0.0 0.0 0.0 0.0 0.0 0.0 0.0 0.0 0.0 0.0 0.0 0.0 0.0 0.0 0.0 0.0  
    0.0 0.0 0.0 0.0 0.0 0.0 0.0 0.0 0.0 0.0 0.0 0.0 0.0 0.0 0.0 0.0 0.0  
    0.0 0.0 0.0 0.0 0.0 0.0 0.0 0.0 0.0 0.0 0.0 0.0 0.0 0.0 0.0 0.0 0.0  
    0.0 0.0 0.0 0.0 0.0 0.0 0.0 0.0 0.0 0.0 0.0 0.0 0.0 0.0 0.0 0.0 0.0  
    0.0 0.0 0.0 0.0 0.0 0.0 0.0 0.0 0.0 0.0 0.0 0.0 0.0 0.0 0.0 0.0 0.0  
    0.0 
/

