&INSTATE
  TOKAMAK_ID = 'd3d' 
  MODEL_SHAPE = 0 
  DENSITY_MODEL = 0 
  R0 = 1.6955 
  B0 = 1.8979689 
  IP = 0.9814992 
  KAPPA = 1.789205 
  DELTA = 0.256586 
  ASPECT = 0.371782 
  RMAJOR = 1.6955 
  AMINOR = 0.6303563 
  N_ION = 1 
  Z_ION = 1 
  A_ION = 2 
  F_ION = 1 
  N_IMP = 1 
  Z_IMP = 6 
  A_IMP = 12 
  F_IMP = 1 
  N_MIN = 0 
  Z_MIN = 1 
  A_MIN = 1 
  N_BEAM = 1 
  Z_BEAM = 1 
  A_BEAM = 2 
  N_FUSION = 1 
  Z_FUSION = 2 
  A_FUSION = 4 
  RHO = 0.0 0.01 0.02 0.03 0.04 0.05 0.06 0.07 0.08 0.09 0.1 0.11 0.12  
    0.13 0.14 0.15 0.16 0.17 0.18 0.19 0.2 0.21 0.22 0.23 0.24 0.25  
    0.26 0.27 0.28 0.29 0.3 0.31 0.32 0.33 0.34 0.35 0.36 0.37 0.38  
    0.39 0.4 0.41 0.42 0.43 0.44 0.45 0.46 0.47 0.48 0.49 0.5 0.51 0.52  
    0.53 0.54 0.55 0.56 0.57 0.58 0.59 0.6 0.61 0.62 0.63 0.64 0.65  
    0.66 0.67 0.68 0.69 0.7 0.71 0.72 0.73 0.74 0.75 0.76 0.77 0.78  
    0.79 0.8 0.81 0.82 0.83 0.84 0.85 0.86 0.87 0.88 0.89 0.9 0.91 0.92  
    0.93 0.94 0.95 0.96 0.97 0.98 0.99 1.0 
  NRHO = 101 
  PSIPOL = -0.3507537 -0.3506812 -0.3504628 -0.3500971 -0.3495855  
    -0.3489306 -0.3481344 -0.3471977 -0.3461214 -0.3449074 -0.3435572  
    -0.3420729 -0.340456 -0.3387092 -0.3368356 -0.3348379 -0.3327187  
    -0.3304809 -0.3281282 -0.3256638 -0.3230915 -0.320415 -0.317638  
    -0.3147643 -0.3117981 -0.3087433 -0.3056041 -0.3023848 -0.2990897  
    -0.2957232 -0.2922897 -0.2887935 -0.2852392 -0.2816312 -0.2779741  
    -0.2742724 -0.2705308 -0.2667537 -0.2629457 -0.259111 -0.2552541  
    -0.2513792 -0.2474904 -0.2435919 -0.2396874 -0.2357808 -0.2318758  
    -0.2279758 -0.2240842 -0.2202043 -0.2163391 -0.2124916 -0.2086647  
    -0.2048612 -0.2010835 -0.1973342 -0.1936155 -0.1899295 -0.1862782  
    -0.1826632 -0.1790863 -0.1755489 -0.1720522 -0.1685976 -0.165186  
    -0.1618185 -0.1584957 -0.1552185 -0.1519873 -0.1488027 -0.1456651  
    -0.1425746 -0.1395315 -0.1365358 -0.1335875 -0.1306866 -0.1278327  
    -0.1250258 -0.1222654 -0.1195512 -0.1168829 -0.1142598 -0.1116816  
    -0.1091477 -0.1066577 -0.1042111 -0.1018076 -0.0994467 -0.0971282  
    -0.0948518 -0.0926173 -0.0904246 -0.0882737 -0.0861646 -0.0840975  
    -0.0820725 -0.08009 -0.0781502 -0.0762537 -0.0743988 -0.07259 
  RHOPSI = 0.0 0.1 0.1414214 0.1732051 0.2 0.2236068 0.244949 0.2645751  
    0.2828427 0.3 0.3162278 0.3316625 0.3464102 0.3605551 0.3741657  
    0.3872983 0.4 0.4123106 0.4242641 0.4358899 0.4472136 0.4582576  
    0.4690416 0.4795832 0.4898979 0.5 0.509902 0.5196152 0.5291503  
    0.5385165 0.5477226 0.5567764 0.5656854 0.5744563 0.5830952  
    0.591608 0.6 0.6082763 0.6164414 0.6244998 0.6324555 0.6403124  
    0.6480741 0.6557439 0.663325 0.6708204 0.678233 0.6855655 0.6928203  
    0.7 0.7071068 0.7141428 0.7211103 0.728011 0.7348469 0.7416198  
    0.7483315 0.7549834 0.7615773 0.7681146 0.7745967 0.781025  
    0.7874008 0.7937254 0.8 0.8062258 0.8124038 0.8185353 0.8246211  
    0.8306624 0.83666 0.842615 0.8485281 0.8544004 0.8602325 0.8660254  
    0.8717798 0.8774964 0.8831761 0.8888194 0.8944272 0.9 0.9055385  
    0.9110434 0.9165151 0.9219544 0.9273618 0.9327379 0.9380832  
    0.9433981 0.9486833 0.9539392 0.9591663 0.9643651 0.969536  
    0.9746794 0.9797959 0.9848858 0.9899495 0.9949874 1.0 
  Q = -0.9144175 -0.9121406 -0.9053101 -0.9023495 -0.9053613 -0.9104796  
    -0.9149742 -0.9188382 -0.922923 -0.9273745 -0.9322458 -0.9373104  
    -0.9424086 -0.948804 -0.9555322 -0.9627926 -0.9702518 -0.9785028  
    -0.9873325 -0.996749 -1.0067921 -1.01746 -1.0287458 -1.0406579  
    -1.0532248 -1.0664829 -1.0804576 -1.0951632 -1.1106281 -1.1268766  
    -1.1439308 -1.1618191 -1.1805705 -1.2002353 -1.220875 -1.2425249  
    -1.2652123 -1.2889695 -1.3138379 -1.3398566 -1.3670741 -1.3955205  
    -1.4252245 -1.4562314 -1.4885815 -1.5223166 -1.5574742 -1.5940974  
    -1.6322284 -1.6719123 -1.7132181 -1.7562231 -1.8009872 -1.8475656  
    -1.8960113 -1.9463823 -1.9987278 -2.0531077 -2.1095783 -2.1681779  
    -2.2289738 -2.2920184 -2.3573641 -2.425078 -2.4952246 -2.5678698  
    -2.6430766 -2.7209144 -2.801434 -2.8846901 -2.9707452 -3.059652  
    -3.1514718 -3.2462494 -3.3440329 -3.4448653 -3.5487985 -3.6558738  
    -3.7661317 -3.8796131 -3.996373 -4.1164809 -4.2400206 -4.3671036  
    -4.4978799 -4.6325364 -4.771302 -4.9144376 -5.062253 -5.2151121  
    -5.3734326 -5.5376847 -5.7083566 -5.8860126 -6.0714958 -6.265616  
    -6.4689949 -6.6830134 -6.9081495 -7.1308032 -7.4133813 
  NE = 6.0097146 6.0082413 6.0038744 5.9966902 5.9867691 5.9741885  
    5.9590262 5.9413619 5.9212721 5.8988355 5.8741312 5.8472367  
    5.8182316 5.787191 5.7541965 5.7193253 5.6826552 5.6442638 5.604231  
    5.5626329 5.5195515 5.4750603 5.4292415 5.3821715 5.3339279  
    5.2845915 5.2342378 5.1829466 5.1307958 5.0778631 5.0242277  
    4.9699672 4.9151604 4.8598854 4.8042193 4.7482418 4.6920305  
    4.6356642 4.5792214 4.5227785 4.4664155 4.4102106 4.354241  
    4.2985843 4.2433223 4.1885301 4.1342874 4.0806712 4.02776 3.9756335  
    3.9243681 3.8740439 3.8247369 3.7765272 3.7294921 3.683711  
    3.6392612 3.5962206 3.5546682 3.5146596 3.4761054 3.4388612  
    3.4027805 3.3677192 3.3335308 3.3000699 3.2671921 3.2347507  
    3.202601 3.1705966 3.1385931 3.1064457 3.0740066 3.0411336  
    3.0076785 2.9734959 2.9384417 2.9023711 2.8651365 2.826594  
    2.7865977 2.745002 2.701661 2.656431 2.6091652 2.5597188 2.5079448  
    2.4536996 2.3968372 2.3372113 2.2746781 2.2090906 2.1403046  
    2.0681735 1.9925532 1.9132975 1.8302603 1.7432972 1.6523588  
    1.558383 1.4628845 
  TE = 2.6668897 2.6652894 2.6605635 2.6528244 2.6421838 2.6287537  
    2.6126466 2.5939748 2.5728497 2.5493841 2.5236898 2.4958785  
    2.466063 2.4343555 2.4008672 2.3657117 2.3289995 2.2908437  
    2.2513559 2.210649 2.1688345 2.126024 2.0823309 2.0378664 1.992743  
    1.9470729 1.9009677 1.8545399 1.8079015 1.761165 1.7144418  
    1.6678444 1.6214851 1.5754756 1.5299286 1.4849558 1.4406694  
    1.3971813 1.3546042 1.3130494 1.2726298 1.2334571 1.1956428  
    1.1592453 1.1242299 1.090553 1.0581705 1.0270387 0.9971139  
    0.9683518 0.9407091 0.9141418 0.8886058 0.8640577 0.8404533  
    0.8177491 0.7959008 0.774865 0.7545976 0.7350549 0.7161931  
    0.6979682 0.6803364 0.6632539 0.6466769 0.6305616 0.614864  
    0.5995405 0.5845471 0.5698399 0.5553752 0.5411092 0.5269979  
    0.5129975 0.4990643 0.4851544 0.4712239 0.457229 0.4431259  
    0.4288707 0.4144196 0.3997288 0.3847546 0.3694727 0.3538963  
    0.3380427 0.3219292 0.3055731 0.2889919 0.2722026 0.2552229  
    0.2380698 0.2207609 0.2033133 0.1857445 0.1680717 0.1503122  
    0.1324835 0.1146028 0.0966874 0.0787547 
  TI = 3.9044619 3.8992038 3.8838673 3.8591094 3.8255877 3.7839596  
    3.7348816 3.6790116 3.6170061 3.5495227 3.4772194 3.4007523  
    3.3207783 3.2379555 3.152941 3.066392 2.9789653 2.8913183 2.804108  
    2.7179923 2.633621 2.551362 2.4712109 2.3931365 2.3171076 2.2430942  
    2.1710653 2.1009901 2.0328384 1.9665778 1.9021796 1.8396118  
    1.778844 1.7198453 1.6625855 1.6070324 1.5531565 1.5009264  
    1.4503122 1.4012825 1.3538066 1.3078542 1.2633937 1.2203946  
    1.1788264 1.1386588 1.09986 1.0624003 1.0262476 0.9913723 0.9577428  
    0.9253294 0.8941004 0.8640257 0.8350743 0.8072154 0.7804173  
    0.7546511 0.7298852 0.7060878 0.6832295 0.6612792 0.6402063  
    0.6199791 0.600568 0.5819417 0.5640696 0.546921 0.5304647 0.5146704  
    0.499507 0.4849441 0.4709506 0.457496 0.4445493 0.4320802 0.4200574  
    0.4084503 0.3972285 0.3863607 0.3758164 0.3655649 0.3555752  
    0.3458168 0.336259 0.3268709 0.3176216 0.3084804 0.2994167  
    0.2903997 0.2813988 0.2723948 0.2633866 0.2543747 0.2453596  
    0.2363417 0.2273215 0.2182994 0.2092759 0.2002515 0.1912267 
  ZEFF = 1.2947374 1.2948112 1.2950296 1.2953888 1.2958849 1.2965149  
    1.2972757 1.2981645 1.299179 1.3003169 1.3015761 1.302955 1.3044516  
    1.3060647 1.3077927 1.3096344 1.3115887 1.3136543 1.3158303  
    1.3181158 1.3205096 1.323011 1.3256187 1.3283322 1.3311502  
    1.3340716 1.3370953 1.3402201 1.3434444 1.346767 1.350186 1.3536994  
    1.3573051 1.3610008 1.3647837 1.3686507 1.3725984 1.3766232  
    1.3807205 1.384886 1.3891139 1.3933987 1.3977339 1.4021123 1.406526  
    1.4109665 1.4154242 1.4198891 1.4243499 1.4287942 1.4332092  
    1.4375807 1.4418934 1.4461311 1.4502766 1.4543114 1.458216 1.46197  
    1.4655518 1.4689421 1.4721405 1.4751552 1.477996 1.4806733  
    1.4831995 1.4855879 1.4878529 1.4900102 1.4920765 1.4940697  
    1.4960089 1.4979131 1.4997805 1.5015829 1.503291 1.5048738 1.506299  
    1.5075325 1.5085392 1.5092813 1.5097182 1.5098066 1.5094993  
    1.5087439 1.5074832 1.5056528 1.5031802 1.4999822 1.4959638  
    1.4910141 1.485003 1.4777761 1.4691484 1.4588955 1.4388963  
    1.4231544 1.3972221 1.3604862 1.3133441 1.2575543 1.1968759 
  P_EQ = 72931.0950783 72863.0879671 72659.0666335 72278.5644964  
    71750.9817777 71094.7898693 70313.656352 69416.2169938  
    68411.6891345 67309.0761811 66117.6960242 64842.7279202  
    63500.2969535 62104.0749911 60651.3526738 59154.4660684  
    57627.4215837 56072.6299523 54498.6036648 52917.6617343  
    51338.3852249 49770.9143806 48208.0220437 46652.3200915  
    45114.0300227 43591.7151506 42085.3459789 40597.7609753  
    39130.3563646 37685.8260048 36265.9548314 34873.1927527  
    33508.8098909 32174.283866 30870.9263466 29600.5012872  
    28364.0383617 27161.3763294 25995.1152037 24867.2397382  
    23778.0034367 22728.3567624 21719.0732061 20750.2530645  
    19821.1276986 18930.5696028 18077.5858704 17261.4872555  
    16481.5755609 15736.2909054 15024.250817 14344.6338026  
    13696.5179152 13078.9359746 12490.6322272 11930.5796245  
    11397.6830044 10890.856682 10409.0395137 9951.1778799 9516.0004167  
    9102.0571645 8708.2662859 8333.2970143 7975.7397387 7634.6780429  
    7309.1960875 6998.0915319 6700.434856 6415.1235936 6141.2315963  
    5877.8662104 5624.1892645 5379.4381293 5142.8649878 4913.7539025  
    4691.4354632 4475.3077793 4264.7835189 4059.3181923 3858.4211218  
    3661.6204907 3468.4967665 3278.7778136 3092.4191714 2909.4152218  
    2729.7782117 2553.5514752 2380.7702822 2211.5258406 2045.9008484  
    1884.0460874 1726.1694075 1572.4674444 1423.8004457 1279.171963  
    1139.9952571 1006.822137 879.9755403 759.126743 643.6591227 
  OMEGA = 102114.21875 102054.843748 101879.8359278 101593.9140403  
    101201.7343359 100708.0312901 100117.4608526 99434.7343966  
    98664.5467303 97811.6018809 96880.5704565 95876.1561882  
    94803.0465788 93665.9447565 92469.5469479 91218.5320102  
    89917.6089018 88571.4533693 87184.7822545 85762.2652822  
    84308.6098121 82828.5146475 81326.65607 79807.7350113 78276.4523015  
    76737.4921875 75195.5532178 73655.3219615 72121.5158072  
    70598.7877985 69091.8689716 67605.4222264 66144.1630279  
    64712.1229518 63309.9262774 61937.1437217 60593.3144018  
    59277.9928079 57990.7493928 56731.1193115 55498.6765078  
    54292.9683236 53113.5414393 51959.9461284 50831.7536403  
    49728.5143246 48649.7782338 47595.1014382 46564.0262501  
    45556.137669 44570.9648438 43608.0694047 42667.0021319  
    41747.3098991 40848.576125 39970.3213474 39112.121296 38273.5189384  
    37454.1002107 36653.3768305 35870.9198128 35106.2745188  
    34359.012071 33628.6832495 32914.8466467 32217.0354645  
    31534.8162222 30867.7647727 30215.3969458 29577.2947714  
    28952.9953576 28342.0690156 27744.0602866 27158.5343083  
    26585.0337445 26023.1113281 25472.3334643 24932.2470266  
    24402.4047483 23882.3663401 23371.6841972 22869.9102749  
    22376.6012126 21891.3175558 21413.6081316 20943.0186921  
    20479.123706 20021.455295 19569.5837702 19123.0579585 18681.4344993  
    18244.26286 17811.1022824 17381.5081187 16955.0331018 16531.2299649  
    16109.6543708 15689.8605741 15271.4041176 14853.8382886  
    14436.7177734 
  PPRIME = -0.0 -0.0 -0.0 -0.0 -0.0 -0.0 -0.0 -0.0 -0.0 -0.0 -0.0 -0.0  
    -0.0 -0.0 -0.0 -0.0 -0.0 -0.0 -0.0 -0.0 -0.0 -0.0 -0.0 -0.0 -0.0  
    -0.0 -0.0 -0.0 -0.0 -0.0 -0.0 -0.0 -0.0 -0.0 -0.0 -0.0 -0.0 -0.0  
    -0.0 -0.0 -0.0 -0.0 -0.0 -0.0 -0.0 -0.0 -0.0 -0.0 -0.0 -0.0 -0.0  
    -0.0 -0.0 -0.0 -0.0 -0.0 -0.0 -0.0 -0.0 -0.0 -0.0 -0.0 -0.0 -0.0  
    -0.0 -0.0 -0.0 -0.0 -0.0 -0.0 -0.0 -0.0 -0.0 -0.0 -0.0 -0.0 -0.0  
    -0.0 -0.0 -0.0 -0.0 -0.0 -0.0 -0.0 -0.0 -0.0 -0.0 -0.0 -0.0 -0.0  
    -0.0 -0.0 -0.0 -0.0 -0.0 -0.0 -0.0 -0.0 -0.0 -0.0 -0.0 
  FFPRIME = -1.0226097 -1.0486689 -0.9392517 -0.6927227 -0.7129342  
    -0.7706738 -0.8287814 -0.8909238 -0.9493381 -1.0059534 -1.0567564  
    -1.1083277 -1.1701652 -1.2212112 -1.2593419 -1.3022628 -1.3422854  
    -1.3747114 -1.4074557 -1.4398099 -1.4707974 -1.4920553 -1.4995173  
    -1.5050926 -1.5065743 -1.4984504 -1.4847236 -1.4669522 -1.4454465  
    -1.4211899 -1.3945112 -1.3655302 -1.333748 -1.2988743 -1.2618372  
    -1.2237938 -1.1843381 -1.1443369 -1.1050414 -1.065571 -1.026079  
    -0.9875585 -0.9496709 -0.9118239 -0.8738374 -0.835983 -0.7986536  
    -0.7621297 -0.7262228 -0.6903003 -0.6543214 -0.6188283 -0.5843572  
    -0.5510301 -0.5188557 -0.4881085 -0.4587533 -0.4308013 -0.4045939  
    -0.3798863 -0.3563188 -0.3341304 -0.3132025 -0.2931649 -0.2742385  
    -0.2566153 -0.2400816 -0.2247203 -0.2106343 -0.1976729 -0.1858075  
    -0.175046 -0.1654259 -0.1569809 -0.1496613 -0.1433495 -0.1380089  
    -0.1336631 -0.1302392 -0.1275629 -0.1254138 -0.1235814 -0.1218674  
    -0.1200918 -0.1180214 -0.1153737 -0.1119309 -0.1074806 -0.1018332  
    -0.0948288 -0.0863406 -0.076331 -0.0647893 -0.0520654 -0.0378853  
    -0.0224347 -0.0066383 0.0094515 0.0264482 0.0454685 0.0556072 
  J_OH = 1.9404267 1.9326281 1.8922844 1.8207568 1.7407481 1.6836966  
    1.6488006 1.6182074 1.5863797 1.5554094 1.5257451 1.49614 1.4666089  
    1.4379144 1.4097434 1.3813903 1.3532071 1.325325 1.2972519  
    1.2695179 1.2417207 1.2141254 1.1866435 1.1588951 1.1318501  
    1.1047917 1.0782716 1.0518727 1.025792 0.9999533 0.9743705  
    0.9492798 0.9242276 0.899858 0.8753696 0.8507682 0.8263053  
    0.8013771 0.7765012 0.7513094 0.7263743 0.7009647 0.6758402  
    0.6508576 0.6261695 0.6017318 0.577539 0.553888 0.5304344 0.5074666  
    0.4851588 0.4633686 0.4421242 0.4212988 0.4012459 0.381675  
    0.3626687 0.3445654 0.3268338 0.3098632 0.2937686 0.2782088  
    0.2634409 0.2495126 0.2363108 0.2238846 0.2122899 0.2015456  
    0.1915292 0.1824159 0.1741505 0.1667507 0.1602203 0.1545469  
    0.1497104 0.1457308 0.1425975 0.1401811 0.1384517 0.137307  
    0.1366693 0.1363717 0.1362719 0.1362117 0.1360148 0.1355594  
    0.1346519 0.1331591 0.1309553 0.127935 0.1240238 0.1191861  
    0.1133796 0.1067069 0.0992129 0.0908602 0.0818545 0.0723752  
    0.0624202 0.0519286 0.0489902 
  J_BS = 0.0 0.0074899 0.0326214 0.0743098 0.1167986 0.1468248  
    0.1642357 0.1770499 0.1889369 0.1992181 0.2076816 0.2147592  
    0.2206892 0.2252755 0.2286003 0.230969 0.232289 0.2325415 0.2319108  
    0.2305127 0.2284474 0.2258384 0.2228874 0.2197473 0.2163927  
    0.2128132 0.2090205 0.205059 0.2009693 0.1967439 0.1923926 0.187914  
    0.183307 0.178611 0.1738551 0.1690158 0.1640929 0.1591191 0.1540954  
    0.1490155 0.1438809 0.1386989 0.1335128 0.1284229 0.1235016 0.11875  
    0.1141608 0.1097303 0.1054513 0.1013175 0.0973285 0.0934818  
    0.0897733 0.0861962 0.0827472 0.0794253 0.0762246 0.0731437  
    0.0701862 0.0673931 0.0648165 0.0624618 0.0603152 0.0583657  
    0.0566058 0.0550285 0.053626 0.0523907 0.0513151 0.0503929  
    0.0496183 0.0489857 0.0484874 0.0481164 0.0478665 0.0477306  
    0.0477028 0.0477768 0.0479422 0.0481883 0.0485041 0.0488748  
    0.0492676 0.0496163 0.0498681 0.0500024 0.0499991 0.0498379  
    0.0494985 0.0489565 0.0481821 0.0471386 0.0457918 0.0439752  
    0.0419593 0.0396232 0.0366983 0.0334449 0.0297677 0.0255878  
    0.0211569 
  J_NB = 0.131408 0.1399467 0.1655627 0.1865494 0.2026652 0.2130242  
    0.2203222 0.2267677 0.2317872 0.235844 0.2391233 0.2419477  
    0.2442492 0.2458526 0.2466241 0.2467664 0.2466447 0.2463135  
    0.2458598 0.2441733 0.2419464 0.2394662 0.2366815 0.2336053  
    0.229087 0.223961 0.2180109 0.2116728 0.2046973 0.1973371 0.1896278  
    0.1813548 0.1728276 0.1630754 0.153129 0.1435077 0.1340822  
    0.1253815 0.1169146 0.1090633 0.1014691 0.0951383 0.089205  
    0.0836766 0.0784291 0.0736158 0.0692845 0.06516 0.0616378 0.0582206  
    0.0545112 0.0507908 0.0473065 0.0443001 0.0414152 0.0390294  
    0.0370454 0.0351126 0.0339208 0.0329573 0.0319594 0.0313458  
    0.0307895 0.0301443 0.0295559 0.0289747 0.0283218 0.0276478  
    0.0271317 0.0265389 0.0258785 0.0251387 0.0243286 0.0234828  
    0.0226075 0.0216224 0.0205106 0.0194182 0.0183469 0.0172984  
    0.016228 0.0151866 0.0141794 0.0132073 0.0122718 0.0113217  
    0.0104142 0.0095554 0.0087452 0.0079827 0.0072533 0.0065378  
    0.0058653 0.0052281 0.0046155 0.0040245 0.0034504 0.0029036  
    0.0023879 0.001844 0.0012093 
  J_EC = 0.0 0.0 0.0 0.0 0.0 0.0 0.0 0.0 0.0 0.0 0.0 0.0 0.0 0.0 0.0  
    0.0 0.0 0.0 0.0 0.0 0.0 0.0 0.0 0.0 0.0 0.0 0.0 0.0 0.0 0.0 0.0 0.0  
    0.0 0.0 0.0 0.0 0.0 0.0 0.0 0.0 0.0 0.0 0.0 0.0 0.0 0.0 0.0 0.0 0.0  
    0.0 0.0 0.0 0.0 0.0 0.0 0.0 0.0 0.0 0.0 0.0 0.0 0.0 0.0 0.0 0.0 0.0  
    0.0 0.0 0.0 0.0 0.0 0.0 0.0 0.0 0.0 0.0 0.0 0.0 0.0 0.0 0.0 0.0 0.0  
    0.0 0.0 0.0 0.0 0.0 0.0 0.0 0.0 0.0 0.0 0.0 0.0 0.0 0.0 0.0 0.0 0.0  
    0.0 
  J_IC = 0.0 0.0 0.0 0.0 0.0 0.0 0.0 0.0 0.0 0.0 0.0 0.0 0.0 0.0 0.0  
    0.0 0.0 0.0 0.0 0.0 0.0 0.0 0.0 0.0 0.0 0.0 0.0 0.0 0.0 0.0 0.0 0.0  
    0.0 0.0 0.0 0.0 0.0 0.0 0.0 0.0 0.0 0.0 0.0 0.0 0.0 0.0 0.0 0.0 0.0  
    0.0 0.0 0.0 0.0 0.0 0.0 0.0 0.0 0.0 0.0 0.0 0.0 0.0 0.0 0.0 0.0 0.0  
    0.0 0.0 0.0 0.0 0.0 0.0 0.0 0.0 0.0 0.0 0.0 0.0 0.0 0.0 0.0 0.0 0.0  
    0.0 0.0 0.0 0.0 0.0 0.0 0.0 0.0 0.0 0.0 0.0 0.0 0.0 0.0 0.0 0.0 0.0  
    0.0 
  J_LH = 0.0 0.0 0.0 0.0 0.0 0.0 0.0 0.0 0.0 0.0 0.0 0.0 0.0 0.0 0.0  
    0.0 0.0 0.0 0.0 0.0 0.0 0.0 0.0 0.0 0.0 0.0 0.0 0.0 0.0 0.0 0.0 0.0  
    0.0 0.0 0.0 0.0 0.0 0.0 0.0 0.0 0.0 0.0 0.0 0.0 0.0 0.0 0.0 0.0 0.0  
    0.0 0.0 0.0 0.0 0.0 0.0 0.0 0.0 0.0 0.0 0.0 0.0 0.0 0.0 0.0 0.0 0.0  
    0.0 0.0 0.0 0.0 0.0 0.0 0.0 0.0 0.0 0.0 0.0 0.0 0.0 0.0 0.0 0.0 0.0  
    0.0 0.0 0.0 0.0 0.0 0.0 0.0 0.0 0.0 0.0 0.0 0.0 0.0 0.0 0.0 0.0 0.0  
    0.0 
  J_HC = 0.0 0.0 0.0 0.0 0.0 0.0 0.0 0.0 0.0 0.0 0.0 0.0 0.0 0.0 0.0  
    0.0 0.0 0.0 0.0 0.0 0.0 0.0 0.0 0.0 0.0 0.0 0.0 0.0 0.0 0.0 0.0 0.0  
    0.0 0.0 0.0 0.0 0.0 0.0 0.0 0.0 0.0 0.0 0.0 0.0 0.0 0.0 0.0 0.0 0.0  
    0.0 0.0 0.0 0.0 0.0 0.0 0.0 0.0 0.0 0.0 0.0 0.0 0.0 0.0 0.0 0.0 0.0  
    0.0 0.0 0.0 0.0 0.0 0.0 0.0 0.0 0.0 0.0 0.0 0.0 0.0 0.0 0.0 0.0 0.0  
    0.0 0.0 0.0 0.0 0.0 0.0 0.0 0.0 0.0 0.0 0.0 0.0 0.0 0.0 0.0 0.0 0.0  
    0.0 
  J_TOT = 2.1306228 2.1306228 2.1412766 2.1322059 2.1102822 2.0932093  
    2.0827637 2.071135 2.0558299 2.0387568 2.0203756 2.0002084  
    1.9782565 1.9550611 1.930293 1.9037343 1.8759399 1.8470957 1.817028  
    1.785243 1.7521344 1.7183889 1.6840713 1.6489638 1.6128608  
    1.5758743 1.5383568 1.5003765 1.4619248 1.423176 1.3841949  
    1.3450055 1.3054658 1.2652913 1.2247479 1.1843449 1.1442091  
    1.1043028 1.0646579 1.0252855 0.986406 0.9483056 0.9109242  
    0.8742291 0.8383234 0.8033197 0.7692543 0.7361465 0.7040411  
    0.6727233 0.6419695 0.6119161 0.5828341 0.5548312 0.5278999  
    0.5021251 0.477485 0.4539643 0.4317235 0.4106783 0.3907308  
    0.3719624 0.354287 0.3375931 0.3219037 0.3072091 0.2934766  
    0.2807658 0.2691238 0.258483 0.2487895 0.2400418 0.2322434  
    0.2254076 0.2195133 0.2144909 0.210306 0.2069676 0.2044358  
    0.2025982 0.2013201 0.2004698 0.1998765 0.1993154 0.1985583  
    0.1974108 0.1957158 0.1933253 0.1900924 0.1858862 0.1805874  
    0.1741042 0.1663889 0.1573699 0.1473518 0.1361729 0.1237659  
    0.110581 0.0965221 0.0814221 0.0734823 
  P_EI = -0.1858277 -0.1853426 -0.1839383 -0.1817147 -0.1787262  
    -0.1750367 -0.1707116 -0.1658149 -0.1604108 -0.1545596 -0.1483242  
    -0.1417713 -0.1349624 -0.1279626 -0.120845 -0.1136794 -0.1065392  
    -0.0995038 -0.0926553 -0.0860799 -0.0798689 -0.0740693 -0.0686704  
    -0.0636547 -0.0590039 -0.0547023 -0.0507339 -0.047082 -0.0437304  
    -0.0406621 -0.0378605 -0.0353076 -0.0329853 -0.0308744 -0.0289546  
    -0.0272041 -0.0255999 -0.0241172 -0.0227291 -0.0214063 -0.0201174  
    -0.0188286 -0.0175036 -0.0161189 -0.0146765 -0.0131813 -0.0116382  
    -0.010053 -0.0084311 -0.0067788 -0.0051021 -0.0034075 -0.0017013  
    1e-05 0.0017202 0.003423 0.0051123 0.0067817 0.0084257 0.0100389  
    0.0116144 0.0131448 0.0146222 0.0160382 0.0173833 0.0186479  
    0.0198216 0.0208934 0.0218521 0.0226855 0.0233814 0.0239266  
    0.0243077 0.0245104 0.0245199 0.0243205 0.0238957 0.0232279  
    0.0222975 0.0210837 0.0195628 0.0177081 0.0154887 0.0128776  
    0.0098614 0.006426 0.0025533 -0.0017792 -0.0066007 -0.0119485  
    -0.0178725 -0.0244473 -0.0317879 -0.0400524 -0.0494333 -0.0603038  
    -0.0730846 -0.0885288 -0.1079332 -0.1338583 -0.1717034 
  SE_NB = 0.0 0.0 0.0 0.0 0.0 0.0 0.0 0.0 0.0 0.0 0.0 0.0 0.0 0.0 0.0  
    0.0 0.0 0.0 0.0 0.0 0.0 0.0 0.0 0.0 0.0 0.0 0.0 0.0 0.0 0.0 0.0 0.0  
    0.0 0.0 0.0 0.0 0.0 0.0 0.0 0.0 0.0 0.0 0.0 0.0 0.0 0.0 0.0 0.0 0.0  
    0.0 0.0 0.0 0.0 0.0 0.0 0.0 0.0 0.0 0.0 0.0 0.0 0.0 0.0 0.0 0.0 0.0  
    0.0 0.0 0.0 0.0 0.0 0.0 0.0 0.0 0.0 0.0 0.0 0.0 0.0 0.0 0.0 0.0 0.0  
    0.0 0.0 0.0 0.0 0.0 0.0 0.0 0.0 0.0 0.0 0.0 0.0 0.0 0.0 0.0 0.0 0.0  
    0.0 
  PE_NB = 0.2405823 0.2407916 0.2414468 0.2417503 0.242026 0.2423722  
    0.2427264 0.2430732 0.243399 0.2437076 0.2439964 0.2441982  
    0.2444077 0.2446871 0.244864 0.2449811 0.2451085 0.2451522  
    0.2451062 0.2450235 0.2449104 0.2448398 0.2446468 0.2443289  
    0.2440124 0.2436326 0.2431486 0.2425676 0.2418728 0.2410699  
    0.2401507 0.2391226 0.23797 0.2366824 0.2352469 0.2336595 0.2319074  
    0.2299483 0.227802 0.2254809 0.2229577 0.220224 0.2172704 0.2140923  
    0.2107014 0.2071055 0.2033172 0.1993573 0.1952495 0.1909939  
    0.1865946 0.1820739 0.1774522 0.1727486 0.1679721 0.1631385  
    0.158262 0.1533556 0.1484331 0.1435079 0.1385931 0.1336931  
    0.1288327 0.124016 0.1192402 0.1145286 0.1099023 0.105358 0.1009067  
    0.0965493 0.0922917 0.0881386 0.084095 0.080166 0.0763557 0.0726671  
    0.0691035 0.0656688 0.062366 0.0591976 0.056167 0.0532761 0.0505269  
    0.0479203 0.0454554 0.0431312 0.0409466 0.0389021 0.0369941  
    0.0352246 0.0335891 0.032084 0.0306996 0.0294148 0.0282 0.0270169  
    0.0258524 0.0247711 0.0237888 0.0223824 0.0192795 
  PE_EC = 0.0 0.0 0.0 0.0 0.0 0.0 0.0 0.0 0.0 0.0 0.0 0.0 0.0 0.0 0.0  
    0.0 0.0 0.0 0.0 0.0 0.0 0.0 0.0 0.0 0.0 0.0 0.0 0.0 0.0 0.0 0.0 0.0  
    0.0 0.0 0.0 0.0 0.0 0.0 0.0 0.0 0.0 0.0 0.0 0.0 0.0 0.0 0.0 0.0 0.0  
    0.0 0.0 0.0 0.0 0.0 0.0 0.0 0.0 0.0 0.0 0.0 0.0 0.0 0.0 0.0 0.0 0.0  
    0.0 0.0 0.0 0.0 0.0 0.0 0.0 0.0 0.0 0.0 0.0 0.0 0.0 0.0 0.0 0.0 0.0  
    0.0 0.0 0.0 0.0 0.0 0.0 0.0 0.0 0.0 0.0 0.0 0.0 0.0 0.0 0.0 0.0 0.0  
    0.0 
  PE_IC = 0.0 0.0 0.0 0.0 0.0 0.0 0.0 0.0 0.0 0.0 0.0 0.0 0.0 0.0 0.0  
    0.0 0.0 0.0 0.0 0.0 0.0 0.0 0.0 0.0 0.0 0.0 0.0 0.0 0.0 0.0 0.0 0.0  
    0.0 0.0 0.0 0.0 0.0 0.0 0.0 0.0 0.0 0.0 0.0 0.0 0.0 0.0 0.0 0.0 0.0  
    0.0 0.0 0.0 0.0 0.0 0.0 0.0 0.0 0.0 0.0 0.0 0.0 0.0 0.0 0.0 0.0 0.0  
    0.0 0.0 0.0 0.0 0.0 0.0 0.0 0.0 0.0 0.0 0.0 0.0 0.0 0.0 0.0 0.0 0.0  
    0.0 0.0 0.0 0.0 0.0 0.0 0.0 0.0 0.0 0.0 0.0 0.0 0.0 0.0 0.0 0.0 0.0  
    0.0 
  PE_LH = 0.0 0.0 0.0 0.0 0.0 0.0 0.0 0.0 0.0 0.0 0.0 0.0 0.0 0.0 0.0  
    0.0 0.0 0.0 0.0 0.0 0.0 0.0 0.0 0.0 0.0 0.0 0.0 0.0 0.0 0.0 0.0 0.0  
    0.0 0.0 0.0 0.0 0.0 0.0 0.0 0.0 0.0 0.0 0.0 0.0 0.0 0.0 0.0 0.0 0.0  
    0.0 0.0 0.0 0.0 0.0 0.0 0.0 0.0 0.0 0.0 0.0 0.0 0.0 0.0 0.0 0.0 0.0  
    0.0 0.0 0.0 0.0 0.0 0.0 0.0 0.0 0.0 0.0 0.0 0.0 0.0 0.0 0.0 0.0 0.0  
    0.0 0.0 0.0 0.0 0.0 0.0 0.0 0.0 0.0 0.0 0.0 0.0 0.0 0.0 0.0 0.0 0.0  
    0.0 
  PE_HC = 0.0 0.0 0.0 0.0 0.0 0.0 0.0 0.0 0.0 0.0 0.0 0.0 0.0 0.0 0.0  
    0.0 0.0 0.0 0.0 0.0 0.0 0.0 0.0 0.0 0.0 0.0 0.0 0.0 0.0 0.0 0.0 0.0  
    0.0 0.0 0.0 0.0 0.0 0.0 0.0 0.0 0.0 0.0 0.0 0.0 0.0 0.0 0.0 0.0 0.0  
    0.0 0.0 0.0 0.0 0.0 0.0 0.0 0.0 0.0 0.0 0.0 0.0 0.0 0.0 0.0 0.0 0.0  
    0.0 0.0 0.0 0.0 0.0 0.0 0.0 0.0 0.0 0.0 0.0 0.0 0.0 0.0 0.0 0.0 0.0  
    0.0 0.0 0.0 0.0 0.0 0.0 0.0 0.0 0.0 0.0 0.0 0.0 0.0 0.0 0.0 0.0 0.0  
    0.0 
  SI_NB = 0.0 0.0 0.0 0.0 0.0 0.0 0.0 0.0 0.0 0.0 0.0 0.0 0.0 0.0 0.0  
    0.0 0.0 0.0 0.0 0.0 0.0 0.0 0.0 0.0 0.0 0.0 0.0 0.0 0.0 0.0 0.0 0.0  
    0.0 0.0 0.0 0.0 0.0 0.0 0.0 0.0 0.0 0.0 0.0 0.0 0.0 0.0 0.0 0.0 0.0  
    0.0 0.0 0.0 0.0 0.0 0.0 0.0 0.0 0.0 0.0 0.0 0.0 0.0 0.0 0.0 0.0 0.0  
    0.0 0.0 0.0 0.0 0.0 0.0 0.0 0.0 0.0 0.0 0.0 0.0 0.0 0.0 0.0 0.0 0.0  
    0.0 0.0 0.0 0.0 0.0 0.0 0.0 0.0 0.0 0.0 0.0 0.0 0.0 0.0 0.0 0.0 0.0  
    0.0 
  PI_NB = 0.6939779 0.6938058 0.6929209 0.6910358 0.6884047 0.6847364  
    0.6801743 0.6747299 0.6684656 0.6613971 0.6535663 0.6450958  
    0.6359149 0.6259967 0.6155622 0.6046119 0.5931214 0.5812252  
    0.5689716 0.5563513 0.5433958 0.5300646 0.5165664 0.502937  
    0.4890806 0.4750932 0.4610457 0.4469535 0.4328562 0.4187749  
    0.4047383 0.3907573 0.3768659 0.3630911 0.3494622 0.3359924  
    0.3227208 0.3096961 0.2969106 0.2843668 0.2721029 0.2601392  
    0.2484967 0.237192 0.2262268 0.2156058 0.2053297 0.1953907  
    0.1857783 0.1765042 0.1675759 0.1589828 0.1507147 0.142763  
    0.1351282 0.127803 0.1207809 0.1140557 0.1076196 0.1014646 0.095582  
    0.0899712 0.0846098 0.0794954 0.0746331 0.0699997 0.065574  
    0.0613595 0.0573445 0.0535268 0.0498987 0.0464535 0.0431842  
    0.0400834 0.0371447 0.0343629 0.0317323 0.0292462 0.0268995  
    0.024687 0.0226035 0.0206449 0.0188064 0.0170831 0.0154712  
    0.0139668 0.0125659 0.0112624 0.0100535 0.0089297 0.0078871  
    0.0069196 0.0060188 0.0051738 0.0043722 0.0036085 0.0028891  
    0.0022432 0.001685 0.001125 0.0005453 
  PI_EC = 0.0 0.0 0.0 0.0 0.0 0.0 0.0 0.0 0.0 0.0 0.0 0.0 0.0 0.0 0.0  
    0.0 0.0 0.0 0.0 0.0 0.0 0.0 0.0 0.0 0.0 0.0 0.0 0.0 0.0 0.0 0.0 0.0  
    0.0 0.0 0.0 0.0 0.0 0.0 0.0 0.0 0.0 0.0 0.0 0.0 0.0 0.0 0.0 0.0 0.0  
    0.0 0.0 0.0 0.0 0.0 0.0 0.0 0.0 0.0 0.0 0.0 0.0 0.0 0.0 0.0 0.0 0.0  
    0.0 0.0 0.0 0.0 0.0 0.0 0.0 0.0 0.0 0.0 0.0 0.0 0.0 0.0 0.0 0.0 0.0  
    0.0 0.0 0.0 0.0 0.0 0.0 0.0 0.0 0.0 0.0 0.0 0.0 0.0 0.0 0.0 0.0 0.0  
    0.0 
  PI_IC = 0.0 0.0 0.0 0.0 0.0 0.0 0.0 0.0 0.0 0.0 0.0 0.0 0.0 0.0 0.0  
    0.0 0.0 0.0 0.0 0.0 0.0 0.0 0.0 0.0 0.0 0.0 0.0 0.0 0.0 0.0 0.0 0.0  
    0.0 0.0 0.0 0.0 0.0 0.0 0.0 0.0 0.0 0.0 0.0 0.0 0.0 0.0 0.0 0.0 0.0  
    0.0 0.0 0.0 0.0 0.0 0.0 0.0 0.0 0.0 0.0 0.0 0.0 0.0 0.0 0.0 0.0 0.0  
    0.0 0.0 0.0 0.0 0.0 0.0 0.0 0.0 0.0 0.0 0.0 0.0 0.0 0.0 0.0 0.0 0.0  
    0.0 0.0 0.0 0.0 0.0 0.0 0.0 0.0 0.0 0.0 0.0 0.0 0.0 0.0 0.0 0.0 0.0  
    0.0 
  PI_LH = 0.0 0.0 0.0 0.0 0.0 0.0 0.0 0.0 0.0 0.0 0.0 0.0 0.0 0.0 0.0  
    0.0 0.0 0.0 0.0 0.0 0.0 0.0 0.0 0.0 0.0 0.0 0.0 0.0 0.0 0.0 0.0 0.0  
    0.0 0.0 0.0 0.0 0.0 0.0 0.0 0.0 0.0 0.0 0.0 0.0 0.0 0.0 0.0 0.0 0.0  
    0.0 0.0 0.0 0.0 0.0 0.0 0.0 0.0 0.0 0.0 0.0 0.0 0.0 0.0 0.0 0.0 0.0  
    0.0 0.0 0.0 0.0 0.0 0.0 0.0 0.0 0.0 0.0 0.0 0.0 0.0 0.0 0.0 0.0 0.0  
    0.0 0.0 0.0 0.0 0.0 0.0 0.0 0.0 0.0 0.0 0.0 0.0 0.0 0.0 0.0 0.0 0.0  
    0.0 
  PI_HC = 0.0 0.0 0.0 0.0 0.0 0.0 0.0 0.0 0.0 0.0 0.0 0.0 0.0 0.0 0.0  
    0.0 0.0 0.0 0.0 0.0 0.0 0.0 0.0 0.0 0.0 0.0 0.0 0.0 0.0 0.0 0.0 0.0  
    0.0 0.0 0.0 0.0 0.0 0.0 0.0 0.0 0.0 0.0 0.0 0.0 0.0 0.0 0.0 0.0 0.0  
    0.0 0.0 0.0 0.0 0.0 0.0 0.0 0.0 0.0 0.0 0.0 0.0 0.0 0.0 0.0 0.0 0.0  
    0.0 0.0 0.0 0.0 0.0 0.0 0.0 0.0 0.0 0.0 0.0 0.0 0.0 0.0 0.0 0.0 0.0  
    0.0 0.0 0.0 0.0 0.0 0.0 0.0 0.0 0.0 0.0 0.0 0.0 0.0 0.0 0.0 0.0 0.0  
    0.0 
  PI_CX = 0.0792214 0.0778221 0.0770541 0.0762495 0.0749657 0.0732832  
    0.0713389 0.0692036 0.0668922 0.0644177 0.0617953 0.0590536  
    0.0562271 0.0533476 0.0504488 0.0475625 0.0447123 0.0419239  
    0.0392207 0.0366252 0.0341606 0.0318354 0.0296459 0.0275849  
    0.0256444 0.0238193 0.022102 0.0204882 0.0189725 0.0175509  
    0.0162188 0.0149715 0.013805 0.0127148 0.0116974 0.0107484  
    0.0098646 0.0090415 0.0082764 0.0075651 0.0069052 0.0062925  
    0.0057251 0.0052003 0.0047157 0.0042681 0.0038553 0.0034754  
    0.0031252 0.002804 0.0025107 0.0022427 0.0019972 0.0017703 0.001564  
    0.0013723 0.0011953 0.0010363 0.0008969 0.0007734 0.0006638  
    0.0005676 0.0004836 0.0004109 0.0003496 0.0002988 0.000257  
    0.0002241 0.0002006 0.0001846 0.0001761 0.0001745 0.00018 0.0001937  
    0.000216 0.0002475 0.0002892 0.0003422 0.0004086 0.0004905  
    0.0005904 0.0007116 0.0008605 0.0010479 0.0012873 0.0015959  
    0.0019942 0.0025085 0.0031702 0.0040196 0.0051085 0.0065057  
    0.0083364 0.0108394 0.0143851 0.0194821 0.0266039 0.0358865  
    0.0477009 0.0714437 0.1351181 
  PI_FUS = 0.0 0.0 0.0 0.0 0.0 0.0 0.0 0.0 0.0 0.0 0.0 0.0 0.0 0.0 0.0  
    0.0 0.0 0.0 0.0 0.0 0.0 0.0 0.0 0.0 0.0 0.0 0.0 0.0 0.0 0.0 0.0 0.0  
    0.0 0.0 0.0 0.0 0.0 0.0 0.0 0.0 0.0 0.0 0.0 0.0 0.0 0.0 0.0 0.0 0.0  
    0.0 0.0 0.0 0.0 0.0 0.0 0.0 0.0 0.0 0.0 0.0 0.0 0.0 0.0 0.0 0.0 0.0  
    0.0 0.0 0.0 0.0 0.0 0.0 0.0 0.0 0.0 0.0 0.0 0.0 0.0 0.0 0.0 0.0 0.0  
    0.0 0.0 0.0 0.0 0.0 0.0 0.0 0.0 0.0 0.0 0.0 0.0 0.0 0.0 0.0 0.0 0.0  
    0.0 
  PE_FUS = 0.0 0.0 0.0 0.0 0.0 0.0 0.0 0.0 0.0 0.0 0.0 0.0 0.0 0.0 0.0  
    0.0 0.0 0.0 0.0 0.0 0.0 0.0 0.0 0.0 0.0 0.0 0.0 0.0 0.0 0.0 0.0 0.0  
    0.0 0.0 0.0 0.0 0.0 0.0 0.0 0.0 0.0 0.0 0.0 0.0 0.0 0.0 0.0 0.0 0.0  
    0.0 0.0 0.0 0.0 0.0 0.0 0.0 0.0 0.0 0.0 0.0 0.0 0.0 0.0 0.0 0.0 0.0  
    0.0 0.0 0.0 0.0 0.0 0.0 0.0 0.0 0.0 0.0 0.0 0.0 0.0 0.0 0.0 0.0 0.0  
    0.0 0.0 0.0 0.0 0.0 0.0 0.0 0.0 0.0 0.0 0.0 0.0 0.0 0.0 0.0 0.0 0.0  
    0.0 
  P_RAD = -0.0005321 -0.0001039 0.0003242 0.0007524 0.0012605 0.0019255  
    0.0027415 0.0036451 0.0046965 0.0058523 0.0071225 0.0084874  
    0.0099504 0.0115083 0.0131476 0.0148717 0.0166674 0.0185403  
    0.0204698 0.0224653 0.0245171 0.0266203 0.0287732 0.0309654  
    0.0331978 0.0354634 0.0377593 0.0400818 0.0424235 0.0447834  
    0.0471558 0.0495369 0.0519225 0.0543084 0.0566904 0.0590644  
    0.061426 0.0637713 0.066096 0.0683956 0.0706662 0.0729032 0.0751025  
    0.0772595 0.0793697 0.0814288 0.0834318 0.0853748 0.0872523  
    0.0890595 0.0907925 0.0924452 0.094013 0.0954904 0.0968724  
    0.0981533 0.0993273 0.1003896 0.1013332 0.1021525 0.1028427  
    0.1033954 0.1038051 0.1040647 0.1041676 0.1041072 0.1038754  
    0.103465 0.1028682 0.1020772 0.1010833 0.0998789 0.0984548  
    0.0968018 0.09491 0.0927718 0.0903752 0.0877107 0.0847669 0.0815354  
    0.0780021 0.0741562 0.0699857 0.065478 0.06062 0.0553991 0.0498004  
    0.0438098 0.0374125 0.0305915 0.0233356 0.0157017 0.008063  
    0.0008438 -0.0054916 -0.0105002 -0.0137477 -0.014767 -0.0131274  
    -0.0083398 3.8e-06 
  P_OHM = 0.0279856 0.0280142 0.0276907 0.027131 0.0265686 0.0263636  
    0.0264648 0.0265959 0.0266812 0.0267646 0.0268614 0.0269475  
    0.0270196 0.0271012 0.0271887 0.0272632 0.0273348 0.027408  
    0.0274706 0.0275328 0.0275844 0.0276338 0.0276795 0.0277067  
    0.0277404 0.0277663 0.0277964 0.0278184 0.0278364 0.0278472  
    0.0278491 0.027847 0.0278246 0.0277965 0.0277321 0.0276241  
    0.0274734 0.0272523 0.0269715 0.0266135 0.0261955 0.0256887  
    0.0251199 0.0244855 0.023794 0.0230474 0.0222499 0.0214179  
    0.0205438 0.0196441 0.0187312 0.0178051 0.0168722 0.0159332  
    0.0150068 0.0140871 0.0131822 0.0123092 0.0114534 0.0106325  
    0.0098537 0.0091085 0.0084076 0.0077543 0.007146 0.006585 0.0060728  
    0.0056097 0.0051916 0.0048223 0.0044992 0.0042214 0.0039876  
    0.0037965 0.0036463 0.0035366 0.0034664 0.003432 0.0034322 0.003464  
    0.0035248 0.0036095 0.0037128 0.0038283 0.0039481 0.0040652  
    0.0041695 0.0042523 0.004305 0.0043194 0.0042893 0.0042104  
    0.0040793 0.0038988 0.003671 0.0033956 0.003082 0.0027396 0.0023711  
    0.0019757 0.0018648 
  TORQUE_NB = 0.826537 0.8248801 0.8182536 0.8161454 0.8152632 0.811975  
    0.8078454 0.8029215 0.7982684 0.7925088 0.7856073 0.7801667  
    0.7734081 0.7636996 0.7548899 0.7461091 0.7359859 0.7263958  
    0.7174612 0.7081771 0.6979968 0.6846782 0.6727952 0.6623685  
    0.6499501 0.6369461 0.6245667 0.612202 0.600053 0.5880473 0.5761897  
    0.5638661 0.5512923 0.5384891 0.525612 0.5124718 0.4993241  
    0.4871634 0.4750565 0.462274 0.4494531 0.436628 0.4238491 0.4112435  
    0.3987602 0.3865075 0.374517 0.3625277 0.3501362 0.3378905  
    0.3262529 0.3149291 0.3036808 0.2923251 0.2811521 0.2701234  
    0.259262 0.2486218 0.2381989 0.2280036 0.2180448 0.2084059  
    0.1990418 0.1899134 0.1811425 0.172687 0.1644672 0.1564221  
    0.1482888 0.1404377 0.1328673 0.1256173 0.1186884 0.1120248  
    0.1056249 0.0995406 0.0937881 0.0882784 0.0830101 0.0779818  
    0.073139 0.0685342 0.06417 0.0600418 0.0561439 0.0524956 0.0490652  
    0.0458428 0.0428176 0.0399815 0.0373202 0.0348081 0.0324373  
    0.0301652 0.0279348 0.0256979 0.0234492 0.0213183 0.0193736  
    0.0168978 0.0128845 
  TORQUE_IN = 0.0 0.0 0.0 0.0 0.0 0.0 0.0 0.0 0.0 0.0 0.0 0.0 0.0 0.0  
    0.0 0.0 0.0 0.0 0.0 0.0 0.0 0.0 0.0 0.0 0.0 0.0 0.0 0.0 0.0 0.0 0.0  
    0.0 0.0 0.0 0.0 0.0 0.0 0.0 0.0 0.0 0.0 0.0 0.0 0.0 0.0 0.0 0.0 0.0  
    0.0 0.0 0.0 0.0 0.0 0.0 0.0 0.0 0.0 0.0 0.0 0.0 0.0 0.0 0.0 0.0 0.0  
    0.0 0.0 0.0 0.0 0.0 0.0 0.0 0.0 0.0 0.0 0.0 0.0 0.0 0.0 0.0 0.0 0.0  
    0.0 0.0 0.0 0.0 0.0 0.0 0.0 0.0 0.0 0.0 0.0 0.0 0.0 0.0 0.0 0.0 0.0  
    0.0 0.0 
  SE_IONIZATION = 0.0 0.0 0.0 0.0 0.0 0.0 0.0 0.0 0.0 0.0 0.0 0.0 0.0  
    0.0 0.0 0.0 0.0 0.0 0.0 0.0 0.0 0.0 0.0 0.0 0.0 0.0 0.0 0.0 0.0 0.0  
    0.0 0.0 0.0 0.0 0.0 0.0 0.0 0.0 0.0 0.0 0.0 0.0 0.0 0.0 0.0 0.0 0.0  
    0.0 0.0 0.0 0.0 0.0 0.0 0.0 0.0 0.0 0.0 0.0 0.0 0.0 0.0 0.0 0.0 0.0  
    0.0 0.0 0.0 0.0 0.0 0.0 0.0 0.0 0.0 0.0 0.0 0.0 0.0 0.0 0.0 0.0 0.0  
    0.0 0.0 0.0 0.0 0.0 0.0 0.0 0.0 0.0 0.0 0.0 0.0 0.0 0.0 0.0 0.0 0.0  
    0.0 0.0 0.0 
  SI_IONIZATION = 0.0 0.0 0.0 0.0 0.0 0.0 0.0 0.0 0.0 0.0 0.0 0.0 0.0  
    0.0 0.0 0.0 0.0 0.0 0.0 0.0 0.0 0.0 0.0 0.0 0.0 0.0 0.0 0.0 0.0 0.0  
    0.0 0.0 0.0 0.0 0.0 0.0 0.0 0.0 0.0 0.0 0.0 0.0 0.0 0.0 0.0 0.0 0.0  
    0.0 0.0 0.0 0.0 0.0 0.0 0.0 0.0 0.0 0.0 0.0 0.0 0.0 0.0 0.0 0.0 0.0  
    0.0 0.0 0.0 0.0 0.0 0.0 0.0 0.0 0.0 0.0 0.0 0.0 0.0 0.0 0.0 0.0 0.0  
    0.0 0.0 0.0 0.0 0.0 0.0 0.0 0.0 0.0 0.0 0.0 0.0 0.0 0.0 0.0 0.0 0.0  
    0.0 0.0 0.0 
  PE_IONIZATION = 0.0 0.0 0.0 0.0 0.0 0.0 0.0 0.0 0.0 0.0 0.0 0.0 0.0  
    0.0 0.0 0.0 0.0 0.0 0.0 0.0 0.0 0.0 0.0 0.0 0.0 0.0 0.0 0.0 0.0 0.0  
    0.0 0.0 0.0 0.0 0.0 0.0 0.0 0.0 0.0 0.0 0.0 0.0 0.0 0.0 0.0 0.0 0.0  
    0.0 0.0 0.0 0.0 0.0 0.0 0.0 0.0 0.0 0.0 0.0 0.0 0.0 0.0 0.0 0.0 0.0  
    0.0 0.0 0.0 0.0 0.0 0.0 0.0 0.0 0.0 0.0 0.0 0.0 0.0 0.0 0.0 0.0 0.0  
    0.0 0.0 0.0 0.0 0.0 0.0 0.0 0.0 0.0 0.0 0.0 0.0 0.0 0.0 0.0 0.0 0.0  
    0.0 0.0 0.0 
  PI_IONIZATION = 0.0 0.0 0.0 0.0 0.0 0.0 0.0 0.0 0.0 0.0 0.0 0.0 0.0  
    0.0 0.0 0.0 0.0 0.0 0.0 0.0 0.0 0.0 0.0 0.0 0.0 0.0 0.0 0.0 0.0 0.0  
    0.0 0.0 0.0 0.0 0.0 0.0 0.0 0.0 0.0 0.0 0.0 0.0 0.0 0.0 0.0 0.0 0.0  
    0.0 0.0 0.0 0.0 0.0 0.0 0.0 0.0 0.0 0.0 0.0 0.0 0.0 0.0 0.0 0.0 0.0  
    0.0 0.0 0.0 0.0 0.0 0.0 0.0 0.0 0.0 0.0 0.0 0.0 0.0 0.0 0.0 0.0 0.0  
    0.0 0.0 0.0 0.0 0.0 0.0 0.0 0.0 0.0 0.0 0.0 0.0 0.0 0.0 0.0 0.0 0.0  
    0.0 0.0 0.0 
  WBEAM = 0.0208003 0.0208102 0.02084 0.0208056 0.0207426 0.0206664  
    0.0205693 0.0204507 0.0203107 0.0201501 0.0199695 0.0197624  
    0.0195405 0.0193118 0.0190577 0.0187842 0.0185002 0.0181962  
    0.0178731 0.0175377 0.0171917 0.0168432 0.0164772 0.016095  
    0.0157102 0.015318 0.0149158 0.0145062 0.0140891 0.0136669  
    0.0132405 0.0128124 0.0123829 0.0119531 0.0115238 0.0110966  
    0.0106724 0.01025 0.0098328 0.0094234 0.0090216 0.0086288 0.0082457  
    0.0078731 0.0075113 0.00716 0.0068194 0.0064899 0.006172 0.005865  
    0.0055682 0.0052819 0.0050062 0.004741 0.004486 0.004241 0.0040057  
    0.0037798 0.0035631 0.0033553 0.0031564 0.0029661 0.0027844  
    0.0026112 0.002446 0.0022887 0.0021395 0.0019979 0.0018638  
    0.0017367 0.0016164 0.0015025 0.0013948 0.001293 0.001197 0.0011064  
    0.001021 0.0009406 0.0008651 0.0007941 0.0007274 0.000665 0.0006065  
    0.0005519 0.0005009 0.0004535 0.0004096 0.0003689 0.0003314  
    0.0002969 0.0002651 0.0002358 0.0002089 0.000184 0.0001607  
    0.0001388 0.0001183 9.92e-05 8.16e-05 6.38e-05 4.36e-05 
  WALPHA = 0.0 0.0 0.0 0.0 0.0 0.0 0.0 0.0 0.0 0.0 0.0 0.0 0.0 0.0 0.0  
    0.0 0.0 0.0 0.0 0.0 0.0 0.0 0.0 0.0 0.0 0.0 0.0 0.0 0.0 0.0 0.0 0.0  
    0.0 0.0 0.0 0.0 0.0 0.0 0.0 0.0 0.0 0.0 0.0 0.0 0.0 0.0 0.0 0.0 0.0  
    0.0 0.0 0.0 0.0 0.0 0.0 0.0 0.0 0.0 0.0 0.0 0.0 0.0 0.0 0.0 0.0 0.0  
    0.0 0.0 0.0 0.0 0.0 0.0 0.0 0.0 0.0 0.0 0.0 0.0 0.0 0.0 0.0 0.0 0.0  
    0.0 0.0 0.0 0.0 0.0 0.0 0.0 0.0 0.0 0.0 0.0 0.0 0.0 0.0 0.0 0.0 0.0  
    0.0 
  DENSITY_BEAM = 0.376326 0.3764256 0.3766542 0.3761097 0.375209  
    0.3740108 0.3724802 0.3706023 0.3683265 0.3657384 0.3628534  
    0.3595696 0.3560172 0.3522738 0.3481877 0.3438123 0.3392164  
    0.3343407 0.3291976 0.3238366 0.3182949 0.3126678 0.3067987  
    0.3007049 0.2945143 0.2881913 0.2817112 0.2751075 0.2683888  
    0.2615687 0.2546607 0.2476971 0.2406844 0.233636 0.2265631  
    0.2194788 0.2124062 0.2053382 0.1983105 0.1913571 0.1844817  
    0.1777012 0.1710337 0.16449 0.1580764 0.1517965 0.1456532 0.1396509  
    0.1337958 0.1280832 0.1225083 0.1170764 0.1117913 0.1066552  
    0.1016637 0.096816 0.0921107 0.0875466 0.0831232 0.0788383  
    0.0746932 0.0706884 0.0668261 0.063107 0.0595303 0.0560952  
    0.0528003 0.049644 0.0466253 0.0437391 0.0409824 0.0383517  
    0.0358436 0.0334551 0.0311826 0.0290225 0.0269712 0.0250253  
    0.0231815 0.0214363 0.0197863 0.0182283 0.0167584 0.0153735  
    0.0140714 0.0128497 0.0117055 0.0106355 0.009636 0.0087027  
    0.0078308 0.0070153 0.0062489 0.0055216 0.0048231 0.0041432  
    0.0034856 0.0028712 0.0023091 0.0017108 0.0010194 
  DENSITY_ALPHA = 0.0 0.0 0.0 0.0 0.0 0.0 0.0 0.0 0.0 0.0 0.0 0.0 0.0  
    0.0 0.0 0.0 0.0 0.0 0.0 0.0 0.0 0.0 0.0 0.0 0.0 0.0 0.0 0.0 0.0 0.0  
    0.0 0.0 0.0 0.0 0.0 0.0 0.0 0.0 0.0 0.0 0.0 0.0 0.0 0.0 0.0 0.0 0.0  
    0.0 0.0 0.0 0.0 0.0 0.0 0.0 0.0 0.0 0.0 0.0 0.0 0.0 0.0 0.0 0.0 0.0  
    0.0 0.0 0.0 0.0 0.0 0.0 0.0 0.0 0.0 0.0 0.0 0.0 0.0 0.0 0.0 0.0 0.0  
    0.0 0.0 0.0 0.0 0.0 0.0 0.0 0.0 0.0 0.0 0.0 0.0 0.0 0.0 0.0 0.0 0.0  
    0.0 0.0 0.0 
  CHIE = 0.4071701 0.4134437 0.4203533 0.4269935 0.4336023 0.4404286  
    0.4475088 0.4547895 0.4622635 0.4699247 0.4777981 0.4859043  
    0.4942865 0.5030062 0.5121108 0.5216173 0.5316186 0.5421376  
    0.5532809 0.5651211 0.5777709 0.591389 0.6060368 0.6218333  
    0.6389066 0.6573782 0.6773902 0.6990784 0.7226116 0.7481543  
    0.7759237 0.8061554 0.8391057 0.8750943 0.9144583 0.9576132  
    1.0050335 1.0572907 1.1150272 1.179113 1.2505179 1.3304677  
    1.4184442 1.5116796 1.6099555 1.7133158 1.8218209 1.9354616  
    2.0541709 2.1778891 2.306426 2.4394926 2.5768199 2.7179366  
    2.8623208 3.0092378 3.1579718 3.3075349 3.4568255 3.6047239  
    3.7500315 3.8915173 4.0278647 4.1576763 4.2795647 4.3920016  
    4.4937287 4.5833555 4.6597577 4.7219424 4.7691457 4.8008456  
    4.8168766 4.8174259 4.8030205 4.7744468 4.7329477 4.6800058  
    4.6173816 4.5470262 4.4710445 4.3917297 4.3168215 4.2580848  
    4.2172652 4.1950754 4.1925253 4.2110587 4.252399 4.318892 4.4134059  
    4.5395493 4.701413 4.9037287 5.1520874 5.453487 5.817281 6.2569489  
    6.7896449 7.4324441 0.0 
  CHII = 0.1101288 0.1141833 0.1188155 0.1238585 0.1295095 0.1358336  
    0.142878 0.1506883 0.1593255 0.1688849 0.1794686 0.1911872 0.2042  
    0.2186872 0.2348504 0.2529579 0.2733293 0.2963608 0.3225882  
    0.3526576 0.3861375 0.4217312 0.4593701 0.4991201 0.5410697  
    0.5852881 0.631857 0.6808695 0.7324046 0.786597 0.843526 0.9033254  
    0.9661178 1.0320537 1.1012443 1.1739112 1.2501949 1.3303177  
    1.4144624 1.5028918 1.5958606 1.6936252 1.7965207 1.9048877  
    2.0190963 2.1394403 2.2664327 2.4003227 2.541715 2.6909049  
    2.8484769 3.01477 3.1903726 3.3756974 3.5712518 3.777384 3.9949458  
    4.2239938 4.46487 4.7185843 4.9854157 5.2662508 5.5615095 5.8724713  
    6.1994404 6.5433612 6.9048922 7.2842848 7.682678 8.099984 8.5367835  
    8.9927541 9.4680734 9.9618443 10.4734571 11.0009457 11.5430574  
    12.0976856 12.6612176 13.2311665 13.8032052 14.37329 14.9366774  
    15.4884024 16.0231032 16.5355165 17.0209408 17.4746843 17.8925731  
    18.2715555 18.6323187 19.0119944 19.4142214 19.8292825 20.2607869  
    20.7041142 21.1309772 21.5244684 21.8519984 22.0026404 0.0 
  NBDRY = 85 
  RBDRY = 2.216573 1.2034214 2.2097224 1.224027 2.0492763 1.0166353  
    2.1430006 1.1126236 2.0400205 1.1129556 1.0228438 2.1684438  
    1.1774195 1.2126206 1.7037309 2.1146541 1.7971516 1.2351165  
    1.7629095 1.1657604 1.0363721 1.9600927 1.563152 1.1837481  
    2.1361626 2.0306126 2.1204772 1.8959856 2.0762363 2.1071323  
    1.024584 1.2986888 2.020941 1.0200161 1.8767689 2.1328304 2.000763  
    1.161463 1.3253565 1.3619687 1.7201608 1.0493707 1.031091 2.2021697  
    2.0994314 2.2030595 1.8694764 1.018895 1.1745898 1.0951687  
    1.1932586 1.0179596 1.4471698 1.3982974 1.9471503 2.2082716  
    1.6870793 2.1138915 1.1858308 1.1007235 1.0303552 1.08978 1.670112  
    1.0170868 2.1623811 1.0531271 2.0395158 1.0552203 1.5061926  
    1.4770746 2.0078647 1.125409 1.9087944 2.1549125 1.344947 2.029362  
    1.6155596 1.5816707 1.0896951 1.8418056 2.2065947 1.0244222  
    2.0109879 1.0744019 2.2185454 
  ZBDRY = -0.1224905 0.7729602 0.056823 -0.9609393 -0.7381139  
    -0.1614534 0.3071314 0.5500439 0.5447568 -0.7281052 -0.2811896  
    0.2314603 0.7185892 0.7908411 0.929515 0.3817483 -1.0211769  
    -0.9774162 -1.0424349 -0.8569627 -0.4002401 -0.8720836 1.002183  
    -0.8924297 0.3258813 0.5622854 -0.5719034 0.7585418 -0.6840745  
    0.4002245 -0.3010854 0.9268459 0.5796673 -0.2413283 -0.9595773  
    -0.5337159 0.6139286 0.6816894 0.9573072 -1.1004734 0.9182923  
    -0.4790354 -0.3606583 -0.2415967 0.4186203 0.0961851 0.7880822  
    -0.2213751 -0.8747795 0.4924327 -0.9099056 -0.2014103 1.0215234  
    -1.1164555 -0.8875519 -0.2020463 0.9402027 -0.5908819 0.7368472  
    0.5116879 0.1380545 0.4731065 0.950598 -0.0414887 0.2504763  
    -0.4986365 -0.7557309 0.3165119 1.0179588 -1.129472 -0.8072064  
    0.5880518 0.7433817 -0.4566262 -1.0902673 -0.7731231 -1.1064364  
    0.9949629 -0.6539512 0.8165485 0.0765385 0.0783213 0.596879  
    -0.5961303 -0.0625713 
  NLIM = 5 
  RLIM = 2.377 1.001 1.001 2.377 2.377 
  ZLIM = 1.348 1.348 -1.368 -1.368 1.348 
  SHOT_ID = '103021' 
  TIME_ID = '19600' 
  J_RF = 0.0 0.0 0.0 0.0 0.0 0.0 0.0 0.0 0.0 0.0 0.0 0.0 0.0 0.0 0.0  
    0.0 0.0 0.0 0.0 0.0 0.0 0.0 0.0 0.0 0.0 0.0 0.0 0.0 0.0 0.0 0.0 0.0  
    0.0 0.0 0.0 0.0 0.0 0.0 0.0 0.0 0.0 0.0 0.0 0.0 0.0 0.0 0.0 0.0 0.0  
    0.0 0.0 0.0 0.0 0.0 0.0 0.0 0.0 0.0 0.0 0.0 0.0 0.0 0.0 0.0 0.0 0.0  
    0.0 0.0 0.0 0.0 0.0 0.0 0.0 0.0 0.0 0.0 0.0 0.0 0.0 0.0 0.0 0.0 0.0  
    0.0 0.0 0.0 0.0 0.0 0.0 0.0 0.0 0.0 0.0 0.0 0.0 0.0 0.0 0.0 0.0 0.0  
    0.0 
  PE_RF = 0.0 0.0 0.0 0.0 0.0 0.0 0.0 0.0 0.0 0.0 0.0 0.0 0.0 0.0 0.0  
    0.0 0.0 0.0 0.0 0.0 0.0 0.0 0.0 0.0 0.0 0.0 0.0 0.0 0.0 0.0 0.0 0.0  
    0.0 0.0 0.0 0.0 0.0 0.0 0.0 0.0 0.0 0.0 0.0 0.0 0.0 0.0 0.0 0.0 0.0  
    0.0 0.0 0.0 0.0 0.0 0.0 0.0 0.0 0.0 0.0 0.0 0.0 0.0 0.0 0.0 0.0 0.0  
    0.0 0.0 0.0 0.0 0.0 0.0 0.0 0.0 0.0 0.0 0.0 0.0 0.0 0.0 0.0 0.0 0.0  
    0.0 0.0 0.0 0.0 0.0 0.0 0.0 0.0 0.0 0.0 0.0 0.0 0.0 0.0 0.0 0.0 0.0  
    0.0 
  PI_RF = 0.0 0.0 0.0 0.0 0.0 0.0 0.0 0.0 0.0 0.0 0.0 0.0 0.0 0.0 0.0  
    0.0 0.0 0.0 0.0 0.0 0.0 0.0 0.0 0.0 0.0 0.0 0.0 0.0 0.0 0.0 0.0 0.0  
    0.0 0.0 0.0 0.0 0.0 0.0 0.0 0.0 0.0 0.0 0.0 0.0 0.0 0.0 0.0 0.0 0.0  
    0.0 0.0 0.0 0.0 0.0 0.0 0.0 0.0 0.0 0.0 0.0 0.0 0.0 0.0 0.0 0.0 0.0  
    0.0 0.0 0.0 0.0 0.0 0.0 0.0 0.0 0.0 0.0 0.0 0.0 0.0 0.0 0.0 0.0 0.0  
    0.0 0.0 0.0 0.0 0.0 0.0 0.0 0.0 0.0 0.0 0.0 0.0 0.0 0.0 0.0 0.0 0.0  
    0.0 
/

