&INSTATE
  TOKAMAK_ID = 'd3d' 
  MODEL_SHAPE = 0 
  DENSITY_MODEL = 0 
  R0 = 1.6955 
  B0 = 1.8999269 
  IP = 1.8425366 
  KAPPA = 1.7618423 
  DELTA = 0.3058348 
  ASPECT = 0.3731953 
  RMAJOR = 1.6955 
  AMINOR = 0.6327526 
  N_ION = 1 
  Z_ION = 1 
  A_ION = 2 
  F_ION = 1 
  N_IMP = 1 
  Z_IMP = 6 
  A_IMP = 12 
  F_IMP = 1 
  N_MIN = 0 
  Z_MIN = 1 
  A_MIN = 1 
  N_BEAM = 1 
  Z_BEAM = 1 
  A_BEAM = 2 
  N_FUSION = 1 
  Z_FUSION = 2 
  A_FUSION = 4 
  RHO = 0.0 0.01 0.02 0.03 0.04 0.05 0.06 0.07 0.08 0.09 0.1 0.11 0.12  
    0.13 0.14 0.15 0.16 0.17 0.18 0.19 0.2 0.21 0.22 0.23 0.24 0.25  
    0.26 0.27 0.28 0.29 0.3 0.31 0.32 0.33 0.34 0.35 0.36 0.37 0.38  
    0.39 0.4 0.41 0.42 0.43 0.44 0.45 0.46 0.47 0.48 0.49 0.5 0.51 0.52  
    0.53 0.54 0.55 0.56 0.57 0.58 0.59 0.6 0.61 0.62 0.63 0.64 0.65  
    0.66 0.67 0.68 0.69 0.7 0.71 0.72 0.73 0.74 0.75 0.76 0.77 0.78  
    0.79 0.8 0.81 0.82 0.83 0.84 0.85 0.86 0.87 0.88 0.89 0.9 0.91 0.92  
    0.93 0.94 0.95 0.96 0.97 0.98 0.99 1.0 
  NRHO = 101 
  PSIPOL = -0.2671392 -0.2670495 -0.2667797 -0.2663285 -0.2656978  
    -0.2648924 -0.2639168 -0.2627728 -0.26146 -0.2599787 -0.2583298  
    -0.2565146 -0.254534 -0.2523889 -0.2500815 -0.2476138 -0.244987  
    -0.2422034 -0.2392653 -0.2361752 -0.2329354 -0.2295483 -0.2260164  
    -0.2223425 -0.2185294 -0.2145798 -0.2104969 -0.2062838 -0.2019437  
    -0.1974799 -0.1928958 -0.1881949 -0.1833809 -0.1784573 -0.1734281  
    -0.168297 -0.1630679 -0.1577448 -0.1523317 -0.1468327 -0.1412521  
    -0.1355939 -0.1298626 -0.1240623 -0.1181974 -0.1122722 -0.106291  
    -0.1002582 -0.0941782 -0.0880554 -0.0818942 -0.075699 -0.0694742  
    -0.0632241 -0.0569531 -0.0506656 -0.0443658 -0.038058 -0.0317465  
    -0.0254355 -0.0191291 -0.0128314 -0.0065465 -0.0002784 0.0059691  
    0.012192 0.0183865 0.024549 0.0306757 0.036763 0.0428076 0.0488059  
    0.0547546 0.0606505 0.0664905 0.0722717 0.0779909 0.0836456  
    0.089233 0.0947506 0.100196 0.1055668 0.1108608 0.116076 0.1212103  
    0.1262618 0.1312287 0.1361092 0.1409014 0.1456035 0.1502138  
    0.1547304 0.1591512 0.1634741 0.1676969 0.1718168 0.1758309  
    0.1797356 0.1835265 0.1871986 0.1907463 
  RHOPSI = 0.0 0.1 0.1414214 0.1732051 0.2 0.2236068 0.244949 0.2645751  
    0.2828427 0.3 0.3162278 0.3316625 0.3464102 0.3605551 0.3741657  
    0.3872983 0.4 0.4123106 0.4242641 0.4358899 0.4472136 0.4582576  
    0.4690416 0.4795832 0.4898979 0.5 0.509902 0.5196152 0.5291503  
    0.5385165 0.5477226 0.5567764 0.5656854 0.5744563 0.5830952  
    0.591608 0.6 0.6082763 0.6164414 0.6244998 0.6324555 0.6403124  
    0.6480741 0.6557439 0.663325 0.6708204 0.678233 0.6855655 0.6928203  
    0.7 0.7071068 0.7141428 0.7211103 0.728011 0.7348469 0.7416198  
    0.7483315 0.7549834 0.7615773 0.7681146 0.7745967 0.781025  
    0.7874008 0.7937254 0.8 0.8062258 0.8124038 0.8185353 0.8246211  
    0.8306624 0.83666 0.842615 0.8485281 0.8544004 0.8602325 0.8660254  
    0.8717798 0.8774964 0.8831761 0.8888194 0.8944272 0.9 0.9055385  
    0.9110434 0.9165151 0.9219544 0.9273618 0.9327379 0.9380832  
    0.9433981 0.9486833 0.9539392 0.9591663 0.9643651 0.969536  
    0.9746794 0.9797959 0.9848858 0.9899495 0.9949874 1.0 
  Q = -0.7765075 -0.7750952 -0.7708582 -0.7690499 -0.7723557 -0.7792726  
    -0.7864577 -0.7917336 -0.7954412 -0.7986866 -0.8018762 -0.8051306  
    -0.8080069 -0.8109489 -0.8145465 -0.8179397 -0.8214255 -0.8253567  
    -0.8294869 -0.8338201 -0.8383628 -0.8431328 -0.8481302 -0.8533652  
    -0.858848 -0.8645872 -0.8706012 -0.8769007 -0.8834827 -0.8903614  
    -0.8975526 -0.9050537 -0.9128847 -0.9210607 -0.9295841 -0.938464  
    -0.9477124 -0.9573435 -0.9673734 -0.9778174 -0.9886885 -0.9999998  
    -1.011764 -1.0239941 -1.0367043 -1.0499095 -1.0636307 -1.0778905  
    -1.0927076 -1.108099 -1.1240881 -1.1406989 -1.157951 -1.1758716  
    -1.1944875 -1.2138241 -1.2339121 -1.2547829 -1.276468 -1.299002  
    -1.3224204 -1.3467605 -1.3720629 -1.398368 -1.4257216 -1.4541732  
    -1.483771 -1.5145707 -1.5466291 -1.580006 -1.6147643 -1.6509713  
    -1.6886975 -1.7280154 -1.7690019 -1.8117377 -1.8563081 -1.9028029  
    -1.9513166 -2.0019501 -2.0548125 -2.1100225 -2.1677083 -2.2280121  
    -2.2910893 -2.3571128 -2.4262811 -2.498821 -2.5749944 -2.6551089  
    -2.7395236 -2.8286654 -2.9230427 -3.023264 -3.1300507 -3.2443804  
    -3.3674804 -3.5010127 -3.6471543 -3.8083418 -3.9873149 
  NE = 5.3220264 5.3217669 5.3209845 5.3196704 5.3178157 5.3154126  
    5.3124536 5.3089299 5.3048331 5.3001545 5.2948878 5.2890226  
    5.2825517 5.2754673 5.2677593 5.2594215 5.2504447 5.2408213  
    5.2305422 5.2195994 5.2079855 5.1956907 5.1827077 5.1690302  
    5.1546473 5.1395501 5.1237334 5.1071862 5.0899023 5.0718725  
    5.0530885 5.0335418 5.0132241 4.9921303 4.9702469 4.9475697  
    4.924089 4.8997963 4.874683 4.8487429 4.8219663 4.7943439 4.7658696  
    4.7365347 4.7063293 4.6752474 4.6432799 4.6104185 4.5766555  
    4.541981 4.5063875 4.4698675 4.4324137 4.3940152 4.3546647  
    4.3143557 4.2730773 4.2308235 4.1875867 4.1433546 4.0981227  
    4.0518825 4.0046228 3.9563397 3.9070195 3.8566614 3.8052507  
    3.7527815 3.6992462 3.6446347 3.5889402 3.5321548 3.4742707  
    3.4152774 3.3551681 3.2939339 3.2315673 3.1680597 3.1034044  
    3.0375906 2.9706111 2.9024585 2.8331234 2.7625978 2.6908744  
    2.6179442 2.543799 2.4684302 2.3918305 2.3139909 2.2349034  
    2.1545555 2.071411 1.9801818 1.875015 1.7500552 1.5994504 1.4173457  
    1.2006221 0.9584997 0.7036779 
  TE = 1.9261879 1.9257332 1.9243798 1.922145 1.9190457 1.9150987  
    1.9103208 1.9047291 1.8983405 1.8911717 1.8832395 1.8745611  
    1.8651533 1.8550332 1.8442174 1.8327229 1.8205666 1.8077652  
    1.794336 1.7802956 1.7656611 1.7504492 1.7346768 1.7183613  
    1.7015186 1.6841667 1.6663217 1.6480009 1.6292211 1.6099994  
    1.5903521 1.5702968 1.54985 1.5290286 1.5078496 1.4863299 1.4644864  
    1.4423361 1.4198958 1.3971822 1.3742126 1.3510035 1.3275721  
    1.3039353 1.2801096 1.2561124 1.2319602 1.2076702 1.1832593  
    1.1587442 1.1341419 1.1094693 1.0847433 1.0599807 1.0351986  
    1.0104137 0.985643 0.9609034 0.9362118 0.9115851 0.8870402  
    0.8625915 0.8382474 0.8140147 0.7899005 0.7659119 0.7420561  
    0.7183398 0.6947704 0.6713548 0.6481001 0.6250132 0.6021014  
    0.5793716 0.5568308 0.5344862 0.5123448 0.4904136 0.4686997  
    0.4472101 0.425952 0.4049322 0.384158 0.3636363 0.3433742 0.3233789  
    0.3036572 0.2842162 0.2650631 0.2462049 0.2276486 0.2093936  
    0.1914145 0.1736806 0.1561612 0.1388257 0.1216434 0.1045838  
    0.0876161 0.0707097 0.0538339 
  TI = 1.6709332 1.6704724 1.6691029 1.666845 1.6637183 1.6597433  
    1.6549397 1.6493275 1.6429266 1.6357573 1.6278392 1.6191926  
    1.6098371 1.5997932 1.5890807 1.5777193 1.5657293 1.5531305  
    1.539943 1.5261869 1.511882 1.4970481 1.4817055 1.4658744 1.4495743  
    1.4328254 1.4156475 1.3980612 1.3800856 1.3617413 1.3430481  
    1.3240261 1.304695 1.2850752 1.2651864 1.2450486 1.2246819 1.204106  
    1.1833414 1.1624076 1.1413249 1.1201131 1.0987925 1.0773826  
    1.0559037 1.0343756 1.0128185 0.9912523 0.9696971 0.9481726  
    0.9266991 0.9052964 0.8839846 0.8627834 0.8417132 0.8207937  
    0.800045 0.779487 0.7591399 0.7390235 0.7191577 0.699557 0.6802206  
    0.6611448 0.6423263 0.6237616 0.6054473 0.5873799 0.5695559  
    0.551972 0.5346246 0.5175103 0.5006255 0.483967 0.4675313 0.4513148  
    0.4353141 0.4195258 0.4039463 0.3885724 0.3734004 0.358427  
    0.3436486 0.329062 0.3146634 0.3004496 0.2864171 0.2725625  
    0.2588821 0.2453727 0.2320307 0.2188479 0.2058091 0.1928981  
    0.1800991 0.1673961 0.1547729 0.1422137 0.1297026 0.1172233  
    0.1047601 
  ZEFF = 1.8047865 1.8047738 1.8047372 1.804679 1.8046028 1.8045102  
    1.8044044 1.8042877 1.8041626 1.8040322 1.8038983 1.8037643  
    1.8036323 1.8035052 1.8033856 1.8032761 1.8031794 1.8030981  
    1.8030351 1.8029929 1.8029748 1.8029835 1.8030217 1.8030921  
    1.803198 1.8033431 1.8035296 1.8037613 1.8040412 1.8043726  
    1.8047593 1.805205 1.8057132 1.8062871 1.8069316 1.8076502  
    1.8084474 1.8093277 1.8102955 1.8113554 1.8125126 1.8137721  
    1.8151395 1.8166205 1.818221 1.8199472 1.8218055 1.8238028  
    1.8259468 1.8282449 1.8307054 1.8333367 1.8361475 1.8391481  
    1.842349 1.8457603 1.8493942 1.8532631 1.8573793 1.8617585  
    1.8664155 1.8713656 1.8766281 1.8822203 1.8881641 1.8944801  
    1.9011932 1.9083294 1.9159162 1.9239848 1.9325683 1.9417037  
    1.9514301 1.9617924 1.9728389 1.984623 1.9972032 2.0106458  
    2.0250225 2.0404158 2.0569163 2.0744977 2.0926111 2.1105206  
    2.1274124 2.1423831 2.1544202 2.1623828 2.1649747 2.1607122  
    2.147884 2.1246837 2.0911695 2.030716 1.9693767 1.8884006 1.7910242  
    1.6810937 1.5626401 1.4378197 1.3156829 
  P_EQ = 31157.1611904 31148.4173635 31122.185883 31073.9918849  
    31005.195807 30916.9578568 30809.8623842 30683.8394526  
    30539.2851022 30376.5389924 30196.0619978 29998.5789293  
    29784.1378808 29552.604319 29305.4856173 29043.6196241  
    28766.7272734 28475.322441 28170.3229016 27852.2443687 27521.525087  
    27178.7610645 26824.3874778 26459.1591458 26083.83031 25698.8633888  
    25304.7572236 24902.1993386 24491.8501628 24074.2185264  
    23649.9022848 23219.4502515 22783.4622351 22342.4310516  
    21896.707574 21447.0529867 20994.1458943 20538.2935274  
    20079.8563509 19619.4705164 19157.6542353 18694.8173483  
    18231.4450348 17767.9485195 17304.7095407 16842.1709382  
    16380.7811017 15920.9605232 15463.0696158 15007.466964  
    14554.5637216 14104.72105 13658.3200901 13215.7192083 12777.2860233  
    12343.3538438 11914.2594654 11490.3402119 11071.9225275  
    10659.3098693 10252.8375841 9852.7705359 9459.2230225 9072.3049927  
    8692.1100495 8318.762043 7952.3548842 7593.0009665 7240.7610131  
    6895.8472049 6558.2975007 6228.2662507 5905.8437232 5591.1373041  
    5284.2547736 4985.3003013 4694.3771135 4411.5865372 4137.0269995  
    3870.7882137 3612.9607717 3363.6621085 3123.1329702 2891.6127971  
    2669.3002008 2456.3502979 2252.8883614 2058.9941102 1874.7089787  
    1700.0389283 1534.9528221 1379.3189518 1231.7737185 1090.3149907  
    950.4924179 812.1465206 674.7035813 538.7187886 406.7704625  
    285.6305133 181.2659515 
  OMEGA = 38329.8320312 38320.941406 38294.4999985 38250.8359341  
    38190.2890564 38113.1875063 38019.867174 37910.6445347  
    37785.8906014 37645.8945838 37491.0195554 37321.5937395  
    37137.9452614 36940.4139652 36729.3398567 36505.0274812  
    36267.8319442 36018.0859832 35756.1134728 35482.2811834  
    35196.8711804 34900.249802 34592.7460565 34274.6759161  
    33946.3943525 33608.25 33260.499664 32903.5707002 32537.7461379  
    32163.3824967 31780.7895232 31390.3086877 30992.2711971  
    30587.0298327 30174.9044454 29756.2106861 29331.2994401  
    28900.5060661 28464.1638532 28022.6282711 27576.1721424  
    27125.1990567 26669.9740099 26210.8929078 25748.2381706  
    25282.3705367 24813.6292985 24342.3241624 23868.7885535  
    23393.4106103 22916.4882812 22438.3003248 21959.2432264  
    21479.6353463 20999.8330607 20520.1275247 20040.9005048  
    19562.4078613 19085.0675639 18609.1452386 18135.0558153  
    17663.0709859 17193.511942 16726.7458719 16263.1067611  
    15802.9012511 15346.4826369 14894.1960636 14446.365553  
    14003.2957934 13565.3373718 13132.8721251 12706.1779698  
    12285.5847804 11871.4300792 11464.0957031 11063.8648563  
    10671.0812896 10286.0936368 9909.218573 9540.7875433 9181.1446159  
    8830.6345183 8489.5775641 8158.2711173 7837.1130577 7526.4286593  
    7226.4937927 6937.675158 6660.3389673 6394.7596355 6141.3121714  
    5900.3221686 5672.1114865 5457.0233879 5255.3938111 5067.5484408  
    4893.8163934 4734.5393515 4590.0528649 4460.0922852 
  PPRIME = -0.0 -0.0 -0.0 -0.0 -0.0 -0.0 -0.0 -0.0 -0.0 -0.0 -0.0 -0.0  
    -0.0 -0.0 -0.0 -0.0 -0.0 -0.0 -0.0 -0.0 -0.0 -0.0 -0.0 -0.0 -0.0  
    -0.0 -0.0 -0.0 -0.0 -0.0 -0.0 -0.0 -0.0 -0.0 -0.0 -0.0 -0.0 -0.0  
    -0.0 -0.0 -0.0 -0.0 -0.0 -0.0 -0.0 -0.0 -0.0 -0.0 -0.0 -0.0 -0.0  
    -0.0 -0.0 -0.0 -0.0 -0.0 -0.0 -0.0 -0.0 -0.0 -0.0 -0.0 -0.0 -0.0  
    -0.0 -0.0 -0.0 -0.0 -0.0 -0.0 -0.0 -0.0 -0.0 -0.0 -0.0 -0.0 -0.0  
    -0.0 -0.0 -0.0 -0.0 -0.0 -0.0 -0.0 -0.0 -0.0 -0.0 -0.0 -0.0 -0.0  
    -0.0 -0.0 -0.0 -0.0 -0.0 -0.0 -0.0 -0.0 -0.0 -0.0 -0.0 
  FFPRIME = -5.3656254 -5.3849575 -5.3932925 -5.3361332 -5.242357  
    -5.1501373 -5.1009319 -5.0859465 -5.0712061 -5.0455292 -5.0174949  
    -4.9884644 -4.955744 -4.9229811 -4.8901693 -4.8534934 -4.81397  
    -4.77278 -4.7299128 -4.6851758 -4.6379096 -4.5887034 -4.5379341  
    -4.4853575 -4.4310818 -4.374655 -4.3161205 -4.2563974 -4.1953162  
    -4.1323841 -4.0682892 -4.0029176 -3.9356951 -3.8672796 -3.7982012  
    -3.7282864 -3.6572439 -3.5849579 -3.5115619 -3.4373633 -3.3625597  
    -3.2872728 -3.2116574 -3.1357631 -3.0596437 -2.983187 -2.9061709  
    -2.828817 -2.75152 -2.6742297 -2.5968177 -2.519585 -2.4425756  
    -2.3656324 -2.2890067 -2.2127219 -2.136678 -2.0610631 -1.9859246  
    -1.9113204 -1.8373411 -1.7639377 -1.691199 -1.6191366 -1.5476902  
    -1.4770076 -1.4071478 -1.3380854 -1.2699912 -1.2029795 -1.1370828  
    -1.0724302 -1.0091804 -0.9474873 -0.8874847 -0.8293131 -0.7731241  
    -0.7190626 -0.6672416 -0.6177624 -0.5707106 -0.5261645 -0.48421  
    -0.4449127 -0.4082768 -0.3742273 -0.3426433 -0.3133845 -0.2862918  
    -0.2611792 -0.2378336 -0.2157324 -0.1942571 -0.1724668 -0.1498335  
    -0.1266422 -0.1029865 -0.0790882 -0.0562684 -0.0355148 -0.0254641 
  J_OH = 2.7178542 2.7257512 2.7314469 2.7101417 2.6613797 2.6124032  
    2.5860432 2.5776349 2.569438 2.5559636 2.5413832 2.5267161  
    2.5108287 2.4949839 2.4787739 2.4610167 2.4422924 2.4226569  
    2.4023716 2.3814196 2.3593633 2.3364932 2.3128545 2.2883224  
    2.2630859 2.2369268 2.2098268 2.1821774 2.1539253 2.1248056  
    2.0950497 2.0647084 2.0335721 2.0018861 1.9697108 1.9370719  
    1.9039659 1.8702845 1.8361947 1.8016402 1.7665856 1.731231  
    1.6954914 1.6595209 1.6233687 1.5869631 1.5502552 1.5134103  
    1.4765203 1.4395147 1.4023415 1.3651655 1.3279911 1.2907215  
    1.2534866 1.2162909 1.1791201 1.1420222 1.1050038 1.0680837  
    1.0313133 0.9946316 0.9581191 0.9218003 0.8856187 0.8496639  
    0.8139636 0.7784934 0.7433402 0.7085653 0.6741891 0.6402746  
    0.6069167 0.5742024 0.542206 0.5110088 0.4806842 0.45133 0.4230321  
    0.395857 0.3698353 0.3450434 0.3215302 0.2993371 0.2784624  
    0.2589157 0.2406412 0.2235716 0.2076159 0.1926893 0.1786843  
    0.1654479 0.1529247 0.1408727 0.1287758 0.1164593 0.1037775  
    0.0903836 0.0760537 0.0607186 0.0542788 
  J_BS = 0.0 0.0004678 0.0025239 0.0067609 0.012186 0.0172178 0.0208278  
    0.0232355 0.0252784 0.0272918 0.0291701 0.0308898 0.0324939  
    0.0339818 0.0353811 0.0367213 0.0379934 0.0392021 0.0403468  
    0.0414259 0.0424583 0.0434387 0.0443636 0.0452455 0.046082  
    0.0468779 0.0476385 0.0483522 0.0490217 0.0496593 0.0502561  
    0.0508133 0.05134 0.0518302 0.0522804 0.052694 0.0530738 0.0534202  
    0.0537341 0.0540163 0.0542669 0.0544841 0.0546669 0.0548159  
    0.0549293 0.0550096 0.055061 0.0550801 0.0550636 0.0550144  
    0.0549348 0.05482 0.0546713 0.0544922 0.0542778 0.0540287 0.053747  
    0.0534296 0.053078 0.0526916 0.052271 0.0518284 0.0513688 0.0508926  
    0.0504005 0.0498891 0.0493581 0.0488072 0.0482338 0.0476356  
    0.0470124 0.0463628 0.0456839 0.0449733 0.0442292 0.0434499  
    0.0426332 0.0417761 0.0408757 0.0399292 0.0389307 0.0378657  
    0.0367234 0.0355068 0.0342214 0.0328732 0.0314691 0.0300166  
    0.0285229 0.0269959 0.0254491 0.0239805 0.0226493 0.0217739  
    0.0211997 0.0205525 0.0198829 0.0189757 0.0174195 0.0149735  
    0.0120994 
  J_NB = 0.0286397 0.0293418 0.0314481 0.0331511 0.0344317 0.0352147  
    0.0355013 0.0354581 0.0352594 0.0348938 0.0344099 0.0337071  
    0.0329355 0.0320995 0.0312317 0.0303935 0.0295371 0.0286724  
    0.027705 0.0266626 0.0256296 0.0245965 0.0236661 0.0227559  
    0.0218017 0.0208464 0.0198721 0.0189081 0.0179542 0.0170251  
    0.0162192 0.0154215 0.0145494 0.0137199 0.013085 0.0124633  
    0.0117771 0.0111168 0.0103152 0.0095463 0.0089681 0.0084372  
    0.0081059 0.0078484 0.007629 0.0074391 0.007202 0.0068693 0.0065517  
    0.0062729 0.0060052 0.0057371 0.0054757 0.0052242 0.0049811  
    0.0047478 0.0044735 0.0042035 0.0039496 0.0037136 0.0034879  
    0.003316 0.0031722 0.0030324 0.0029102 0.0027913 0.0026749 0.00257  
    0.0024652 0.0023625 0.0022626 0.0021643 0.0020673 0.0019684  
    0.0018707 0.0017743 0.0016966 0.001629 0.0015598 0.0014906  
    0.0014488 0.0014022 0.0013514 0.0013065 0.0012893 0.0012632  
    0.0012289 0.0011876 0.0011513 0.0011079 0.001057 0.0009991  
    0.0009294 0.0008469 0.0007653 0.0006846 0.0006056 0.000531 0.000462  
    0.0003936 0.0003169 
  J_EC = 0.0 0.0 0.0 0.0 0.0 0.0 0.0 0.0 0.0 0.0 0.0 0.0 0.0 0.0 0.0  
    0.0 0.0 0.0 0.0 0.0 0.0 0.0 0.0 0.0 0.0 0.0 0.0 0.0 0.0 0.0 0.0 0.0  
    0.0 0.0 0.0 0.0 0.0 0.0 0.0 0.0 0.0 0.0 0.0 0.0 0.0 0.0 0.0 0.0 0.0  
    0.0 0.0 0.0 0.0 0.0 0.0 0.0 0.0 0.0 0.0 0.0 0.0 0.0 0.0 0.0 0.0 0.0  
    0.0 0.0 0.0 0.0 0.0 0.0 0.0 0.0 0.0 0.0 0.0 0.0 0.0 0.0 0.0 0.0 0.0  
    0.0 0.0 0.0 0.0 0.0 0.0 0.0 0.0 0.0 0.0 0.0 0.0 0.0 0.0 0.0 0.0 0.0  
    0.0 
  J_IC = 0.0 0.0 0.0 0.0 0.0 0.0 0.0 0.0 0.0 0.0 0.0 0.0 0.0 0.0 0.0  
    0.0 0.0 0.0 0.0 0.0 0.0 0.0 0.0 0.0 0.0 0.0 0.0 0.0 0.0 0.0 0.0 0.0  
    0.0 0.0 0.0 0.0 0.0 0.0 0.0 0.0 0.0 0.0 0.0 0.0 0.0 0.0 0.0 0.0 0.0  
    0.0 0.0 0.0 0.0 0.0 0.0 0.0 0.0 0.0 0.0 0.0 0.0 0.0 0.0 0.0 0.0 0.0  
    0.0 0.0 0.0 0.0 0.0 0.0 0.0 0.0 0.0 0.0 0.0 0.0 0.0 0.0 0.0 0.0 0.0  
    0.0 0.0 0.0 0.0 0.0 0.0 0.0 0.0 0.0 0.0 0.0 0.0 0.0 0.0 0.0 0.0 0.0  
    0.0 
  J_LH = 0.0 0.0 0.0 0.0 0.0 0.0 0.0 0.0 0.0 0.0 0.0 0.0 0.0 0.0 0.0  
    0.0 0.0 0.0 0.0 0.0 0.0 0.0 0.0 0.0 0.0 0.0 0.0 0.0 0.0 0.0 0.0 0.0  
    0.0 0.0 0.0 0.0 0.0 0.0 0.0 0.0 0.0 0.0 0.0 0.0 0.0 0.0 0.0 0.0 0.0  
    0.0 0.0 0.0 0.0 0.0 0.0 0.0 0.0 0.0 0.0 0.0 0.0 0.0 0.0 0.0 0.0 0.0  
    0.0 0.0 0.0 0.0 0.0 0.0 0.0 0.0 0.0 0.0 0.0 0.0 0.0 0.0 0.0 0.0 0.0  
    0.0 0.0 0.0 0.0 0.0 0.0 0.0 0.0 0.0 0.0 0.0 0.0 0.0 0.0 0.0 0.0 0.0  
    0.0 
  J_HC = 0.0 0.0 0.0 0.0 0.0 0.0 0.0 0.0 0.0 0.0 0.0 0.0 0.0 0.0 0.0  
    0.0 0.0 0.0 0.0 0.0 0.0 0.0 0.0 0.0 0.0 0.0 0.0 0.0 0.0 0.0 0.0 0.0  
    0.0 0.0 0.0 0.0 0.0 0.0 0.0 0.0 0.0 0.0 0.0 0.0 0.0 0.0 0.0 0.0 0.0  
    0.0 0.0 0.0 0.0 0.0 0.0 0.0 0.0 0.0 0.0 0.0 0.0 0.0 0.0 0.0 0.0 0.0  
    0.0 0.0 0.0 0.0 0.0 0.0 0.0 0.0 0.0 0.0 0.0 0.0 0.0 0.0 0.0 0.0 0.0  
    0.0 0.0 0.0 0.0 0.0 0.0 0.0 0.0 0.0 0.0 0.0 0.0 0.0 0.0 0.0 0.0 0.0  
    0.0 
  J_TOT = 2.9770323 2.9770323 2.9876805 2.9710796 2.9256542 2.8790454  
    2.8547884 2.8482479 2.8413717 2.8285873 2.814301 2.7996219 2.783417  
    2.7668277 2.7498026 2.7311547 2.7112555 2.6902924 2.6684745  
    2.6457643 2.6218059 2.5968981 2.5711913 2.5444745 2.5168822  
    2.4882296 2.4584847 2.4280831 2.3969705 2.3648975 2.3322017  
    2.2988165 2.264448 2.2294707 2.1941071 2.1581992 2.1216647  
    2.0844904 2.0466788 2.0083557 1.9696545 1.9306349 1.8913685  
    1.8518883 1.8122098 1.7722568 1.7319079 1.6912844 1.6505962  
    1.6098019 1.5688262 1.5278262 1.4868187 1.4457157 1.4046479  
    1.3636258 1.3225891 1.2816334 1.240783 1.200062 1.1595186 1.1191507  
    1.0790218 1.0391355 0.9994515 0.9600451 0.9209453 0.8821377  
    0.8436981 0.8056891 0.768133 0.7310914 0.6946572 0.658913 0.6239341  
    0.5898012 0.5566024 0.5244236 0.4933351 0.4634015 0.4346737  
    0.4071797 0.380957 0.3560579 0.3325067 0.3102799 0.2893275  
    0.2695885 0.2509892 0.2334382 0.2168392 0.2011357 0.1863246  
    0.1724796 0.1589413 0.1451588 0.1310363 0.1160122 0.0994531  
    0.0810186 0.0713288 
  P_EI = 0.0507147 0.0507284 0.0507683 0.0508343 0.0509249 0.0510389  
    0.0511751 0.0513326 0.0515104 0.0517074 0.0519227 0.0521554  
    0.0524047 0.0526697 0.0529495 0.0532431 0.0535498 0.0538687  
    0.054199 0.0545396 0.05489 0.055249 0.0556158 0.0559896 0.0563692  
    0.0567537 0.0571422 0.0575335 0.0579267 0.0583205 0.0587138  
    0.0591054 0.0594941 0.0598785 0.0602573 0.060629 0.0609921  
    0.0613451 0.0616861 0.0620137 0.0623258 0.0626204 0.0628956  
    0.0631493 0.0633791 0.0635826 0.0637572 0.0639002 0.0640087  
    0.0640798 0.06411 0.0640961 0.0640343 0.0639208 0.0637514 0.0635217  
    0.0632272 0.0628628 0.0624233 0.061903 0.0612961 0.0605976  
    0.0598065 0.0589221 0.0579442 0.0568722 0.0557057 0.0544444  
    0.0530878 0.0516356 0.0500874 0.0484428 0.0467013 0.0448625  
    0.0429258 0.0408903 0.0387555 0.0365201 0.0341828 0.0317419  
    0.0291953 0.02654 0.0237726 0.0208882 0.017881 0.0147429 0.0114637  
    0.0080297 0.0044233 0.0006202 -0.0034117 -0.0077192 -0.0123677  
    -0.0173404 -0.0225573 -0.0277368 -0.0324166 -0.0358476 -0.0370468  
    -0.0355244 -0.0311793 
  SE_NB = 0.0 0.0 0.0 0.0 0.0 0.0 0.0 0.0 0.0 0.0 0.0 0.0 0.0 0.0 0.0  
    0.0 0.0 0.0 0.0 0.0 0.0 0.0 0.0 0.0 0.0 0.0 0.0 0.0 0.0 0.0 0.0 0.0  
    0.0 0.0 0.0 0.0 0.0 0.0 0.0 0.0 0.0 0.0 0.0 0.0 0.0 0.0 0.0 0.0 0.0  
    0.0 0.0 0.0 0.0 0.0 0.0 0.0 0.0 0.0 0.0 0.0 0.0 0.0 0.0 0.0 0.0 0.0  
    0.0 0.0 0.0 0.0 0.0 0.0 0.0 0.0 0.0 0.0 0.0 0.0 0.0 0.0 0.0 0.0 0.0  
    0.0 0.0 0.0 0.0 0.0 0.0 0.0 0.0 0.0 0.0 0.0 0.0 0.0 0.0 0.0 0.0 0.0  
    0.0 
  PE_NB = 0.0615891 0.0615877 0.0616183 0.0615548 0.0614297 0.0612518  
    0.0610275 0.0607487 0.0604166 0.0600313 0.0595941 0.0591113  
    0.0585769 0.0579809 0.0573439 0.0566736 0.0559581 0.0551994  
    0.0544063 0.0535807 0.0527234 0.0518379 0.0509244 0.0499889  
    0.0490381 0.0480732 0.047096 0.0461114 0.045124 0.0441359 0.0431513  
    0.0421724 0.0412031 0.0402447 0.0392962 0.0383645 0.0374555  
    0.0365668 0.0356969 0.0348506 0.0340303 0.0332357 0.0324681  
    0.0317272 0.0310122 0.0303235 0.0296617 0.0290267 0.028417  
    0.0278312 0.0272689 0.0267286 0.0262094 0.0257102 0.0252298  
    0.0247662 0.0243177 0.0238828 0.0234596 0.0230463 0.0226416  
    0.0222441 0.0218521 0.0214641 0.0210787 0.0206945 0.0203104  
    0.019925 0.0195338 0.0191434 0.0187478 0.0183496 0.0179471  
    0.0175401 0.0171287 0.0167131 0.0162936 0.0158711 0.0154463  
    0.0150203 0.0145945 0.0141699 0.0137482 0.0133306 0.0129186  
    0.012513 0.0121158 0.0117281 0.0113502 0.0109823 0.010624 0.0102743  
    0.009931 0.009589 0.0092374 0.008864 0.0084595 0.0080306 0.0075739  
    0.00705 0.0063234 
  PE_EC = 0.0 0.0 0.0 0.0 0.0 0.0 0.0 0.0 0.0 0.0 0.0 0.0 0.0 0.0 0.0  
    0.0 0.0 0.0 0.0 0.0 0.0 0.0 0.0 0.0 0.0 0.0 0.0 0.0 0.0 0.0 0.0 0.0  
    0.0 0.0 0.0 0.0 0.0 0.0 0.0 0.0 0.0 0.0 0.0 0.0 0.0 0.0 0.0 0.0 0.0  
    0.0 0.0 0.0 0.0 0.0 0.0 0.0 0.0 0.0 0.0 0.0 0.0 0.0 0.0 0.0 0.0 0.0  
    0.0 0.0 0.0 0.0 0.0 0.0 0.0 0.0 0.0 0.0 0.0 0.0 0.0 0.0 0.0 0.0 0.0  
    0.0 0.0 0.0 0.0 0.0 0.0 0.0 0.0 0.0 0.0 0.0 0.0 0.0 0.0 0.0 0.0 0.0  
    0.0 
  PE_IC = 0.0 0.0 0.0 0.0 0.0 0.0 0.0 0.0 0.0 0.0 0.0 0.0 0.0 0.0 0.0  
    0.0 0.0 0.0 0.0 0.0 0.0 0.0 0.0 0.0 0.0 0.0 0.0 0.0 0.0 0.0 0.0 0.0  
    0.0 0.0 0.0 0.0 0.0 0.0 0.0 0.0 0.0 0.0 0.0 0.0 0.0 0.0 0.0 0.0 0.0  
    0.0 0.0 0.0 0.0 0.0 0.0 0.0 0.0 0.0 0.0 0.0 0.0 0.0 0.0 0.0 0.0 0.0  
    0.0 0.0 0.0 0.0 0.0 0.0 0.0 0.0 0.0 0.0 0.0 0.0 0.0 0.0 0.0 0.0 0.0  
    0.0 0.0 0.0 0.0 0.0 0.0 0.0 0.0 0.0 0.0 0.0 0.0 0.0 0.0 0.0 0.0 0.0  
    0.0 
  PE_LH = 0.0 0.0 0.0 0.0 0.0 0.0 0.0 0.0 0.0 0.0 0.0 0.0 0.0 0.0 0.0  
    0.0 0.0 0.0 0.0 0.0 0.0 0.0 0.0 0.0 0.0 0.0 0.0 0.0 0.0 0.0 0.0 0.0  
    0.0 0.0 0.0 0.0 0.0 0.0 0.0 0.0 0.0 0.0 0.0 0.0 0.0 0.0 0.0 0.0 0.0  
    0.0 0.0 0.0 0.0 0.0 0.0 0.0 0.0 0.0 0.0 0.0 0.0 0.0 0.0 0.0 0.0 0.0  
    0.0 0.0 0.0 0.0 0.0 0.0 0.0 0.0 0.0 0.0 0.0 0.0 0.0 0.0 0.0 0.0 0.0  
    0.0 0.0 0.0 0.0 0.0 0.0 0.0 0.0 0.0 0.0 0.0 0.0 0.0 0.0 0.0 0.0 0.0  
    0.0 
  PE_HC = 0.0 0.0 0.0 0.0 0.0 0.0 0.0 0.0 0.0 0.0 0.0 0.0 0.0 0.0 0.0  
    0.0 0.0 0.0 0.0 0.0 0.0 0.0 0.0 0.0 0.0 0.0 0.0 0.0 0.0 0.0 0.0 0.0  
    0.0 0.0 0.0 0.0 0.0 0.0 0.0 0.0 0.0 0.0 0.0 0.0 0.0 0.0 0.0 0.0 0.0  
    0.0 0.0 0.0 0.0 0.0 0.0 0.0 0.0 0.0 0.0 0.0 0.0 0.0 0.0 0.0 0.0 0.0  
    0.0 0.0 0.0 0.0 0.0 0.0 0.0 0.0 0.0 0.0 0.0 0.0 0.0 0.0 0.0 0.0 0.0  
    0.0 0.0 0.0 0.0 0.0 0.0 0.0 0.0 0.0 0.0 0.0 0.0 0.0 0.0 0.0 0.0 0.0  
    0.0 
  SI_NB = 0.0 0.0 0.0 0.0 0.0 0.0 0.0 0.0 0.0 0.0 0.0 0.0 0.0 0.0 0.0  
    0.0 0.0 0.0 0.0 0.0 0.0 0.0 0.0 0.0 0.0 0.0 0.0 0.0 0.0 0.0 0.0 0.0  
    0.0 0.0 0.0 0.0 0.0 0.0 0.0 0.0 0.0 0.0 0.0 0.0 0.0 0.0 0.0 0.0 0.0  
    0.0 0.0 0.0 0.0 0.0 0.0 0.0 0.0 0.0 0.0 0.0 0.0 0.0 0.0 0.0 0.0 0.0  
    0.0 0.0 0.0 0.0 0.0 0.0 0.0 0.0 0.0 0.0 0.0 0.0 0.0 0.0 0.0 0.0 0.0  
    0.0 0.0 0.0 0.0 0.0 0.0 0.0 0.0 0.0 0.0 0.0 0.0 0.0 0.0 0.0 0.0 0.0  
    0.0 
  PI_NB = 0.1090986 0.1090682 0.1089927 0.1087234 0.108345 0.1078084  
    0.1071253 0.1063009 0.1053404 0.1042479 0.103028 0.1016806  
    0.1002189 0.0986603 0.0969926 0.095217 0.093355 0.091415 0.0893987  
    0.0873153 0.0851758 0.0829882 0.0807643 0.0785102 0.076231  
    0.0739377 0.0716401 0.0693445 0.0670575 0.0647874 0.0625399  
    0.060322 0.0581386 0.0559961 0.0539028 0.0518577 0.0498605  
    0.0479183 0.0460361 0.0442124 0.0424467 0.0407407 0.0390942  
    0.0375072 0.0359798 0.0345109 0.0330979 0.0317389 0.0304329  
    0.0291785 0.0279729 0.0268143 0.0256999 0.0246273 0.0235939  
    0.0225979 0.0216371 0.0207094 0.0198129 0.0189457 0.0181059  
    0.0172915 0.016501 0.0157331 0.0149867 0.0142605 0.0135538  
    0.0128658 0.0121997 0.0115475 0.0109144 0.0102968 0.0096963  
    0.0091129 0.008547 0.0079987 0.0074684 0.0069563 0.0064628  
    0.0059881 0.0055323 0.0050958 0.0046788 0.004281 0.0039025  
    0.0035436 0.0032027 0.0028795 0.0025734 0.0022837 0.0020097  
    0.0017506 0.0015051 0.0012705 0.0010469 0.0008332 0.0006338  
    0.0004562 0.0003062 0.0001832 8.92e-05 
  PI_EC = 0.0 0.0 0.0 0.0 0.0 0.0 0.0 0.0 0.0 0.0 0.0 0.0 0.0 0.0 0.0  
    0.0 0.0 0.0 0.0 0.0 0.0 0.0 0.0 0.0 0.0 0.0 0.0 0.0 0.0 0.0 0.0 0.0  
    0.0 0.0 0.0 0.0 0.0 0.0 0.0 0.0 0.0 0.0 0.0 0.0 0.0 0.0 0.0 0.0 0.0  
    0.0 0.0 0.0 0.0 0.0 0.0 0.0 0.0 0.0 0.0 0.0 0.0 0.0 0.0 0.0 0.0 0.0  
    0.0 0.0 0.0 0.0 0.0 0.0 0.0 0.0 0.0 0.0 0.0 0.0 0.0 0.0 0.0 0.0 0.0  
    0.0 0.0 0.0 0.0 0.0 0.0 0.0 0.0 0.0 0.0 0.0 0.0 0.0 0.0 0.0 0.0 0.0  
    0.0 
  PI_IC = 0.0 0.0 0.0 0.0 0.0 0.0 0.0 0.0 0.0 0.0 0.0 0.0 0.0 0.0 0.0  
    0.0 0.0 0.0 0.0 0.0 0.0 0.0 0.0 0.0 0.0 0.0 0.0 0.0 0.0 0.0 0.0 0.0  
    0.0 0.0 0.0 0.0 0.0 0.0 0.0 0.0 0.0 0.0 0.0 0.0 0.0 0.0 0.0 0.0 0.0  
    0.0 0.0 0.0 0.0 0.0 0.0 0.0 0.0 0.0 0.0 0.0 0.0 0.0 0.0 0.0 0.0 0.0  
    0.0 0.0 0.0 0.0 0.0 0.0 0.0 0.0 0.0 0.0 0.0 0.0 0.0 0.0 0.0 0.0 0.0  
    0.0 0.0 0.0 0.0 0.0 0.0 0.0 0.0 0.0 0.0 0.0 0.0 0.0 0.0 0.0 0.0 0.0  
    0.0 
  PI_LH = 0.0 0.0 0.0 0.0 0.0 0.0 0.0 0.0 0.0 0.0 0.0 0.0 0.0 0.0 0.0  
    0.0 0.0 0.0 0.0 0.0 0.0 0.0 0.0 0.0 0.0 0.0 0.0 0.0 0.0 0.0 0.0 0.0  
    0.0 0.0 0.0 0.0 0.0 0.0 0.0 0.0 0.0 0.0 0.0 0.0 0.0 0.0 0.0 0.0 0.0  
    0.0 0.0 0.0 0.0 0.0 0.0 0.0 0.0 0.0 0.0 0.0 0.0 0.0 0.0 0.0 0.0 0.0  
    0.0 0.0 0.0 0.0 0.0 0.0 0.0 0.0 0.0 0.0 0.0 0.0 0.0 0.0 0.0 0.0 0.0  
    0.0 0.0 0.0 0.0 0.0 0.0 0.0 0.0 0.0 0.0 0.0 0.0 0.0 0.0 0.0 0.0 0.0  
    0.0 
  PI_HC = 0.0 0.0 0.0 0.0 0.0 0.0 0.0 0.0 0.0 0.0 0.0 0.0 0.0 0.0 0.0  
    0.0 0.0 0.0 0.0 0.0 0.0 0.0 0.0 0.0 0.0 0.0 0.0 0.0 0.0 0.0 0.0 0.0  
    0.0 0.0 0.0 0.0 0.0 0.0 0.0 0.0 0.0 0.0 0.0 0.0 0.0 0.0 0.0 0.0 0.0  
    0.0 0.0 0.0 0.0 0.0 0.0 0.0 0.0 0.0 0.0 0.0 0.0 0.0 0.0 0.0 0.0 0.0  
    0.0 0.0 0.0 0.0 0.0 0.0 0.0 0.0 0.0 0.0 0.0 0.0 0.0 0.0 0.0 0.0 0.0  
    0.0 0.0 0.0 0.0 0.0 0.0 0.0 0.0 0.0 0.0 0.0 0.0 0.0 0.0 0.0 0.0 0.0  
    0.0 
  PI_CX = 0.0039849 0.0039399 0.0039236 0.0039112 0.0038897 0.0038592  
    0.0038221 0.0037787 0.0037293 0.003676 0.0036175 0.0035522 0.003482  
    0.0034075 0.0033294 0.0032484 0.0031635 0.0030748 0.0029842  
    0.0028919 0.0027976 0.0027019 0.0026064 0.0025107 0.0024143  
    0.0023183 0.0022229 0.0021288 0.0020359 0.0019451 0.0018571  
    0.0017713 0.0016874 0.0016063 0.0015284 0.0014535 0.0013818  
    0.0013134 0.0012483 0.0011866 0.0011282 0.0010733 0.0010217  
    0.0009734 0.0009285 0.0008869 0.0008485 0.0008133 0.0007813  
    0.0007523 0.0007263 0.0007033 0.0006833 0.0006661 0.0006518  
    0.0006404 0.0006317 0.000626 0.0006232 0.0006233 0.0006264  
    0.0006327 0.0006421 0.0006548 0.0006707 0.00069 0.0007128 0.0007393  
    0.0007695 0.0008037 0.0008423 0.0008858 0.0009348 0.0009898  
    0.0010517 0.0011212 0.0011997 0.0012894 0.001393 0.0015134 0.001654  
    0.0018188 0.0020139 0.0022476 0.0025307 0.0028758 0.0032992  
    0.0038211 0.004467 0.0052693 0.0062706 0.0075264 0.0091039  
    0.0110955 0.0135204 0.0164218 0.019579 0.0223513 0.0238377  
    0.0242019 0.023713 
  PI_FUS = 0.0 0.0 0.0 0.0 0.0 0.0 0.0 0.0 0.0 0.0 0.0 0.0 0.0 0.0 0.0  
    0.0 0.0 0.0 0.0 0.0 0.0 0.0 0.0 0.0 0.0 0.0 0.0 0.0 0.0 0.0 0.0 0.0  
    0.0 0.0 0.0 0.0 0.0 0.0 0.0 0.0 0.0 0.0 0.0 0.0 0.0 0.0 0.0 0.0 0.0  
    0.0 0.0 0.0 0.0 0.0 0.0 0.0 0.0 0.0 0.0 0.0 0.0 0.0 0.0 0.0 0.0 0.0  
    0.0 0.0 0.0 0.0 0.0 0.0 0.0 0.0 0.0 0.0 0.0 0.0 0.0 0.0 0.0 0.0 0.0  
    0.0 0.0 0.0 0.0 0.0 0.0 0.0 0.0 0.0 0.0 0.0 0.0 0.0 0.0 0.0 0.0 0.0  
    0.0 
  PE_FUS = 0.0 0.0 0.0 0.0 0.0 0.0 0.0 0.0 0.0 0.0 0.0 0.0 0.0 0.0 0.0  
    0.0 0.0 0.0 0.0 0.0 0.0 0.0 0.0 0.0 0.0 0.0 0.0 0.0 0.0 0.0 0.0 0.0  
    0.0 0.0 0.0 0.0 0.0 0.0 0.0 0.0 0.0 0.0 0.0 0.0 0.0 0.0 0.0 0.0 0.0  
    0.0 0.0 0.0 0.0 0.0 0.0 0.0 0.0 0.0 0.0 0.0 0.0 0.0 0.0 0.0 0.0 0.0  
    0.0 0.0 0.0 0.0 0.0 0.0 0.0 0.0 0.0 0.0 0.0 0.0 0.0 0.0 0.0 0.0 0.0  
    0.0 0.0 0.0 0.0 0.0 0.0 0.0 0.0 0.0 0.0 0.0 0.0 0.0 0.0 0.0 0.0 0.0  
    0.0 
  P_RAD = -1.36e-05 0.0001411 0.0002958 0.0004504 0.000662 0.0010172  
    0.0014465 0.0019399 0.002494 0.0031091 0.003785 0.0045134 0.0052965  
    0.0061263 0.0070198 0.0079243 0.0088857 0.0098871 0.0109245  
    0.0119961 0.0130992 0.014231 0.015391 0.016574 0.0177803 0.0190069  
    0.0202515 0.0215121 0.0227868 0.0240725 0.0253682 0.0266714 0.02798  
    0.0292919 0.0306052 0.0319177 0.0332273 0.0345321 0.0358299  
    0.0371187 0.0383963 0.0396606 0.0409096 0.042141 0.0433523  
    0.0445426 0.0457084 0.0468478 0.0479574 0.0490383 0.0500848  
    0.0510956 0.0520677 0.0530001 0.0538888 0.0547317 0.055526 0.056269  
    0.0569583 0.0575901 0.0581632 0.058673 0.0591167 0.0594914  
    0.0597939 0.0600207 0.0601684 0.0602334 0.0602119 0.0601006  
    0.0598948 0.0595914 0.0591863 0.0586744 0.0580516 0.057314  
    0.0564561 0.0554734 0.0543611 0.0531136 0.0517262 0.0501929  
    0.048508 0.0466659 0.0446602 0.0424844 0.0401327 0.0375985 0.034874  
    0.0319518 0.0288259 0.0255026 0.0220515 0.0185573 0.0151051  
    0.0117769 0.0086611 0.005839 0.0033975 0.0014222 2e-07 
  P_OHM = 0.109824 0.1113092 0.113291 0.1152056 0.1166432 0.1183031  
    0.1209219 0.1242266 0.1274008 0.1302045 0.1328692 0.1354618  
    0.1379279 0.1403392 0.1426763 0.1448738 0.146966 0.1489548  
    0.1508547 0.1526644 0.1543546 0.1559422 0.1574287 0.1588039  
    0.1600788 0.1612353 0.162268 0.1632019 0.1640296 0.1647269  
    0.1653078 0.1657724 0.1660998 0.1663059 0.1663921 0.1663568  
    0.1661966 0.1658981 0.1654714 0.1649072 0.1641974 0.1633562  
    0.162372 0.1612562 0.160011 0.1586267 0.1570956 0.1554313 0.1536407  
    0.1517135 0.1496411 0.1474378 0.1451014 0.1426184 0.1400001  
    0.1372446 0.1343479 0.1313135 0.1281407 0.1248305 0.1213886  
    0.1178081 0.1140996 0.1102681 0.1063102 0.102241 0.0980696  
    0.0938007 0.0894539 0.0850475 0.0805968 0.0761239 0.0716562  
    0.0672212 0.0628456 0.0585571 0.0543819 0.0503478 0.0464792  
    0.0427962 0.039312 0.0360418 0.0329944 0.030175 0.0275812 0.0252096  
    0.0230485 0.0210839 0.0192988 0.0176768 0.0161993 0.014844 0.013598  
    0.0124326 0.0112956 0.0101663 0.0090268 0.0078421 0.0065885  
    0.0052553 0.0046948 
  TORQUE_NB = 0.1057105 0.1055988 0.1047722 0.1042285 0.1045659  
    0.1044279 0.1038034 0.1030996 0.1023026 0.1013627 0.1003078  
    0.0988392 0.0974091 0.096723 0.0956728 0.0939317 0.0922477 0.090651  
    0.0888857 0.0869918 0.0850757 0.0831281 0.0813302 0.0795371  
    0.0776009 0.0756348 0.0736843 0.0717262 0.069758 0.0677906  
    0.0657433 0.0637154 0.0616684 0.0596856 0.0580216 0.0563724  
    0.0544855 0.0526516 0.0511023 0.0496007 0.0480391 0.0465125  
    0.0450025 0.0435351 0.0421682 0.0408877 0.0396225 0.038341  
    0.0371124 0.035977 0.0348855 0.0338652 0.0328948 0.031941 0.0309813  
    0.0300555 0.0291667 0.0283083 0.0274909 0.0267295 0.0259871  
    0.0252368 0.0244907 0.0237604 0.0230391 0.0223302 0.0216338  
    0.0209611 0.0202974 0.0196422 0.0190003 0.0183647 0.0177352  
    0.0170955 0.0164622 0.0158369 0.0152328 0.014645 0.0140652  
    0.0134932 0.0129131 0.0123451 0.0117899 0.0112502 0.0107318  
    0.0102263 0.0097335 0.0092529 0.0087851 0.0083263 0.0078752  
    0.0074291 0.0069806 0.0065188 0.0060424 0.0055401 0.0050125  
    0.0044788 0.0039546 0.0034192 0.0028219 
  TORQUE_IN = 0.0 0.0 0.0 0.0 0.0 0.0 0.0 0.0 0.0 0.0 0.0 0.0 0.0 0.0  
    0.0 0.0 0.0 0.0 0.0 0.0 0.0 0.0 0.0 0.0 0.0 0.0 0.0 0.0 0.0 0.0 0.0  
    0.0 0.0 0.0 0.0 0.0 0.0 0.0 0.0 0.0 0.0 0.0 0.0 0.0 0.0 0.0 0.0 0.0  
    0.0 0.0 0.0 0.0 0.0 0.0 0.0 0.0 0.0 0.0 0.0 0.0 0.0 0.0 0.0 0.0 0.0  
    0.0 0.0 0.0 0.0 0.0 0.0 0.0 0.0 0.0 0.0 0.0 0.0 0.0 0.0 0.0 0.0 0.0  
    0.0 0.0 0.0 0.0 0.0 0.0 0.0 0.0 0.0 0.0 0.0 0.0 0.0 0.0 0.0 0.0 0.0  
    0.0 0.0 
  SE_IONIZATION = 0.0 0.0 0.0 0.0 0.0 0.0 0.0 0.0 0.0 0.0 0.0 0.0 0.0  
    0.0 0.0 0.0 0.0 0.0 0.0 0.0 0.0 0.0 0.0 0.0 0.0 0.0 0.0 0.0 0.0 0.0  
    0.0 0.0 0.0 0.0 0.0 0.0 0.0 0.0 0.0 0.0 0.0 0.0 0.0 0.0 0.0 0.0 0.0  
    0.0 0.0 0.0 0.0 0.0 0.0 0.0 0.0 0.0 0.0 0.0 0.0 0.0 0.0 0.0 0.0 0.0  
    0.0 0.0 0.0 0.0 0.0 0.0 0.0 0.0 0.0 0.0 0.0 0.0 0.0 0.0 0.0 0.0 0.0  
    0.0 0.0 0.0 0.0 0.0 0.0 0.0 0.0 0.0 0.0 0.0 0.0 0.0 0.0 0.0 0.0 0.0  
    0.0 0.0 0.0 
  SI_IONIZATION = 0.0 0.0 0.0 0.0 0.0 0.0 0.0 0.0 0.0 0.0 0.0 0.0 0.0  
    0.0 0.0 0.0 0.0 0.0 0.0 0.0 0.0 0.0 0.0 0.0 0.0 0.0 0.0 0.0 0.0 0.0  
    0.0 0.0 0.0 0.0 0.0 0.0 0.0 0.0 0.0 0.0 0.0 0.0 0.0 0.0 0.0 0.0 0.0  
    0.0 0.0 0.0 0.0 0.0 0.0 0.0 0.0 0.0 0.0 0.0 0.0 0.0 0.0 0.0 0.0 0.0  
    0.0 0.0 0.0 0.0 0.0 0.0 0.0 0.0 0.0 0.0 0.0 0.0 0.0 0.0 0.0 0.0 0.0  
    0.0 0.0 0.0 0.0 0.0 0.0 0.0 0.0 0.0 0.0 0.0 0.0 0.0 0.0 0.0 0.0 0.0  
    0.0 0.0 0.0 
  PE_IONIZATION = 0.0 0.0 0.0 0.0 0.0 0.0 0.0 0.0 0.0 0.0 0.0 0.0 0.0  
    0.0 0.0 0.0 0.0 0.0 0.0 0.0 0.0 0.0 0.0 0.0 0.0 0.0 0.0 0.0 0.0 0.0  
    0.0 0.0 0.0 0.0 0.0 0.0 0.0 0.0 0.0 0.0 0.0 0.0 0.0 0.0 0.0 0.0 0.0  
    0.0 0.0 0.0 0.0 0.0 0.0 0.0 0.0 0.0 0.0 0.0 0.0 0.0 0.0 0.0 0.0 0.0  
    0.0 0.0 0.0 0.0 0.0 0.0 0.0 0.0 0.0 0.0 0.0 0.0 0.0 0.0 0.0 0.0 0.0  
    0.0 0.0 0.0 0.0 0.0 0.0 0.0 0.0 0.0 0.0 0.0 0.0 0.0 0.0 0.0 0.0 0.0  
    0.0 0.0 0.0 
  PI_IONIZATION = 0.0 0.0 0.0 0.0 0.0 0.0 0.0 0.0 0.0 0.0 0.0 0.0 0.0  
    0.0 0.0 0.0 0.0 0.0 0.0 0.0 0.0 0.0 0.0 0.0 0.0 0.0 0.0 0.0 0.0 0.0  
    0.0 0.0 0.0 0.0 0.0 0.0 0.0 0.0 0.0 0.0 0.0 0.0 0.0 0.0 0.0 0.0 0.0  
    0.0 0.0 0.0 0.0 0.0 0.0 0.0 0.0 0.0 0.0 0.0 0.0 0.0 0.0 0.0 0.0 0.0  
    0.0 0.0 0.0 0.0 0.0 0.0 0.0 0.0 0.0 0.0 0.0 0.0 0.0 0.0 0.0 0.0 0.0  
    0.0 0.0 0.0 0.0 0.0 0.0 0.0 0.0 0.0 0.0 0.0 0.0 0.0 0.0 0.0 0.0 0.0  
    0.0 0.0 0.0 
  WBEAM = 0.0038713 0.003871 0.00387 0.0038608 0.003845 0.0038241  
    0.0037986 0.0037679 0.0037322 0.0036916 0.0036462 0.0035969  
    0.0035432 0.0034842 0.003422 0.0033572 0.003289 0.0032175 0.0031437  
    0.0030677 0.0029897 0.0029101 0.0028289 0.0027466 0.0026639  
    0.0025809 0.0024976 0.0024146 0.0023322 0.0022505 0.0021698  
    0.0020904 0.0020123 0.0019358 0.0018607 0.0017875 0.0017166  
    0.0016477 0.0015806 0.0015158 0.0014532 0.0013929 0.0013348  
    0.0012789 0.0012251 0.0011735 0.0011239 0.0010763 0.0010307  
    0.000987 0.000945 0.0009047 0.000866 0.0008289 0.0007932 0.0007589  
    0.000726 0.0006942 0.0006635 0.0006339 0.0006054 0.0005778 0.000551  
    0.0005252 0.0005001 0.0004757 0.0004521 0.0004291 0.0004067  
    0.000385 0.0003639 0.0003434 0.0003235 0.0003043 0.0002856  
    0.0002676 0.0002501 0.0002333 0.0002171 0.0002015 0.0001866  
    0.0001724 0.0001588 0.0001459 0.0001336 0.000122 0.000111 0.0001006  
    9.09e-05 8.17e-05 7.31e-05 6.5e-05 5.74e-05 5.04e-05 4.39e-05  
    3.81e-05 3.28e-05 2.82e-05 2.43e-05 2.07e-05 1.69e-05 
  WALPHA = 0.0 0.0 0.0 0.0 0.0 0.0 0.0 0.0 0.0 0.0 0.0 0.0 0.0 0.0 0.0  
    0.0 0.0 0.0 0.0 0.0 0.0 0.0 0.0 0.0 0.0 0.0 0.0 0.0 0.0 0.0 0.0 0.0  
    0.0 0.0 0.0 0.0 0.0 0.0 0.0 0.0 0.0 0.0 0.0 0.0 0.0 0.0 0.0 0.0 0.0  
    0.0 0.0 0.0 0.0 0.0 0.0 0.0 0.0 0.0 0.0 0.0 0.0 0.0 0.0 0.0 0.0 0.0  
    0.0 0.0 0.0 0.0 0.0 0.0 0.0 0.0 0.0 0.0 0.0 0.0 0.0 0.0 0.0 0.0 0.0  
    0.0 0.0 0.0 0.0 0.0 0.0 0.0 0.0 0.0 0.0 0.0 0.0 0.0 0.0 0.0 0.0 0.0  
    0.0 
  DENSITY_BEAM = 0.0686542 0.0686373 0.0686149 0.0684602 0.0682139  
    0.0678787 0.0674626 0.0669587 0.0663706 0.0657026 0.0649567  
    0.0641404 0.0632506 0.0622812 0.061252 0.0601716 0.0590353  
    0.0578477 0.056616 0.055345 0.0540391 0.0527037 0.051342 0.0499611  
    0.0485674 0.0471653 0.0457604 0.0443568 0.0429583 0.0415703  
    0.0401982 0.0388441 0.0375116 0.0362033 0.0349195 0.0336657  
    0.0324463 0.0312601 0.0301065 0.0289886 0.0279083 0.0268648  
    0.0258582 0.0248881 0.0239539 0.0230549 0.0221908 0.0213607  
    0.020563 0.0197961 0.019059 0.0183501 0.0176682 0.0170118 0.0163795  
    0.0157697 0.0151808 0.0146114 0.0140602 0.0135259 0.0130073  
    0.0125033 0.0120128 0.0115346 0.0110679 0.0106118 0.0101656  
    0.0097286 0.0093003 0.0088805 0.0084689 0.0080653 0.0076696  
    0.0072818 0.0069021 0.0065307 0.0061677 0.0058134 0.0054682  
    0.0051323 0.0048062 0.00449 0.004184 0.0038884 0.0036031 0.0033282  
    0.0030635 0.0028087 0.0025634 0.0023272 0.0020993 0.0018791  
    0.0016667 0.0014641 0.0012715 0.0010892 0.0009185 0.0007639  
    0.0006276 0.0004999 0.0003693 
  DENSITY_ALPHA = 0.0 0.0 0.0 0.0 0.0 0.0 0.0 0.0 0.0 0.0 0.0 0.0 0.0  
    0.0 0.0 0.0 0.0 0.0 0.0 0.0 0.0 0.0 0.0 0.0 0.0 0.0 0.0 0.0 0.0 0.0  
    0.0 0.0 0.0 0.0 0.0 0.0 0.0 0.0 0.0 0.0 0.0 0.0 0.0 0.0 0.0 0.0 0.0  
    0.0 0.0 0.0 0.0 0.0 0.0 0.0 0.0 0.0 0.0 0.0 0.0 0.0 0.0 0.0 0.0 0.0  
    0.0 0.0 0.0 0.0 0.0 0.0 0.0 0.0 0.0 0.0 0.0 0.0 0.0 0.0 0.0 0.0 0.0  
    0.0 0.0 0.0 0.0 0.0 0.0 0.0 0.0 0.0 0.0 0.0 0.0 0.0 0.0 0.0 0.0 0.0  
    0.0 0.0 0.0 
  CHIE = 0.5098562 0.5197232 0.530841 0.5417301 0.5515717 0.5612471  
    0.5722159 0.5846672 0.5978549 0.6111236 0.624373 0.6375627  
    0.6506332 0.6635939 0.6764531 0.6892171 0.7018087 0.7142675  
    0.7265978 0.7388161 0.7508982 0.7628705 0.7747388 0.7864614  
    0.7981193 0.8096528 0.8210889 0.8324431 0.8437222 0.8548947  
    0.8660288 0.8770832 0.8880727 0.8990123 0.909901 0.9207478  
    0.9315702 0.9423588 0.9531214 0.9638805 0.9746049 0.985336  
    0.9960679 1.0067853 1.0175367 1.0282919 1.0390857 1.0499114  
    1.060771 1.0716875 1.08266 1.0937062 1.1048159 1.1160273 1.1273154  
    1.1387216 1.1502353 1.1618766 1.1736558 1.1855951 1.1975805  
    1.2093331 1.2207746 1.2319247 1.2427756 1.2533357 1.2636036  
    1.2736007 1.2833333 1.2928455 1.3021516 1.3113305 1.3204434  
    1.3295952 1.3389023 1.3485239 1.3586612 1.3695334 1.3814305  
    1.3946885 1.4096983 1.4269246 1.4469169 1.4703035 1.4978439  
    1.5303827 1.5689545 1.6147512 1.6691918 1.7339683 1.8103976  
    1.8988709 2.0046893 2.1379879 2.3138235 2.5557468 2.9048051  
    3.437886 4.296525 5.7708336 0.0 
  CHII = 0.8160112 0.8242329 0.833467 0.8425249 0.851672 0.8607855  
    0.8699522 0.8790834 0.8883006 0.897472 0.9067275 0.9159803  
    0.9253454 0.9347427 0.9442188 0.9538181 0.9635091 0.97331 0.9832919  
    0.9934254 1.0037728 1.0143564 1.0252147 1.0363334 1.0477891  
    1.0595887 1.0718305 1.084456 1.0975964 1.1112541 1.1254898  
    1.1403359 1.1558867 1.172153 1.1892103 1.2071292 1.2259595  
    1.2458096 1.2666988 1.2887461 1.3120172 1.3366197 1.3626032  
    1.3901248 1.4192599 1.4501324 1.4828792 1.5176252 1.5545 1.5937049  
    1.6353707 1.6797222 1.7269251 1.7772563 1.8309359 1.8882479  
    1.9494931 2.0150411 2.0852458 2.1605133 2.240738 2.3244771  
    2.4116235 2.5023094 2.5967626 2.6951207 2.7976165 2.904435  
    3.0158767 3.132106 3.253499 3.3802928 3.5128714 3.6515858 3.7968504  
    3.9490991 4.1089045 4.2767297 4.4533065 4.6392718 4.8353513  
    5.0419017 5.2588426 5.4856874 5.7217702 5.9659816 6.2167442  
    6.4718549 6.7285596 6.9829258 7.2279394 7.4582798 7.6767042  
    7.9141587 8.2128808 8.6178948 9.2233922 10.2007022 11.8428148  
    14.7220879 0.0 
  NBDRY = 85 
  RBDRY = 1.8053635 2.0550608 1.0589564 1.4432323 1.6783037 2.1807261  
    2.2242223 1.6210152 2.1180869 1.0411648 2.2233557 1.1381728  
    1.8965768 1.6124886 1.016369 1.9237363 1.0479691 1.2723418  
    2.1449972 2.2246144 2.2048618 1.0920067 1.0344506 2.116777  
    1.0492115 1.219685 2.1959997 1.9173068 2.1911592 1.0211939  
    1.0240556 1.961586 1.0200029 1.1228568 1.8679082 1.0463534  
    1.7899912 1.8872461 1.7702782 1.985074 1.0365587 2.1807536  
    2.1294967 1.1249947 1.910338 2.0637888 1.1020447 1.0873067  
    1.2103926 1.0189676 1.3441973 2.1109564 2.1385065 1.7565308 2.21732  
    1.031779 1.5935576 1.0748475 2.2124137 1.2003636 1.3634545  
    1.0211776 1.1689913 1.0163198 1.2877108 2.1716382 1.6016568  
    1.3215561 2.0270335 2.2184634 1.4833486 2.0613261 2.2084115  
    1.0969217 2.1513588 2.1028347 1.6681609 1.0287525 2.225232  
    1.1106984 2.1036432 1.1734273 1.1130062 2.1519463 1.0189529 
  ZBDRY = -1.0131097 0.5733998 0.4137829 -1.1216274 -1.0730991  
    0.2375983 0.0024311 -1.0916417 0.4270883 0.2948565 -0.1173909  
    -0.8573159 0.8002143 0.9768954 -0.1242911 0.7713061 -0.4822237  
    0.949457 0.3519324 -0.0974357 0.140748 -0.7050208 0.2351579  
    -0.6055404 0.354431 -1.0150183 0.1796808 -0.9278528 0.1990515  
    -0.2441166 -0.2839761 0.7254103 -0.2241678 0.6664812 0.8276258  
    0.3345893 0.8889315 -0.9546797 -1.0327975 -0.8533808 0.2550673  
    -0.3737734 -0.5674388 -0.8198043 0.7859438 0.555524 -0.7435845  
    -0.6856559 0.8695299 -0.2042083 -1.1087218 0.4457229 0.370816  
    0.9103138 -0.1770845 -0.3635006 0.9830183 0.4924214 0.1015337  
    0.8519639 -1.1141122 0.0756202 -0.9303964 -0.0443049 0.9626945  
    -0.4127633 -1.0969579 0.9846587 0.6260205 0.0620612 -1.1191028  
    -0.7349133 -0.2364428 -0.7243307 0.3330074 -0.6432578 0.9555408  
    0.1753828 -0.017521 0.6282047 0.4642735 0.7977688 -0.781866  
    -0.49042 0.0356661 
  NLIM = 5 
  RLIM = 2.377 1.001 1.001 2.377 2.377 
  ZLIM = 1.348 1.348 -1.368 -1.368 1.348 
  SHOT_ID = '103035' 
  TIME_ID = '24200' 
  J_RF = 0.0 0.0 0.0 0.0 0.0 0.0 0.0 0.0 0.0 0.0 0.0 0.0 0.0 0.0 0.0  
    0.0 0.0 0.0 0.0 0.0 0.0 0.0 0.0 0.0 0.0 0.0 0.0 0.0 0.0 0.0 0.0 0.0  
    0.0 0.0 0.0 0.0 0.0 0.0 0.0 0.0 0.0 0.0 0.0 0.0 0.0 0.0 0.0 0.0 0.0  
    0.0 0.0 0.0 0.0 0.0 0.0 0.0 0.0 0.0 0.0 0.0 0.0 0.0 0.0 0.0 0.0 0.0  
    0.0 0.0 0.0 0.0 0.0 0.0 0.0 0.0 0.0 0.0 0.0 0.0 0.0 0.0 0.0 0.0 0.0  
    0.0 0.0 0.0 0.0 0.0 0.0 0.0 0.0 0.0 0.0 0.0 0.0 0.0 0.0 0.0 0.0 0.0  
    0.0 
  PE_RF = 0.0 0.0 0.0 0.0 0.0 0.0 0.0 0.0 0.0 0.0 0.0 0.0 0.0 0.0 0.0  
    0.0 0.0 0.0 0.0 0.0 0.0 0.0 0.0 0.0 0.0 0.0 0.0 0.0 0.0 0.0 0.0 0.0  
    0.0 0.0 0.0 0.0 0.0 0.0 0.0 0.0 0.0 0.0 0.0 0.0 0.0 0.0 0.0 0.0 0.0  
    0.0 0.0 0.0 0.0 0.0 0.0 0.0 0.0 0.0 0.0 0.0 0.0 0.0 0.0 0.0 0.0 0.0  
    0.0 0.0 0.0 0.0 0.0 0.0 0.0 0.0 0.0 0.0 0.0 0.0 0.0 0.0 0.0 0.0 0.0  
    0.0 0.0 0.0 0.0 0.0 0.0 0.0 0.0 0.0 0.0 0.0 0.0 0.0 0.0 0.0 0.0 0.0  
    0.0 
  PI_RF = 0.0 0.0 0.0 0.0 0.0 0.0 0.0 0.0 0.0 0.0 0.0 0.0 0.0 0.0 0.0  
    0.0 0.0 0.0 0.0 0.0 0.0 0.0 0.0 0.0 0.0 0.0 0.0 0.0 0.0 0.0 0.0 0.0  
    0.0 0.0 0.0 0.0 0.0 0.0 0.0 0.0 0.0 0.0 0.0 0.0 0.0 0.0 0.0 0.0 0.0  
    0.0 0.0 0.0 0.0 0.0 0.0 0.0 0.0 0.0 0.0 0.0 0.0 0.0 0.0 0.0 0.0 0.0  
    0.0 0.0 0.0 0.0 0.0 0.0 0.0 0.0 0.0 0.0 0.0 0.0 0.0 0.0 0.0 0.0 0.0  
    0.0 0.0 0.0 0.0 0.0 0.0 0.0 0.0 0.0 0.0 0.0 0.0 0.0 0.0 0.0 0.0 0.0  
    0.0 
/

