&INSTATE
  TOKAMAK_ID = 'd3d' 
  MODEL_SHAPE = 0 
  DENSITY_MODEL = 0 
  R0 = 1.6955 
  B0 = 1.9095 
  IP = 0.74891 
  KAPPA = 1.7492 
  DELTA = 0.65106 
  ASPECT = 0.3563549 
  RMAJOR = 1.6955 
  AMINOR = 0.6041997 
  N_ION = 1 
  Z_ION = 1 
  A_ION = 2 
  F_ION = 1 
  N_IMP = 1 
  Z_IMP = 6 
  A_IMP = 12 
  F_IMP = 1 
  N_MIN = 0 
  Z_MIN = 1 
  A_MIN = 1 
  N_BEAM = 1 
  Z_BEAM = 1 
  A_BEAM = 2 
  N_FUSION = 1 
  Z_FUSION = 2 
  A_FUSION = 4 
  RHO = 0.0 0.01 0.02 0.03 0.04 0.05 0.06 0.07 0.08 0.09 0.1 0.11 0.12  
    0.13 0.14 0.15 0.16 0.17 0.18 0.19 0.2 0.21 0.22 0.23 0.24 0.25  
    0.26 0.27 0.28 0.29 0.3 0.31 0.32 0.33 0.34 0.35 0.36 0.37 0.38  
    0.39 0.4 0.41 0.42 0.43 0.44 0.45 0.46 0.47 0.48 0.49 0.5 0.51 0.52  
    0.53 0.54 0.55 0.56 0.57 0.58 0.59 0.6 0.61 0.62 0.63 0.64 0.65  
    0.66 0.67 0.68 0.69 0.7 0.71 0.72 0.73 0.74 0.75 0.76 0.77 0.78  
    0.79 0.8 0.81 0.82 0.83 0.84 0.85 0.86 0.87 0.88 0.89 0.9 0.91 0.92  
    0.93 0.94 0.95 0.96 0.97 0.98 0.99 1.0 
  NRHO = 101 
  PSIPOL = -0.38183 -0.38178 -0.38161 -0.38133 -0.38095 -0.38045  
    -0.37985 -0.37914 -0.37831 -0.37738 -0.37634 -0.37519 -0.37392  
    -0.37255 -0.37106 -0.36946 -0.36775 -0.36593 -0.36401 -0.36197  
    -0.35984 -0.35761 -0.35529 -0.35287 -0.35037 -0.34778 -0.34513  
    -0.3424 -0.33962 -0.33677 -0.33388 -0.33095 -0.32799 -0.325  
    -0.32198 -0.31895 -0.31591 -0.31287 -0.30982 -0.30678 -0.30374  
    -0.30071 -0.2977 -0.2947 -0.29171 -0.28874 -0.2858 -0.28287  
    -0.27996 -0.27708 -0.27421 -0.27137 -0.26856 -0.26577 -0.263  
    -0.26026 -0.25754 -0.25485 -0.25218 -0.24954 -0.24693 -0.24434  
    -0.24177 -0.23923 -0.23671 -0.23422 -0.23176 -0.22932 -0.2269  
    -0.22451 -0.22214 -0.2198 -0.21748 -0.21519 -0.21292 -0.21067  
    -0.20846 -0.20626 -0.2041 -0.20196 -0.19985 -0.19777 -0.19571  
    -0.19368 -0.19169 -0.18972 -0.18779 -0.18589 -0.18402 -0.18219  
    -0.1804 -0.17865 -0.17694 -0.17527 -0.17365 -0.17209 -0.17058  
    -0.16913 -0.16779 -0.16655 -0.16575 
  RHOPSI = 0.0 0.1 0.1414214 0.1732051 0.2 0.2236068 0.244949 0.2645751  
    0.2828427 0.3 0.3162278 0.3316625 0.3464102 0.3605551 0.3741657  
    0.3872983 0.4 0.4123106 0.4242641 0.4358899 0.4472136 0.4582576  
    0.4690416 0.4795832 0.4898979 0.5 0.509902 0.5196152 0.5291503  
    0.5385165 0.5477226 0.5567764 0.5656854 0.5744563 0.5830952  
    0.591608 0.6 0.6082763 0.6164414 0.6244998 0.6324555 0.6403124  
    0.6480741 0.6557439 0.663325 0.6708204 0.678233 0.6855655 0.6928203  
    0.7 0.7071068 0.7141428 0.7211103 0.728011 0.7348469 0.7416198  
    0.7483315 0.7549834 0.7615773 0.7681146 0.7745967 0.781025  
    0.7874008 0.7937254 0.8 0.8062258 0.8124038 0.8185353 0.8246211  
    0.8306624 0.83666 0.842615 0.8485281 0.8544004 0.8602325 0.8660254  
    0.8717798 0.8774964 0.8831761 0.8888194 0.8944272 0.9 0.9055385  
    0.9110434 0.9165151 0.9219544 0.9273618 0.9327379 0.9380832  
    0.9433981 0.9486833 0.9539392 0.9591663 0.9643651 0.969536  
    0.9746794 0.9797959 0.9848858 0.9899495 0.9949874 1.0 
  Q = 1.0892 1.0863 1.0775 1.0733 1.0771 1.0836 1.0877 1.0886 1.0882  
    1.0872 1.0858 1.0843 1.0816 1.0807 1.0799 1.0798 1.0804 1.0816  
    1.0836 1.0869 1.0914 1.0973 1.1046 1.1134 1.1239 1.1362 1.1503  
    1.1664 1.1845 1.2048 1.2272 1.2519 1.2788 1.308 1.3395 1.3731  
    1.4088 1.4466 1.4864 1.528 1.5713 1.6163 1.6629 1.7111 1.7608 1.812  
    1.8646 1.9186 1.9741 2.0309 2.0891 2.1486 2.2095 2.2718 2.3354  
    2.4004 2.4667 2.5343 2.6033 2.6736 2.7453 2.8183 2.8927 2.9685  
    3.0456 3.1242 3.2043 3.2859 3.3691 3.4539 3.5406 3.6291 3.7197  
    3.8125 3.9077 4.0055 4.1061 4.2098 4.3169 4.4277 4.5425 4.6618  
    4.786 4.9157 5.0514 5.1939 5.344 5.5027 5.6713 5.8513 6.045 6.2551  
    6.4852 6.7401 7.0269 7.3584 7.756 8.1734 9.1421 9.8065 30.008 
  NE = 3.1007 3.1004 3.0997 3.0984 3.0967 3.0944 3.0917 3.0885 3.0848  
    3.0806 3.0759 3.0708 3.0652 3.0592 3.0527 3.0457 3.0383 3.0304  
    3.0221 3.0134 3.0042 2.9945 2.9845 2.974 2.9631 2.9517 2.94 2.9278  
    2.9153 2.9023 2.8889 2.8751 2.861 2.8464 2.8315 2.8161 2.8004  
    2.7843 2.7679 2.751 2.7338 2.7163 2.6984 2.6801 2.6615 2.6425  
    2.6232 2.6035 2.5835 2.5632 2.5425 2.5215 2.5002 2.4786 2.4566  
    2.4344 2.4118 2.3889 2.3658 2.3423 2.3185 2.2945 2.2702 2.2455  
    2.2206 2.1955 2.17 2.1443 2.1183 2.0921 2.0656 2.0389 2.012 1.9849  
    1.9575 1.93 1.9022 1.8743 1.8462 1.8179 1.7894 1.7608 1.7321 1.7032  
    1.6741 1.645 1.6157 1.5863 1.5569 1.5273 1.4976 1.4679 1.4381  
    1.4082 1.3783 1.3483 1.3183 1.2883 1.2582 1.2281 1.198 
  TE = 1.7428 1.7421 1.7402 1.7369 1.7324 1.7266 1.7197 1.7117 1.7026  
    1.6924 1.6811 1.6689 1.6557 1.6416 1.6266 1.6108 1.5941 1.5767  
    1.5585 1.5397 1.5201 1.4999 1.4792 1.4578 1.436 1.4136 1.3908  
    1.3676 1.344 1.32 1.2958 1.2712 1.2465 1.2215 1.1964 1.1711 1.1457  
    1.1203 1.0949 1.0695 1.0441 1.0188 0.99366 0.96866 0.94385 0.91928  
    0.89497 0.87096 0.84729 0.824 0.80112 0.77867 0.75667 0.73509  
    0.71394 0.69319 0.67285 0.6529 0.63334 0.61415 0.59532 0.57686  
    0.55874 0.54096 0.52352 0.50639 0.48958 0.47307 0.45686 0.44093  
    0.42528 0.4099 0.39478 0.37991 0.36527 0.35088 0.3367 0.32274  
    0.30898 0.29543 0.28205 0.26886 0.25584 0.24298 0.23027 0.2177  
    0.20527 0.19296 0.18077 0.16869 0.1567 0.14481 0.13299 0.12125  
    0.10956 0.097935 0.086352 0.074804 0.063283 0.051781 0.040287 
  TI = 2.4793 2.4766 2.4687 2.4561 2.4389 2.4176 2.3924 2.3638 2.332  
    2.2973 2.2601 2.2208 2.1796 2.1369 2.093 2.0482 2.0029 1.9575  
    1.9121 1.8672 1.8232 1.7802 1.7383 1.6976 1.658 1.6195 1.5821  
    1.5456 1.5102 1.4759 1.4424 1.41 1.3784 1.3478 1.3181 1.2892 1.2612  
    1.2339 1.2075 1.1819 1.157 1.1329 1.1095 1.0867 1.0646 1.0432  
    1.0224 1.0022 0.98257 0.9635 0.94497 0.92695 0.90943 0.89237  
    0.87576 0.85957 0.84379 0.82839 0.81335 0.79865 0.78426 0.77017  
    0.75635 0.74277 0.72943 0.71629 0.70334 0.69054 0.67789 0.66535  
    0.65291 0.64054 0.62823 0.61594 0.60367 0.59137 0.57905 0.56666  
    0.55419 0.54162 0.52893 0.51609 0.50308 0.48988 0.47647 0.46283  
    0.44893 0.43475 0.42027 0.40547 0.39032 0.37482 0.359 0.34288  
    0.32651 0.30993 0.29316 0.27625 0.25922 0.24213 0.225 
  ZEFF = 1.3018 1.3018 1.3017 1.3016 1.3015 1.3014 1.3012 1.301 1.3008  
    1.3005 1.3003 1.3 1.2997 1.2994 1.2991 1.2987 1.2984 1.2981 1.2977  
    1.2974 1.297 1.2967 1.2963 1.296 1.2957 1.2953 1.295 1.2947 1.2945  
    1.2942 1.294 1.2938 1.2936 1.2935 1.2934 1.2933 1.2933 1.2933  
    1.2933 1.2934 1.2936 1.2938 1.2941 1.2944 1.2948 1.2953 1.2958  
    1.2964 1.2971 1.2979 1.2988 1.2998 1.3009 1.3021 1.3034 1.3049  
    1.3064 1.3081 1.31 1.312 1.3141 1.3165 1.319 1.3217 1.3246 1.3277  
    1.331 1.3346 1.3384 1.3424 1.3467 1.3513 1.3562 1.3615 1.367 1.3729  
    1.3792 1.3859 1.393 1.4005 1.4085 1.4169 1.4255 1.4339 1.442 1.4493  
    1.4555 1.4604 1.4555 1.4544 1.4468 1.4319 1.4094 1.3791 1.3412  
    1.2967 1.247 1.1949 1.1441 1.0994 1.0652 
  P_EQ = 25794.0 25776.0 25725.0 25629.0 25497.0 25330.0 25127.0  
    24890.0 24622.0 24325.0 24003.0 23657.0 23289.0 22901.0 22496.0  
    22077.0 21644.0 21201.0 20750.0 20290.0 19828.0 19365.0 18902.0  
    18438.0 17977.0 17516.0 17057.0 16602.0 16151.0 15704.0 15262.0  
    14827.0 14396.0 13971.0 13553.0 13143.0 12740.0 12345.0 11958.0  
    11579.0 11208.0 10846.0 10492.0 10147.0 9810.6 9483.0 9164.1 8854.1  
    8552.9 8260.3 7976.5 7701.1 7434.0 7174.9 6923.6 6679.8 6443.2  
    6213.5 5990.4 5773.6 5563.1 5358.5 5159.6 4966.2 4778.0 4594.8  
    4416.6 4243.1 4074.3 3909.9 3749.7 3593.8 3441.8 3293.7 3149.4  
    3008.8 2871.8 2738.1 2607.9 2480.9 2357.1 2236.4 2118.8 2004.3  
    1892.8 1784.4 1679.0 1576.5 1477.8 1381.3 1288.0 1197.7 1110.4  
    1026.2 944.91 866.42 790.56 717.17 645.99 576.66 508.81 
  OMEGA = 81093.0 81064.0 80977.0 80833.0 80635.0 80383.0 80080.0  
    79727.0 79325.0 78877.0 78383.0 77846.0 77266.0 76646.0 75987.0  
    75290.0 74557.0 73790.0 72991.0 72160.0 71300.0 70411.0 69496.0  
    68557.0 67594.0 66609.0 65604.0 64581.0 63540.0 62484.0 61414.0  
    60332.0 59239.0 58137.0 57028.0 55912.0 54792.0 53669.0 52544.0  
    51420.0 50298.0 49179.0 48066.0 46958.0 45859.0 44770.0 43692.0  
    42626.0 41575.0 40540.0 39523.0 38524.0 37547.0 36591.0 35660.0  
    34754.0 33875.0 33024.0 32203.0 31415.0 30659.0 29938.0 29254.0  
    28608.0 28001.0 27434.0 26903.0 26406.0 25938.0 25496.0 25076.0  
    24676.0 24291.0 23918.0 23554.0 23195.0 22837.0 22477.0 22111.0  
    21737.0 21349.0 20946.0 20523.0 20077.0 19604.0 19101.0 18565.0  
    17991.0 17377.0 16718.0 16012.0 15254.0 14442.0 13571.0 12639.0  
    11641.0 10575.0 9435.9 8221.3 6937.0 5615.6 
  PPRIME = 0.0 0.0 0.0 0.0 0.0 0.0 0.0 0.0 0.0 0.0 0.0 0.0 0.0 0.0 0.0  
    0.0 0.0 0.0 0.0 0.0 0.0 0.0 0.0 0.0 0.0 0.0 0.0 0.0 0.0 0.0 0.0 0.0  
    0.0 0.0 0.0 0.0 0.0 0.0 0.0 0.0 0.0 0.0 0.0 0.0 0.0 0.0 0.0 0.0 0.0  
    0.0 0.0 0.0 0.0 0.0 0.0 0.0 0.0 0.0 0.0 0.0 0.0 0.0 0.0 0.0 0.0 0.0  
    0.0 0.0 0.0 0.0 0.0 0.0 0.0 0.0 0.0 0.0 0.0 0.0 0.0 0.0 0.0 0.0 0.0  
    0.0 0.0 0.0 0.0 0.0 0.0 0.0 0.0 0.0 0.0 0.0 0.0 0.0 0.0 0.0 0.0 0.0  
    0.0 
  FFPRIME = 0.0 0.0 0.0 0.0 0.0 0.0 0.0 0.0 0.0 0.0 0.0 0.0 0.0 0.0 0.0  
    0.0 0.0 0.0 0.0 0.0 0.0 0.0 0.0 0.0 0.0 0.0 0.0 0.0 0.0 0.0 0.0 0.0  
    0.0 0.0 0.0 0.0 0.0 0.0 0.0 0.0 0.0 0.0 0.0 0.0 0.0 0.0 0.0 0.0 0.0  
    0.0 0.0 0.0 0.0 0.0 0.0 0.0 0.0 0.0 0.0 0.0 0.0 0.0 0.0 0.0 0.0 0.0  
    0.0 0.0 0.0 0.0 0.0 0.0 0.0 0.0 0.0 0.0 0.0 0.0 0.0 0.0 0.0 0.0 0.0  
    0.0 0.0 0.0 0.0 0.0 0.0 0.0 0.0 0.0 0.0 0.0 0.0 0.0 0.0 0.0 0.0 0.0  
    0.0 
  J_OH = 1.6545 1.6579 1.6543 1.6307 1.5961 1.5754 1.5734 1.5777 1.5802  
    1.5829 1.5861 1.5886 1.5899 1.5898 1.587 1.5814 1.5726 1.5603 1.544  
    1.5232 1.4976 1.4673 1.4326 1.3931 1.3493 1.3016 1.2502 1.1959  
    1.1392 1.0812 1.0222 0.96351 0.90591 0.8503 0.79712 0.74712 0.70052  
    0.65768 0.61843 0.58275 0.55048 0.52125 0.4948 0.47085 0.44918  
    0.42952 0.41161 0.39528 0.38041 0.36683 0.35445 0.34318 0.33291  
    0.32357 0.31509 0.30742 0.3005 0.29426 0.28866 0.28366 0.27919  
    0.2752 0.27162 0.26841 0.26543 0.26266 0.26001 0.25737 0.25464  
    0.25176 0.24865 0.24522 0.24141 0.23717 0.23246 0.22726 0.22155  
    0.21536 0.2087 0.20162 0.19417 0.18639 0.17836 0.17016 0.16184  
    0.15345 0.14505 0.13678 0.12867 0.12057 0.11258 0.10478 0.097124  
    0.089559 0.081998 0.074341 0.066454 0.058198 0.049606 0.040232  
    0.040906 
  J_BS = 0.0 0.0015539 0.0069813 0.016326 0.026287 0.03363 0.037848  
    0.040804 0.043604 0.046085 0.048182 0.049953 0.051428 0.052704  
    0.053818 0.05471 0.055368 0.055828 0.056094 0.0562 0.056213  
    0.056138 0.056033 0.055975 0.05594 0.055909 0.055921 0.055974  
    0.056045 0.056155 0.05631 0.056477 0.056662 0.056873 0.057095  
    0.057329 0.057557 0.057769 0.057966 0.058134 0.058265 0.058359  
    0.058404 0.058397 0.058336 0.058216 0.058036 0.057793 0.057482  
    0.057105 0.056664 0.05618 0.055678 0.055163 0.054636 0.054094  
    0.053537 0.052971 0.052391 0.051797 0.051192 0.050577 0.04995  
    0.049311 0.048661 0.048 0.047327 0.046642 0.045945 0.045235  
    0.044512 0.043778 0.04303 0.042269 0.041494 0.040705 0.039902  
    0.03908 0.038239 0.037377 0.036487 0.035558 0.034581 0.033557  
    0.032485 0.031367 0.030201 0.028816 0.02755 0.026356 0.02491  
    0.023436 0.021925 0.020372 0.018769 0.017101 0.015325 0.013453  
    0.011414 0.0096372 0.0082635 
  J_NB = 0.043404 0.045998 0.053778 0.060321 0.065558 0.068404 0.069821  
    0.070462 0.071021 0.071197 0.070902 0.070372 0.069645 0.068496  
    0.067241 0.065886 0.064734 0.063474 0.062116 0.060735 0.059308  
    0.057891 0.056427 0.05488 0.052962 0.051088 0.049266 0.047252  
    0.04515 0.042803 0.040617 0.038599 0.036532 0.03449 0.032869  
    0.031327 0.030058 0.02882 0.027665 0.026524 0.025328 0.024165  
    0.023118 0.022102 0.021017 0.01994 0.018941 0.018037 0.017168  
    0.016373 0.015614 0.014889 0.014207 0.013549 0.012902 0.012264  
    0.011652 0.011088 0.010571 0.01007 0.0095828 0.0091024 0.0086373  
    0.0081828 0.007829 0.0074872 0.0071497 0.0068438 0.0065996  
    0.0063497 0.0060951 0.0058427 0.0055948 0.0053441 0.0050915  
    0.0048446 0.0046159 0.0043863 0.004157 0.0039287 0.0037052  
    0.0034853 0.0032688 0.0030565 0.0028508 0.0026459 0.0024469  
    0.0022548 0.0020688 0.0018909 0.0017139 0.0015389 0.0013731  
    0.0012161 0.0010656 0.0009213 0.0007836 0.0006542 0.0005331  
    0.0004139 0.0002896 
  J_EC = 0.0 0.0 0.0 0.0 0.0 0.0 0.0 0.0 0.0 0.0 0.0 0.0 0.0 0.0 0.0  
    0.0 0.0 0.0 0.0 0.0 0.0 0.0 0.0 0.0 0.0 0.0 0.0 0.0 0.0 0.0 0.0 0.0  
    0.0 0.0 0.0 0.0 0.0 0.0 0.0 0.0 0.0 0.0 0.0 0.0 0.0 0.0 0.0 0.0 0.0  
    0.0 0.0 0.0 0.0 0.0 0.0 0.0 0.0 0.0 0.0 0.0 0.0 0.0 0.0 0.0 0.0 0.0  
    0.0 0.0 0.0 0.0 0.0 0.0 0.0 0.0 0.0 0.0 0.0 0.0 0.0 0.0 0.0 0.0 0.0  
    0.0 0.0 0.0 0.0 0.0 0.0 0.0 0.0 0.0 0.0 0.0 0.0 0.0 0.0 0.0 0.0 0.0  
    0.0 
  J_IC = 0.0 0.0 0.0 0.0 0.0 0.0 0.0 0.0 0.0 0.0 0.0 0.0 0.0 0.0 0.0  
    0.0 0.0 0.0 0.0 0.0 0.0 0.0 0.0 0.0 0.0 0.0 0.0 0.0 0.0 0.0 0.0 0.0  
    0.0 0.0 0.0 0.0 0.0 0.0 0.0 0.0 0.0 0.0 0.0 0.0 0.0 0.0 0.0 0.0 0.0  
    0.0 0.0 0.0 0.0 0.0 0.0 0.0 0.0 0.0 0.0 0.0 0.0 0.0 0.0 0.0 0.0 0.0  
    0.0 0.0 0.0 0.0 0.0 0.0 0.0 0.0 0.0 0.0 0.0 0.0 0.0 0.0 0.0 0.0 0.0  
    0.0 0.0 0.0 0.0 0.0 0.0 0.0 0.0 0.0 0.0 0.0 0.0 0.0 0.0 0.0 0.0 0.0  
    0.0 
  J_LH = 0.0 0.0 0.0 0.0 0.0 0.0 0.0 0.0 0.0 0.0 0.0 0.0 0.0 0.0 0.0  
    0.0 0.0 0.0 0.0 0.0 0.0 0.0 0.0 0.0 0.0 0.0 0.0 0.0 0.0 0.0 0.0 0.0  
    0.0 0.0 0.0 0.0 0.0 0.0 0.0 0.0 0.0 0.0 0.0 0.0 0.0 0.0 0.0 0.0 0.0  
    0.0 0.0 0.0 0.0 0.0 0.0 0.0 0.0 0.0 0.0 0.0 0.0 0.0 0.0 0.0 0.0 0.0  
    0.0 0.0 0.0 0.0 0.0 0.0 0.0 0.0 0.0 0.0 0.0 0.0 0.0 0.0 0.0 0.0 0.0  
    0.0 0.0 0.0 0.0 0.0 0.0 0.0 0.0 0.0 0.0 0.0 0.0 0.0 0.0 0.0 0.0 0.0  
    0.0 
  J_HC = 0.0 0.0 0.0 0.0 0.0 0.0 0.0 0.0 0.0 0.0 0.0 0.0 0.0 0.0 0.0  
    0.0 0.0 0.0 0.0 0.0 0.0 0.0 0.0 0.0 0.0 0.0 0.0 0.0 0.0 0.0 0.0 0.0  
    0.0 0.0 0.0 0.0 0.0 0.0 0.0 0.0 0.0 0.0 0.0 0.0 0.0 0.0 0.0 0.0 0.0  
    0.0 0.0 0.0 0.0 0.0 0.0 0.0 0.0 0.0 0.0 0.0 0.0 0.0 0.0 0.0 0.0 0.0  
    0.0 0.0 0.0 0.0 0.0 0.0 0.0 0.0 0.0 0.0 0.0 0.0 0.0 0.0 0.0 0.0 0.0  
    0.0 0.0 0.0 0.0 0.0 0.0 0.0 0.0 0.0 0.0 0.0 0.0 0.0 0.0 0.0 0.0 0.0  
    0.0 
  J_TOT = 1.6979 1.7055 1.7151 1.7074 1.688 1.6774 1.6811 1.6889 1.6949  
    1.7002 1.7052 1.7089 1.711 1.711 1.7081 1.702 1.6927 1.6796 1.6622  
    1.6402 1.6131 1.5813 1.5451 1.504 1.4582 1.4086 1.3554 1.2991  
    1.2404 1.1801 1.1192 1.0586 0.99911 0.94166 0.88708 0.83578 0.78813  
    0.74427 0.70406 0.66741 0.63407 0.60378 0.57632 0.55135 0.52854  
    0.50767 0.48859 0.47111 0.45506 0.4403 0.42673 0.41425 0.40279  
    0.39228 0.38263 0.37378 0.36569 0.35832 0.35162 0.34553 0.33997  
    0.33488 0.3302 0.3259 0.32192 0.31815 0.31448 0.31085 0.30718  
    0.30335 0.29926 0.29484 0.29003 0.28478 0.27905 0.27281 0.26606  
    0.25882 0.2511 0.24293 0.23436 0.22543 0.21621 0.20677 0.19717  
    0.18747 0.1777 0.16785 0.15829 0.14882 0.1392 0.12975 0.12042  
    0.11115 0.10183 0.092363 0.082563 0.072305 0.061554 0.050283  
    0.049459 
  P_EI = -0.054624 -0.054495 -0.054123 -0.053537 -0.052749 -0.051778  
    -0.050639 -0.04935 -0.047923 -0.046376 -0.044724 -0.042981  
    -0.041166 -0.039293 -0.037381 -0.035448 -0.033512 -0.031595  
    -0.029717 -0.027902 -0.026175 -0.024558 -0.023057 -0.021669  
    -0.020393 -0.019226 -0.018168 -0.017217 -0.016373 -0.015634  
    -0.014999 -0.014469 -0.014042 -0.01372 -0.0135 -0.013383 -0.013369  
    -0.013458 -0.013648 -0.01394 -0.014332 -0.014825 -0.015415  
    -0.016103 -0.016886 -0.017761 -0.018726 -0.019776 -0.020907  
    -0.022113 -0.023387 -0.024723 -0.026119 -0.027576 -0.029094  
    -0.030673 -0.032313 -0.034014 -0.035775 -0.037598 -0.039481  
    -0.041425 -0.04343 -0.045495 -0.04762 -0.049805 -0.052051 -0.054358  
    -0.056727 -0.059159 -0.061655 -0.064219 -0.066851 -0.069557  
    -0.07234 -0.075206 -0.078162 -0.081216 -0.08438 -0.087665 -0.091088  
    -0.09467 -0.098434 -0.10241 -0.10664 -0.11117 -0.11605 -0.12137  
    -0.12715 -0.13364 -0.14092 -0.14921 -0.15886 -0.17037 -0.18448  
    -0.20232 -0.22567 -0.25757 -0.30351 -0.37446 -0.49561 
  SE_NB = 0.0 0.0 0.0 0.0 0.0 0.0 0.0 0.0 0.0 0.0 0.0 0.0 0.0 0.0 0.0  
    0.0 0.0 0.0 0.0 0.0 0.0 0.0 0.0 0.0 0.0 0.0 0.0 0.0 0.0 0.0 0.0 0.0  
    0.0 0.0 0.0 0.0 0.0 0.0 0.0 0.0 0.0 0.0 0.0 0.0 0.0 0.0 0.0 0.0 0.0  
    0.0 0.0 0.0 0.0 0.0 0.0 0.0 0.0 0.0 0.0 0.0 0.0 0.0 0.0 0.0 0.0 0.0  
    0.0 0.0 0.0 0.0 0.0 0.0 0.0 0.0 0.0 0.0 0.0 0.0 0.0 0.0 0.0 0.0 0.0  
    0.0 0.0 0.0 0.0 0.0 0.0 0.0 0.0 0.0 0.0 0.0 0.0 0.0 0.0 0.0 0.0 0.0  
    0.0 
  PE_NB = 0.10569 0.10572 0.10581 0.10574 0.1056 0.10538 0.10506  
    0.10463 0.10409 0.10347 0.10277 0.10198 0.10111 0.10015 0.099123  
    0.098028 0.096864 0.095631 0.094332 0.092952 0.091525 0.090071  
    0.088563 0.087013 0.08545 0.083842 0.082196 0.08055 0.078893  
    0.077216 0.075553 0.073907 0.072247 0.070593 0.068957 0.067341  
    0.065753 0.064188 0.06265 0.06114 0.059661 0.058213 0.056801  
    0.055422 0.054074 0.052758 0.051476 0.050227 0.049009 0.047819  
    0.046657 0.045519 0.044402 0.043308 0.042239 0.041192 0.040163  
    0.039152 0.038155 0.037174 0.036206 0.035251 0.034306 0.03337  
    0.03244 0.031509 0.030593 0.029683 0.028778 0.02788 0.026987  
    0.026101 0.025221 0.024348 0.023484 0.022629 0.021785 0.020954  
    0.020137 0.019335 0.018552 0.017788 0.017047 0.01633 0.01564  
    0.014979 0.014349 0.013753 0.013194 0.012673 0.012194 0.011759  
    0.011369 0.011024 0.010722 0.01046 0.010245 0.010105 0.01005  
    0.010002 0.0096957 
  PE_EC = 0.0 0.0 0.0 0.0 0.0 0.0 0.0 0.0 0.0 0.0 0.0 0.0 0.0 0.0 0.0  
    0.0 0.0 0.0 0.0 0.0 0.0 0.0 0.0 0.0 0.0 0.0 0.0 0.0 0.0 0.0 0.0 0.0  
    0.0 0.0 0.0 0.0 0.0 0.0 0.0 0.0 0.0 0.0 0.0 0.0 0.0 0.0 0.0 0.0 0.0  
    0.0 0.0 0.0 0.0 0.0 0.0 0.0 0.0 0.0 0.0 0.0 0.0 0.0 0.0 0.0 0.0 0.0  
    0.0 0.0 0.0 0.0 0.0 0.0 0.0 0.0 0.0 0.0 0.0 0.0 0.0 0.0 0.0 0.0 0.0  
    0.0 0.0 0.0 0.0 0.0 0.0 0.0 0.0 0.0 0.0 0.0 0.0 0.0 0.0 0.0 0.0 0.0  
    0.0 
  PE_IC = 0.0 0.0 0.0 0.0 0.0 0.0 0.0 0.0 0.0 0.0 0.0 0.0 0.0 0.0 0.0  
    0.0 0.0 0.0 0.0 0.0 0.0 0.0 0.0 0.0 0.0 0.0 0.0 0.0 0.0 0.0 0.0 0.0  
    0.0 0.0 0.0 0.0 0.0 0.0 0.0 0.0 0.0 0.0 0.0 0.0 0.0 0.0 0.0 0.0 0.0  
    0.0 0.0 0.0 0.0 0.0 0.0 0.0 0.0 0.0 0.0 0.0 0.0 0.0 0.0 0.0 0.0 0.0  
    0.0 0.0 0.0 0.0 0.0 0.0 0.0 0.0 0.0 0.0 0.0 0.0 0.0 0.0 0.0 0.0 0.0  
    0.0 0.0 0.0 0.0 0.0 0.0 0.0 0.0 0.0 0.0 0.0 0.0 0.0 0.0 0.0 0.0 0.0  
    0.0 
  PE_LH = 0.0 0.0 0.0 0.0 0.0 0.0 0.0 0.0 0.0 0.0 0.0 0.0 0.0 0.0 0.0  
    0.0 0.0 0.0 0.0 0.0 0.0 0.0 0.0 0.0 0.0 0.0 0.0 0.0 0.0 0.0 0.0 0.0  
    0.0 0.0 0.0 0.0 0.0 0.0 0.0 0.0 0.0 0.0 0.0 0.0 0.0 0.0 0.0 0.0 0.0  
    0.0 0.0 0.0 0.0 0.0 0.0 0.0 0.0 0.0 0.0 0.0 0.0 0.0 0.0 0.0 0.0 0.0  
    0.0 0.0 0.0 0.0 0.0 0.0 0.0 0.0 0.0 0.0 0.0 0.0 0.0 0.0 0.0 0.0 0.0  
    0.0 0.0 0.0 0.0 0.0 0.0 0.0 0.0 0.0 0.0 0.0 0.0 0.0 0.0 0.0 0.0 0.0  
    0.0 
  PE_HC = 0.0 0.0 0.0 0.0 0.0 0.0 0.0 0.0 0.0 0.0 0.0 0.0 0.0 0.0 0.0  
    0.0 0.0 0.0 0.0 0.0 0.0 0.0 0.0 0.0 0.0 0.0 0.0 0.0 0.0 0.0 0.0 0.0  
    0.0 0.0 0.0 0.0 0.0 0.0 0.0 0.0 0.0 0.0 0.0 0.0 0.0 0.0 0.0 0.0 0.0  
    0.0 0.0 0.0 0.0 0.0 0.0 0.0 0.0 0.0 0.0 0.0 0.0 0.0 0.0 0.0 0.0 0.0  
    0.0 0.0 0.0 0.0 0.0 0.0 0.0 0.0 0.0 0.0 0.0 0.0 0.0 0.0 0.0 0.0 0.0  
    0.0 0.0 0.0 0.0 0.0 0.0 0.0 0.0 0.0 0.0 0.0 0.0 0.0 0.0 0.0 0.0 0.0  
    0.0 
  SI_NB = 0.0 0.0 0.0 0.0 0.0 0.0 0.0 0.0 0.0 0.0 0.0 0.0 0.0 0.0 0.0  
    0.0 0.0 0.0 0.0 0.0 0.0 0.0 0.0 0.0 0.0 0.0 0.0 0.0 0.0 0.0 0.0 0.0  
    0.0 0.0 0.0 0.0 0.0 0.0 0.0 0.0 0.0 0.0 0.0 0.0 0.0 0.0 0.0 0.0 0.0  
    0.0 0.0 0.0 0.0 0.0 0.0 0.0 0.0 0.0 0.0 0.0 0.0 0.0 0.0 0.0 0.0 0.0  
    0.0 0.0 0.0 0.0 0.0 0.0 0.0 0.0 0.0 0.0 0.0 0.0 0.0 0.0 0.0 0.0 0.0  
    0.0 0.0 0.0 0.0 0.0 0.0 0.0 0.0 0.0 0.0 0.0 0.0 0.0 0.0 0.0 0.0 0.0  
    0.0 
  PI_NB = 0.25018 0.25014 0.24996 0.24922 0.24815 0.24663 0.24475  
    0.24252 0.23995 0.23702 0.23375 0.23017 0.22629 0.22215 0.21773  
    0.21308 0.20821 0.20315 0.19792 0.19258 0.18711 0.18151 0.17586  
    0.17015 0.16439 0.15863 0.15291 0.14719 0.14152 0.13593 0.1304  
    0.12495 0.11963 0.11443 0.10935 0.10441 0.099614 0.094963 0.090467  
    0.086129 0.08195 0.077931 0.07407 0.070367 0.066824 0.063436  
    0.060197 0.057104 0.054153 0.05134 0.048661 0.046111 0.043686  
    0.041378 0.039178 0.03708 0.035082 0.033178 0.031363 0.029631  
    0.027978 0.026398 0.024889 0.023447 0.02207 0.020762 0.019504  
    0.018301 0.01715 0.01605 0.014999 0.013995 0.013037 0.012124  
    0.011254 0.010426 0.0096396 0.0088936 0.0081871 0.0075194 0.0068897  
    0.0062971 0.0057406 0.0052195 0.0047322 0.0042771 0.0038533  
    0.0034595 0.0030937 0.0027561 0.0024445 0.0021575 0.0018927  
    0.0016475 0.0014197 0.0012074 0.0010115 0.0008366 0.0006824  
    0.000527 0.0003512 
  PI_EC = 0.0 0.0 0.0 0.0 0.0 0.0 0.0 0.0 0.0 0.0 0.0 0.0 0.0 0.0 0.0  
    0.0 0.0 0.0 0.0 0.0 0.0 0.0 0.0 0.0 0.0 0.0 0.0 0.0 0.0 0.0 0.0 0.0  
    0.0 0.0 0.0 0.0 0.0 0.0 0.0 0.0 0.0 0.0 0.0 0.0 0.0 0.0 0.0 0.0 0.0  
    0.0 0.0 0.0 0.0 0.0 0.0 0.0 0.0 0.0 0.0 0.0 0.0 0.0 0.0 0.0 0.0 0.0  
    0.0 0.0 0.0 0.0 0.0 0.0 0.0 0.0 0.0 0.0 0.0 0.0 0.0 0.0 0.0 0.0 0.0  
    0.0 0.0 0.0 0.0 0.0 0.0 0.0 0.0 0.0 0.0 0.0 0.0 0.0 0.0 0.0 0.0 0.0  
    0.0 
  PI_IC = 0.0 0.0 0.0 0.0 0.0 0.0 0.0 0.0 0.0 0.0 0.0 0.0 0.0 0.0 0.0  
    0.0 0.0 0.0 0.0 0.0 0.0 0.0 0.0 0.0 0.0 0.0 0.0 0.0 0.0 0.0 0.0 0.0  
    0.0 0.0 0.0 0.0 0.0 0.0 0.0 0.0 0.0 0.0 0.0 0.0 0.0 0.0 0.0 0.0 0.0  
    0.0 0.0 0.0 0.0 0.0 0.0 0.0 0.0 0.0 0.0 0.0 0.0 0.0 0.0 0.0 0.0 0.0  
    0.0 0.0 0.0 0.0 0.0 0.0 0.0 0.0 0.0 0.0 0.0 0.0 0.0 0.0 0.0 0.0 0.0  
    0.0 0.0 0.0 0.0 0.0 0.0 0.0 0.0 0.0 0.0 0.0 0.0 0.0 0.0 0.0 0.0 0.0  
    0.0 
  PI_LH = 0.0 0.0 0.0 0.0 0.0 0.0 0.0 0.0 0.0 0.0 0.0 0.0 0.0 0.0 0.0  
    0.0 0.0 0.0 0.0 0.0 0.0 0.0 0.0 0.0 0.0 0.0 0.0 0.0 0.0 0.0 0.0 0.0  
    0.0 0.0 0.0 0.0 0.0 0.0 0.0 0.0 0.0 0.0 0.0 0.0 0.0 0.0 0.0 0.0 0.0  
    0.0 0.0 0.0 0.0 0.0 0.0 0.0 0.0 0.0 0.0 0.0 0.0 0.0 0.0 0.0 0.0 0.0  
    0.0 0.0 0.0 0.0 0.0 0.0 0.0 0.0 0.0 0.0 0.0 0.0 0.0 0.0 0.0 0.0 0.0  
    0.0 0.0 0.0 0.0 0.0 0.0 0.0 0.0 0.0 0.0 0.0 0.0 0.0 0.0 0.0 0.0 0.0  
    0.0 
  PI_HC = 0.0 0.0 0.0 0.0 0.0 0.0 0.0 0.0 0.0 0.0 0.0 0.0 0.0 0.0 0.0  
    0.0 0.0 0.0 0.0 0.0 0.0 0.0 0.0 0.0 0.0 0.0 0.0 0.0 0.0 0.0 0.0 0.0  
    0.0 0.0 0.0 0.0 0.0 0.0 0.0 0.0 0.0 0.0 0.0 0.0 0.0 0.0 0.0 0.0 0.0  
    0.0 0.0 0.0 0.0 0.0 0.0 0.0 0.0 0.0 0.0 0.0 0.0 0.0 0.0 0.0 0.0 0.0  
    0.0 0.0 0.0 0.0 0.0 0.0 0.0 0.0 0.0 0.0 0.0 0.0 0.0 0.0 0.0 0.0 0.0  
    0.0 0.0 0.0 0.0 0.0 0.0 0.0 0.0 0.0 0.0 0.0 0.0 0.0 0.0 0.0 0.0 0.0  
    0.0 
  PI_CX = -0.030967 -0.030782 -0.030584 -0.030273 -0.02983 -0.02928  
    -0.02864 -0.027924 -0.02713 -0.026267 -0.025341 -0.024376 -0.023377  
    -0.022345 -0.021298 -0.020246 -0.019197 -0.018159 -0.01714  
    -0.016149 -0.015193 -0.014279 -0.013409 -0.012579 -0.01179  
    -0.011041 -0.01033 -0.0096568 -0.0090198 -0.0084181 -0.0078511  
    -0.0073175 -0.0068164 -0.0063467 -0.0059069 -0.0054964 -0.0051137  
    -0.0047579 -0.0044274 -0.0041213 -0.0038379 -0.0035766 -0.0033356  
    -0.0031143 -0.0029108 -0.0027248 -0.0025548 -0.0023997 -0.0022594  
    -0.0021322 -0.0020181 -0.0019165 -0.0018272 -0.0017486 -0.0016802  
    -0.0016213 -0.0015711 -0.0015296 -0.0014961 -0.0014701 -0.0014512  
    -0.0014389 -0.0014333 -0.0014341 -0.0014413 -0.0014549 -0.001475  
    -0.0015016 -0.0015348 -0.0015749 -0.0016226 -0.001679 -0.001745  
    -0.0018217 -0.0019103 -0.0020122 -0.0021294 -0.0022651 -0.0024226  
    -0.0026057 -0.0028186 -0.0030661 -0.0033562 -0.0037006 -0.0041134  
    -0.0046114 -0.0052142 -0.0059446 -0.0068321 -0.0078936 -0.0091701  
    -0.010705 -0.012589 -0.014999 -0.018191 -0.022515 -0.028213  
    -0.035259 -0.04381 -0.060038 -0.099763 
  PI_FUS = 0.0 0.0 0.0 0.0 0.0 0.0 0.0 0.0 0.0 0.0 0.0 0.0 0.0 0.0 0.0  
    0.0 0.0 0.0 0.0 0.0 0.0 0.0 0.0 0.0 0.0 0.0 0.0 0.0 0.0 0.0 0.0 0.0  
    0.0 0.0 0.0 0.0 0.0 0.0 0.0 0.0 0.0 0.0 0.0 0.0 0.0 0.0 0.0 0.0 0.0  
    0.0 0.0 0.0 0.0 0.0 0.0 0.0 0.0 0.0 0.0 0.0 0.0 0.0 0.0 0.0 0.0 0.0  
    0.0 0.0 0.0 0.0 0.0 0.0 0.0 0.0 0.0 0.0 0.0 0.0 0.0 0.0 0.0 0.0 0.0  
    0.0 0.0 0.0 0.0 0.0 0.0 0.0 0.0 0.0 0.0 0.0 0.0 0.0 0.0 0.0 0.0 0.0  
    0.0 
  PE_FUS = 0.0 0.0 0.0 0.0 0.0 0.0 0.0 0.0 0.0 0.0 0.0 0.0 0.0 0.0 0.0  
    0.0 0.0 0.0 0.0 0.0 0.0 0.0 0.0 0.0 0.0 0.0 0.0 0.0 0.0 0.0 0.0 0.0  
    0.0 0.0 0.0 0.0 0.0 0.0 0.0 0.0 0.0 0.0 0.0 0.0 0.0 0.0 0.0 0.0 0.0  
    0.0 0.0 0.0 0.0 0.0 0.0 0.0 0.0 0.0 0.0 0.0 0.0 0.0 0.0 0.0 0.0 0.0  
    0.0 0.0 0.0 0.0 0.0 0.0 0.0 0.0 0.0 0.0 0.0 0.0 0.0 0.0 0.0 0.0 0.0  
    0.0 0.0 0.0 0.0 0.0 0.0 0.0 0.0 0.0 0.0 0.0 0.0 0.0 0.0 0.0 0.0 0.0  
    0.0 
  P_RAD = -7e-05 -4.8e-06 -6.03e-05 -0.0001255 -0.000219 -0.0003305  
    -0.0004714 -0.00063 -0.0008136 -0.001019 -0.0012412 -0.0014825  
    -0.0017444 -0.0020216 -0.0023174 -0.0026287 -0.0029559 -0.0032982  
    -0.0036544 -0.0040246 -0.0044086 -0.0048039 -0.005212 -0.0056315  
    -0.006062 -0.006503 -0.006954 -0.0074148 -0.007884 -0.0083621  
    -0.0088484 -0.0093425 -0.0098439 -0.010352 -0.010867 -0.011388  
    -0.011914 -0.012446 -0.012982 -0.013524 -0.014069 -0.014619  
    -0.015171 -0.015727 -0.016286 -0.016847 -0.017411 -0.017976  
    -0.018543 -0.01911 -0.019679 -0.020248 -0.020817 -0.021386  
    -0.021955 -0.022522 -0.023089 -0.023654 -0.024217 -0.024778  
    -0.025337 -0.025892 -0.026445 -0.026994 -0.027539 -0.028079  
    -0.028616 -0.029147 -0.029673 -0.030193 -0.030707 -0.031214  
    -0.031715 -0.032208 -0.032693 -0.03317 -0.033639 -0.034098  
    -0.034548 -0.034988 -0.035417 -0.035835 -0.036242 -0.036636  
    -0.037018 -0.037387 -0.037742 -0.038082 -0.038408 -0.038718  
    -0.039011 -0.039276 -0.039452 -0.039469 -0.039258 -0.038744  
    -0.037856 -0.036521 -0.034672 -0.032227 -0.029115 
  P_OHM = 0.038804 0.039382 0.040048 0.040671 0.041305 0.042435  
    0.044147 0.04609 0.048043 0.050059 0.052145 0.05425 0.056343  
    0.058387 0.060306 0.062065 0.063612 0.064894 0.065858 0.066447  
    0.066604 0.066314 0.065567 0.064328 0.062623 0.060476 0.057919  
    0.055016 0.051841 0.048481 0.045013 0.041537 0.038142 0.034903  
    0.031869 0.029088 0.026575 0.024343 0.022374 0.020654 0.019159  
    0.017862 0.016738 0.015764 0.01492 0.014188 0.013551 0.012996  
    0.012516 0.0121 0.011743 0.011439 0.011183 0.010972 0.010803  
    0.010674 0.010583 0.010528 0.010507 0.010521 0.010565 0.010639  
    0.010739 0.010863 0.011005 0.011161 0.011325 0.01149 0.011646  
    0.011789 0.011908 0.011996 0.012044 0.012045 0.011995 0.011889  
    0.011725 0.011505 0.01123 0.010905 0.010535 0.010128 0.0096903  
    0.0092312 0.0087578 0.008277 0.0077941 0.0073192 0.0068561  
    0.0063984 0.0059507 0.0055187 0.0050997 0.00469 0.0042847 0.003878  
    0.0034621 0.0030293 0.0025808 0.0020923 0.0021265 
  TORQUE_NB = 0.2667 0.2664 0.26515 0.26401 0.26289 0.26053 0.25852  
    0.25706 0.25521 0.25292 0.25001 0.24676 0.24326 0.23987 0.23592  
    0.23149 0.22687 0.22202 0.21692 0.21239 0.20766 0.20228 0.19709  
    0.19187 0.18594 0.1805 0.17559 0.17017 0.16477 0.15979 0.15437  
    0.14854 0.14343 0.13861 0.13375 0.12898 0.12418 0.11953 0.11509  
    0.11079 0.1066 0.10254 0.09857 0.094741 0.09118 0.087794 0.084487  
    0.081232 0.078106 0.075072 0.072157 0.069403 0.066888 0.064466  
    0.062048 0.059617 0.057281 0.055073 0.052989 0.050976 0.04899  
    0.046983 0.045043 0.043167 0.041474 0.039838 0.038245 0.036685  
    0.035145 0.033645 0.032183 0.030759 0.02937 0.028019 0.026703  
    0.02542 0.024162 0.022943 0.021764 0.020624 0.019536 0.018491  
    0.017489 0.01653 0.015612 0.014737 0.013907 0.013121 0.01238  
    0.011687 0.011044 0.01045 0.0099018 0.0093937 0.0089207 0.0084783  
    0.0080746 0.0077443 0.0075053 0.0072256 0.0066435 
  TORQUE_IN = 0.0 0.0 0.0 0.0 0.0 0.0 0.0 0.0 0.0 0.0 0.0 0.0 0.0 0.0  
    0.0 0.0 0.0 0.0 0.0 0.0 0.0 0.0 0.0 0.0 0.0 0.0 0.0 0.0 0.0 0.0 0.0  
    0.0 0.0 0.0 0.0 0.0 0.0 0.0 0.0 0.0 0.0 0.0 0.0 0.0 0.0 0.0 0.0 0.0  
    0.0 0.0 0.0 0.0 0.0 0.0 0.0 0.0 0.0 0.0 0.0 0.0 0.0 0.0 0.0 0.0 0.0  
    0.0 0.0 0.0 0.0 0.0 0.0 0.0 0.0 0.0 0.0 0.0 0.0 0.0 0.0 0.0 0.0 0.0  
    0.0 0.0 0.0 0.0 0.0 0.0 0.0 0.0 0.0 0.0 0.0 0.0 0.0 0.0 0.0 0.0 0.0  
    0.0 0.0 
  SE_IONIZATION = 0.0 0.0 0.0 0.0 0.0 0.0 0.0 0.0 0.0 0.0 0.0 0.0 0.0  
    0.0 0.0 0.0 0.0 0.0 0.0 0.0 0.0 0.0 0.0 0.0 0.0 0.0 0.0 0.0 0.0 0.0  
    0.0 0.0 0.0 0.0 0.0 0.0 0.0 0.0 0.0 0.0 0.0 0.0 0.0 0.0 0.0 0.0 0.0  
    0.0 0.0 0.0 0.0 0.0 0.0 0.0 0.0 0.0 0.0 0.0 0.0 0.0 0.0 0.0 0.0 0.0  
    0.0 0.0 0.0 0.0 0.0 0.0 0.0 0.0 0.0 0.0 0.0 0.0 0.0 0.0 0.0 0.0 0.0  
    0.0 0.0 0.0 0.0 0.0 0.0 0.0 0.0 0.0 0.0 0.0 0.0 0.0 0.0 0.0 0.0 0.0  
    0.0 0.0 0.0 
  SI_IONIZATION = 0.0 0.0 0.0 0.0 0.0 0.0 0.0 0.0 0.0 0.0 0.0 0.0 0.0  
    0.0 0.0 0.0 0.0 0.0 0.0 0.0 0.0 0.0 0.0 0.0 0.0 0.0 0.0 0.0 0.0 0.0  
    0.0 0.0 0.0 0.0 0.0 0.0 0.0 0.0 0.0 0.0 0.0 0.0 0.0 0.0 0.0 0.0 0.0  
    0.0 0.0 0.0 0.0 0.0 0.0 0.0 0.0 0.0 0.0 0.0 0.0 0.0 0.0 0.0 0.0 0.0  
    0.0 0.0 0.0 0.0 0.0 0.0 0.0 0.0 0.0 0.0 0.0 0.0 0.0 0.0 0.0 0.0 0.0  
    0.0 0.0 0.0 0.0 0.0 0.0 0.0 0.0 0.0 0.0 0.0 0.0 0.0 0.0 0.0 0.0 0.0  
    0.0 0.0 0.0 
  PE_IONIZATION = 0.0 0.0 0.0 0.0 0.0 0.0 0.0 0.0 0.0 0.0 0.0 0.0 0.0  
    0.0 0.0 0.0 0.0 0.0 0.0 0.0 0.0 0.0 0.0 0.0 0.0 0.0 0.0 0.0 0.0 0.0  
    0.0 0.0 0.0 0.0 0.0 0.0 0.0 0.0 0.0 0.0 0.0 0.0 0.0 0.0 0.0 0.0 0.0  
    0.0 0.0 0.0 0.0 0.0 0.0 0.0 0.0 0.0 0.0 0.0 0.0 0.0 0.0 0.0 0.0 0.0  
    0.0 0.0 0.0 0.0 0.0 0.0 0.0 0.0 0.0 0.0 0.0 0.0 0.0 0.0 0.0 0.0 0.0  
    0.0 0.0 0.0 0.0 0.0 0.0 0.0 0.0 0.0 0.0 0.0 0.0 0.0 0.0 0.0 0.0 0.0  
    0.0 0.0 0.0 
  PI_IONIZATION = 0.0 0.0 0.0 0.0 0.0 0.0 0.0 0.0 0.0 0.0 0.0 0.0 0.0  
    0.0 0.0 0.0 0.0 0.0 0.0 0.0 0.0 0.0 0.0 0.0 0.0 0.0 0.0 0.0 0.0 0.0  
    0.0 0.0 0.0 0.0 0.0 0.0 0.0 0.0 0.0 0.0 0.0 0.0 0.0 0.0 0.0 0.0 0.0  
    0.0 0.0 0.0 0.0 0.0 0.0 0.0 0.0 0.0 0.0 0.0 0.0 0.0 0.0 0.0 0.0 0.0  
    0.0 0.0 0.0 0.0 0.0 0.0 0.0 0.0 0.0 0.0 0.0 0.0 0.0 0.0 0.0 0.0 0.0  
    0.0 0.0 0.0 0.0 0.0 0.0 0.0 0.0 0.0 0.0 0.0 0.0 0.0 0.0 0.0 0.0 0.0  
    0.0 0.0 0.0 
  WBEAM = 0.0 0.0 0.0 0.0 0.0 0.0 0.0 0.0 0.0 0.0 0.0 0.0 0.0 0.0 0.0  
    0.0 0.0 0.0 0.0 0.0 0.0 0.0 0.0 0.0 0.0 0.0 0.0 0.0 0.0 0.0 0.0 0.0  
    0.0 0.0 0.0 0.0 0.0 0.0 0.0 0.0 0.0 0.0 0.0 0.0 0.0 0.0 0.0 0.0 0.0  
    0.0 0.0 0.0 0.0 0.0 0.0 0.0 0.0 0.0 0.0 0.0 0.0 0.0 0.0 0.0 0.0 0.0  
    0.0 0.0 0.0 0.0 0.0 0.0 0.0 0.0 0.0 0.0 0.0 0.0 0.0 0.0 0.0 0.0 0.0  
    0.0 0.0 0.0 0.0 0.0 0.0 0.0 0.0 0.0 0.0 0.0 0.0 0.0 0.0 0.0 0.0 0.0  
    0.0 
  WALPHA = 0.0 0.0 0.0 0.0 0.0 0.0 0.0 0.0 0.0 0.0 0.0 0.0 0.0 0.0 0.0  
    0.0 0.0 0.0 0.0 0.0 0.0 0.0 0.0 0.0 0.0 0.0 0.0 0.0 0.0 0.0 0.0 0.0  
    0.0 0.0 0.0 0.0 0.0 0.0 0.0 0.0 0.0 0.0 0.0 0.0 0.0 0.0 0.0 0.0 0.0  
    0.0 0.0 0.0 0.0 0.0 0.0 0.0 0.0 0.0 0.0 0.0 0.0 0.0 0.0 0.0 0.0 0.0  
    0.0 0.0 0.0 0.0 0.0 0.0 0.0 0.0 0.0 0.0 0.0 0.0 0.0 0.0 0.0 0.0 0.0  
    0.0 0.0 0.0 0.0 0.0 0.0 0.0 0.0 0.0 0.0 0.0 0.0 0.0 0.0 0.0 0.0 0.0  
    0.0 
  DENSITY_BEAM = 0.23449 0.23447 0.23445 0.23384 0.23288 0.23159 0.2299  
    0.2278 0.22538 0.22264 0.21962 0.2163 0.21271 0.20885 0.20476  
    0.20046 0.19597 0.19131 0.1865 0.18153 0.17644 0.17129 0.16607  
    0.16079 0.15552 0.15022 0.14491 0.13965 0.13443 0.12925 0.12417  
    0.1192 0.11429 0.10949 0.10482 0.10027 0.095846 0.091562 0.087414  
    0.083409 0.079551 0.075837 0.072267 0.068841 0.065554 0.062405  
    0.059395 0.056519 0.053772 0.051152 0.048652 0.046269 0.043995  
    0.041827 0.039759 0.037787 0.035902 0.034101 0.032378 0.030729  
    0.029149 0.027637 0.026185 0.024793 0.023454 0.022168 0.020932  
    0.019744 0.018603 0.017506 0.016451 0.015438 0.014466 0.013532  
    0.012637 0.011781 0.010961 0.010178 0.009431 0.0087199 0.0080438  
    0.0074026 0.0067957 0.0062223 0.0056816 0.0051729 0.0046952  
    0.0042475 0.0038293 0.0034386 0.0030747 0.0027363 0.0024212  
    0.0021265 0.0018494 0.0015878 0.0013423 0.0011167 0.0009105  
    0.0007042 0.0004804 
  DENSITY_ALPHA = 0.0 0.0 0.0 0.0 0.0 0.0 0.0 0.0 0.0 0.0 0.0 0.0 0.0  
    0.0 0.0 0.0 0.0 0.0 0.0 0.0 0.0 0.0 0.0 0.0 0.0 0.0 0.0 0.0 0.0 0.0  
    0.0 0.0 0.0 0.0 0.0 0.0 0.0 0.0 0.0 0.0 0.0 0.0 0.0 0.0 0.0 0.0 0.0  
    0.0 0.0 0.0 0.0 0.0 0.0 0.0 0.0 0.0 0.0 0.0 0.0 0.0 0.0 0.0 0.0 0.0  
    0.0 0.0 0.0 0.0 0.0 0.0 0.0 0.0 0.0 0.0 0.0 0.0 0.0 0.0 0.0 0.0 0.0  
    0.0 0.0 0.0 0.0 0.0 0.0 0.0 0.0 0.0 0.0 0.0 0.0 0.0 0.0 0.0 0.0 0.0  
    0.0 0.0 0.0 
  CHIE = 0.7904 0.80219 0.81463 0.82672 0.8386 0.85128 0.86505 0.87969  
    0.89487 0.91049 0.92654 0.94301 0.9599 0.97713 0.99467 1.0125  
    1.0305 1.0487 1.0669 1.0851 1.1032 1.1212 1.1389 1.1563 1.1734  
    1.1901 1.2063 1.2221 1.2375 1.2525 1.2673 1.282 1.2968 1.3119  
    1.3274 1.3437 1.361 1.3795 1.3995 1.4212 1.4449 1.4709 1.4995  
    1.5309 1.5654 1.6034 1.6454 1.6916 1.7427 1.7992 1.861 1.9263  
    1.9946 2.0661 2.141 2.2195 2.3018 2.3882 2.479 2.5743 2.6745 2.7799  
    2.8907 3.0073 3.13 3.2592 3.3953 3.5385 3.6894 3.8482 4.0155 4.1916  
    4.377 4.5721 4.7775 4.9935 5.2209 5.4601 5.7118 5.9768 6.2558  
    6.5498 6.8598 7.1871 7.533 7.8992 8.2877 8.7008 9.1411 9.6121  
    10.118 10.664 11.256 11.905 12.624 13.432 14.353 15.449 16.784  
    19.307 0.0 
  CHII = 0.16969 0.17497 0.18126 0.18794 0.19516 0.20298 0.21141 0.2205  
    0.23032 0.24096 0.2525 0.26506 0.27876 0.29376 0.31024 0.32846  
    0.34869 0.3713 0.39676 0.42566 0.45838 0.49312 0.52906 0.56618  
    0.6045 0.64399 0.68466 0.72652 0.76959 0.81384 0.85934 0.90605  
    0.95399 1.0032 1.0536 1.1053 1.1582 1.2123 1.2676 1.324 1.3815  
    1.4399 1.4993 1.5596 1.6205 1.682 1.7438 1.8059 1.8679 1.9296  
    1.9908 2.0511 2.1102 2.1678 2.2232 2.2763 2.3263 2.3729 2.4153  
    2.4531 2.4857 2.5122 2.5323 2.5451 2.5501 2.5468 2.5344 2.5126  
    2.4809 2.4389 2.3863 2.3229 2.2484 2.163 2.0664 1.9589 1.8405  
    1.7114 1.5718 1.422 1.2621 1.0922 0.9125 0.72289 0.52333 0.31364  
    0.093468 -0.13763 -0.38004 -0.63494 -0.90384 -1.1915 -1.5036  
    -1.8469 -2.231 -2.67 -3.1827 -3.8015 -4.569 -5.8364 0.0 
  NBDRY = 342 
  RBDRY = 1.141 1.1462 1.1516 1.1573 1.1632 1.1696 1.1762 1.1832 1.1906  
    1.1985 1.207 1.2161 1.2258 1.2362 1.2473 1.2592 1.2719 1.2853  
    1.2995 1.3146 1.3306 1.3473 1.3648 1.383 1.4018 1.4211 1.4408  
    1.4608 1.4809 1.501 1.5211 1.5411 1.5609 1.5804 1.5998 1.6188  
    1.6376 1.656 1.6742 1.6921 1.7096 1.7269 1.7439 1.7606 1.7771  
    1.7932 1.8092 1.8249 1.8403 1.8555 1.8705 1.8853 1.8998 1.9141  
    1.9282 1.9421 1.9557 1.969 1.9822 1.995 2.0077 2.02 2.032 2.0437  
    2.0552 2.0664 2.0772 2.0877 2.0978 2.1077 2.1172 2.1264 2.1353  
    2.144 2.1523 2.1603 2.1679 2.1754 2.1827 2.1896 2.1963 2.2026  
    2.2086 2.2143 2.2196 2.2246 2.2292 2.2333 2.2371 2.2402 2.2428  
    2.2448 2.2463 2.2472 2.2475 2.2472 2.2463 2.2449 2.2428 2.2402  
    2.2369 2.233 2.2286 2.2237 2.2183 2.2125 2.2062 2.1995 2.1923  
    2.1848 2.177 2.1689 2.1604 2.1515 2.1422 2.1326 2.1227 2.1124  
    2.1017 2.0907 2.0795 2.068 2.0562 2.0441 2.0317 2.0191 2.0063  
    1.9932 1.98 1.9665 1.9529 1.9391 1.9252 1.9112 1.897 1.8827 1.8683  
    1.8538 1.8391 1.8244 1.8095 1.7946 1.7796 1.7644 1.7492 1.7339  
    1.7185 1.703 1.6874 1.6717 1.6558 1.6399 1.6238 1.6076 1.5912  
    1.5747 1.5581 1.5414 1.5245 1.5074 1.4902 1.4729 1.4553 1.4377  
    1.4287 1.4242 1.421 1.4178 1.4145 1.4112 1.408 1.4047 1.4014 1.398  
    1.3947 1.3914 1.388 1.3847 1.3813 1.3779 1.3745 1.3711 1.3677  
    1.3643 1.361 1.3576 1.3542 1.3508 1.3474 1.3439 1.3405 1.337 1.3335  
    1.33 1.3265 1.3229 1.3193 1.3157 1.3121 1.3085 1.3048 1.3011 1.2975  
    1.2938 1.2903 1.2869 1.2836 1.2805 1.2772 1.2738 1.2706 1.2688  
    1.267 1.2652 1.2634 1.2615 1.2595 1.2575 1.2556 1.2536 1.2517  
    1.2499 1.248 1.2462 1.2444 1.2425 1.2407 1.2389 1.2372 1.2355  
    1.2337 1.232 1.2303 1.2287 1.227 1.2253 1.2237 1.2221 1.2205 1.2189  
    1.2174 1.2158 1.2143 1.2127 1.2112 1.2098 1.2083 1.2068 1.2054  
    1.204 1.2025 1.2011 1.1998 1.1984 1.197 1.1957 1.1944 1.1931 1.1918  
    1.1905 1.1892 1.1879 1.1867 1.1854 1.1842 1.183 1.1759 1.1694  
    1.1634 1.1577 1.1521 1.1469 1.142 1.1372 1.1328 1.1288 1.125 1.1214  
    1.1181 1.1149 1.1118 1.1089 1.1062 1.1038 1.1014 1.0991 1.0969  
    1.0948 1.093 1.0914 1.0898 1.0882 1.0868 1.0854 1.0842 1.083 1.0819  
    1.0809 1.0799 1.079 1.0781 1.0771 1.076 1.075 1.0739 1.0728 1.0718  
    1.0707 1.0697 1.0688 1.0679 1.0672 1.0665 1.0661 1.0658 1.0658  
    1.0659 1.0664 1.067 1.068 1.0692 1.0707 1.0724 1.0744 1.0766 1.079  
    1.0816 1.0845 1.0876 1.0909 1.0942 1.0978 1.1015 1.1053 1.1093  
    1.1135 1.1178 1.1221 1.1267 1.1313 1.1361 1.141 
  ZBDRY = -0.5774 -0.59669 -0.6158 -0.63492 -0.65389 -0.67271 -0.69151  
    -0.71009 -0.72849 -0.74668 -0.76456 -0.78216 -0.79941 -0.81621  
    -0.83253 -0.84832 -0.86361 -0.87809 -0.89185 -0.90458 -0.91641  
    -0.92702 -0.93648 -0.94467 -0.95133 -0.95653 -0.96039 -0.9628  
    -0.96378 -0.96339 -0.96172 -0.95887 -0.95491 -0.94996 -0.9441  
    -0.93741 -0.92993 -0.92174 -0.91296 -0.90358 -0.89366 -0.8833  
    -0.87242 -0.86124 -0.8496 -0.83769 -0.82542 -0.81282 -0.79994  
    -0.78681 -0.77339 -0.75979 -0.74588 -0.73183 -0.71748 -0.70298  
    -0.68817 -0.67316 -0.65803 -0.6426 -0.62702 -0.61114 -0.59503  
    -0.57874 -0.56229 -0.54559 -0.52867 -0.51155 -0.49423 -0.47674  
    -0.45909 -0.44128 -0.42331 -0.40522 -0.38698 -0.36859 -0.35008  
    -0.33151 -0.31283 -0.29405 -0.27517 -0.25615 -0.23707 -0.21787  
    -0.19858 -0.17921 -0.15972 -0.14015 -0.1205 -0.10074 -0.080911  
    -0.061018 -0.041079 -0.021108 -0.0011217 0.018863 0.038828 0.058756  
    0.078629 0.09843 0.11814 0.13773 0.15721 0.17658 0.19579 0.21491  
    0.23386 0.25265 0.2713 0.2898 0.30818 0.32642 0.34444 0.36229  
    0.37997 0.39745 0.41473 0.4318 0.44864 0.46531 0.4818 0.49807  
    0.51411 0.52996 0.54559 0.56104 0.57629 0.59138 0.6063 0.621  
    0.63558 0.65001 0.66431 0.67848 0.69252 0.70644 0.72022 0.73388  
    0.74745 0.76085 0.77418 0.78739 0.8005 0.81351 0.82642 0.83918  
    0.85185 0.86435 0.87674 0.88893 0.901 0.9129 0.92463 0.93617 0.9475  
    0.95865 0.96956 0.98024 0.9907 1.0008 1.0108 1.0204 1.0297 1.0389  
    1.0434 1.0455 1.0471 1.0486 1.0501 1.0515 1.0531 1.0546 1.0561  
    1.0576 1.0592 1.0607 1.0622 1.0637 1.0652 1.0667 1.0682 1.0696  
    1.071 1.0723 1.0736 1.0749 1.0762 1.0774 1.0786 1.0799 1.0811  
    1.0825 1.0838 1.0852 1.0866 1.088 1.0894 1.0909 1.0924 1.0939  
    1.0954 1.0969 1.0983 1.0996 1.1006 1.1012 1.1015 1.1015 1.1016  
    1.1022 1.1023 1.0988 1.0953 1.0918 1.0885 1.0854 1.0825 1.0796  
    1.0767 1.0737 1.0707 1.0676 1.0645 1.0614 1.0584 1.0553 1.0523  
    1.0492 1.0461 1.0429 1.0397 1.0366 1.0334 1.0303 1.0271 1.0239  
    1.0207 1.0175 1.0143 1.0111 1.0078 1.0046 1.0014 0.99816 0.9949  
    0.99162 0.98833 0.98506 0.98178 0.97852 0.97524 0.97196 0.96867  
    0.96536 0.96205 0.95875 0.95545 0.95216 0.94887 0.94558 0.94229  
    0.93898 0.93568 0.93238 0.92909 0.92582 0.90712 0.8878 0.86858  
    0.84928 0.83008 0.81045 0.79105 0.77153 0.75183 0.73208 0.71243  
    0.69257 0.67277 0.65303 0.63319 0.61334 0.59338 0.57348 0.55364  
    0.53372 0.51379 0.49385 0.47386 0.45386 0.43394 0.41398 0.394  
    0.37402 0.35404 0.33406 0.31407 0.29409 0.27409 0.2541 0.23414  
    0.21417 0.1942 0.17423 0.15426 0.13429 0.11432 0.094344 0.074368  
    0.054388 0.034405 0.01442 -0.0055688 -0.025559 -0.04555 -0.06554  
    -0.085526 -0.10551 -0.12547 -0.14543 -0.16537 -0.18529 -0.20518  
    -0.22505 -0.2449 -0.26475 -0.28453 -0.30428 -0.324 -0.3437 -0.36341  
    -0.38304 -0.40266 -0.42228 -0.44181 -0.46132 -0.48086 -0.50036  
    -0.51976 -0.53922 -0.55855 -0.5774 
  NLIM = 5 
  RLIM = 2.3475 0.9658000000000001 0.9658000000000001 2.3475 2.3475 
  ZLIM = 1.2023000000000001 1.2023000000000001 -1.06378 -1.06378  
    1.2023000000000001 
  SHOT_ID = '150139' 
  TIME_ID = '20260' 
  J_RF = 0.0 0.0 0.0 0.0 0.0 0.0 0.0 0.0 0.0 0.0 0.0 0.0 0.0 0.0 0.0  
    0.0 0.0 0.0 0.0 0.0 0.0 0.0 0.0 0.0 0.0 0.0 0.0 0.0 0.0 0.0 0.0 0.0  
    0.0 0.0 0.0 0.0 0.0 0.0 0.0 0.0 0.0 0.0 0.0 0.0 0.0 0.0 0.0 0.0 0.0  
    0.0 0.0 0.0 0.0 0.0 0.0 0.0 0.0 0.0 0.0 0.0 0.0 0.0 0.0 0.0 0.0 0.0  
    0.0 0.0 0.0 0.0 0.0 0.0 0.0 0.0 0.0 0.0 0.0 0.0 0.0 0.0 0.0 0.0 0.0  
    0.0 0.0 0.0 0.0 0.0 0.0 0.0 0.0 0.0 0.0 0.0 0.0 0.0 0.0 0.0 0.0 0.0  
    0.0 
  PE_RF = 0.0 0.0 0.0 0.0 0.0 0.0 0.0 0.0 0.0 0.0 0.0 0.0 0.0 0.0 0.0  
    0.0 0.0 0.0 0.0 0.0 0.0 0.0 0.0 0.0 0.0 0.0 0.0 0.0 0.0 0.0 0.0 0.0  
    0.0 0.0 0.0 0.0 0.0 0.0 0.0 0.0 0.0 0.0 0.0 0.0 0.0 0.0 0.0 0.0 0.0  
    0.0 0.0 0.0 0.0 0.0 0.0 0.0 0.0 0.0 0.0 0.0 0.0 0.0 0.0 0.0 0.0 0.0  
    0.0 0.0 0.0 0.0 0.0 0.0 0.0 0.0 0.0 0.0 0.0 0.0 0.0 0.0 0.0 0.0 0.0  
    0.0 0.0 0.0 0.0 0.0 0.0 0.0 0.0 0.0 0.0 0.0 0.0 0.0 0.0 0.0 0.0 0.0  
    0.0 
  PI_RF = 0.0 0.0 0.0 0.0 0.0 0.0 0.0 0.0 0.0 0.0 0.0 0.0 0.0 0.0 0.0  
    0.0 0.0 0.0 0.0 0.0 0.0 0.0 0.0 0.0 0.0 0.0 0.0 0.0 0.0 0.0 0.0 0.0  
    0.0 0.0 0.0 0.0 0.0 0.0 0.0 0.0 0.0 0.0 0.0 0.0 0.0 0.0 0.0 0.0 0.0  
    0.0 0.0 0.0 0.0 0.0 0.0 0.0 0.0 0.0 0.0 0.0 0.0 0.0 0.0 0.0 0.0 0.0  
    0.0 0.0 0.0 0.0 0.0 0.0 0.0 0.0 0.0 0.0 0.0 0.0 0.0 0.0 0.0 0.0 0.0  
    0.0 0.0 0.0 0.0 0.0 0.0 0.0 0.0 0.0 0.0 0.0 0.0 0.0 0.0 0.0 0.0 0.0  
    0.0 
/

