&INSTATE
  TOKAMAK_ID = 'd3d' 
  MODEL_SHAPE = 0 
  DENSITY_MODEL = 0 
  R0 = 1.6955 
  B0 = 1.9995439 
  IP = 1.4205436 
  KAPPA = 1.5717181 
  DELTA = 0.7809632 
  ASPECT = 0.3783427 
  RMAJOR = 1.6955 
  AMINOR = 0.6414801 
  N_ION = 1 
  Z_ION = 1 
  A_ION = 2 
  F_ION = 1 
  N_IMP = 1 
  Z_IMP = 6 
  A_IMP = 12 
  F_IMP = 1 
  N_MIN = 0 
  Z_MIN = 1 
  A_MIN = 1 
  N_BEAM = 1 
  Z_BEAM = 1 
  A_BEAM = 2 
  N_FUSION = 1 
  Z_FUSION = 2 
  A_FUSION = 4 
  RHO = 0.0 0.01 0.02 0.03 0.04 0.05 0.06 0.07 0.08 0.09 0.1 0.11 0.12  
    0.13 0.14 0.15 0.16 0.17 0.18 0.19 0.2 0.21 0.22 0.23 0.24 0.25  
    0.26 0.27 0.28 0.29 0.3 0.31 0.32 0.33 0.34 0.35 0.36 0.37 0.38  
    0.39 0.4 0.41 0.42 0.43 0.44 0.45 0.46 0.47 0.48 0.49 0.5 0.51 0.52  
    0.53 0.54 0.55 0.56 0.57 0.58 0.59 0.6 0.61 0.62 0.63 0.64 0.65  
    0.66 0.67 0.68 0.69 0.7 0.71 0.72 0.73 0.74 0.75 0.76 0.77 0.78  
    0.79 0.8 0.81 0.82 0.83 0.84 0.85 0.86 0.87 0.88 0.89 0.9 0.91 0.92  
    0.93 0.94 0.95 0.96 0.97 0.98 0.99 1.0 
  NRHO = 101 
  PSIPOL = -0.3806696 -0.380451 -0.3797995 -0.3787339 -0.3772872  
    -0.3754957 -0.3733919 -0.3709995 -0.3683326 -0.3654003 -0.3622113  
    -0.3587748 -0.3551006 -0.3512004 -0.3470866 -0.3427697 -0.3382597  
    -0.3335658 -0.3286987 -0.323669 -0.3184865 -0.3131609 -0.3077015  
    -0.3021176 -0.296418 -0.2906114 -0.2847064 -0.2787113 -0.2726341  
    -0.2664827 -0.2602646 -0.2539871 -0.2476575 -0.2412824 -0.2348684  
    -0.2284218 -0.2219486 -0.2154545 -0.208945 -0.2024252 -0.1959002  
    -0.1893745 -0.1828526 -0.1763387 -0.1698368 -0.1633504 -0.1568832  
    -0.1504383 -0.144019 -0.1376281 -0.1312684 -0.1249425 -0.1186528  
    -0.1124016 -0.106191 -0.1000231 -0.0938998 -0.0878228 -0.0817938  
    -0.0758143 -0.0698859 -0.0640101 -0.0581884 -0.0524221 -0.0467126  
    -0.0410612 -0.0354693 -0.029938 -0.0244685 -0.0190621 -0.0137197  
    -0.0084426 -0.0032317 0.0019119 0.0069872 0.0119932 0.0169288  
    0.0217931 0.0265849 0.0313032 0.035947 0.0405151 0.0450064  
    0.0494195 0.0537532 0.058006 0.0621765 0.066263 0.0702636 0.0741764  
    0.0779991 0.0817291 0.0853635 0.0888987 0.0923304 0.0956526  
    0.0988566 0.1019271 0.1048399 0.1076632 0.1096039 
  RHOPSI = 0.0 0.1 0.1414214 0.1732051 0.2 0.2236068 0.244949 0.2645751  
    0.2828427 0.3 0.3162278 0.3316625 0.3464102 0.3605551 0.3741657  
    0.3872983 0.4 0.4123106 0.4242641 0.4358899 0.4472136 0.4582576  
    0.4690416 0.4795832 0.4898979 0.5 0.509902 0.5196152 0.5291503  
    0.5385165 0.5477226 0.5567764 0.5656854 0.5744563 0.5830952  
    0.591608 0.6 0.6082763 0.6164414 0.6244998 0.6324555 0.6403124  
    0.6480741 0.6557439 0.663325 0.6708204 0.678233 0.6855655 0.6928203  
    0.7 0.7071068 0.7141428 0.7211103 0.728011 0.7348469 0.7416198  
    0.7483315 0.7549834 0.7615773 0.7681146 0.7745967 0.781025  
    0.7874008 0.7937254 0.8 0.8062258 0.8124038 0.8185353 0.8246211  
    0.8306624 0.83666 0.842615 0.8485281 0.8544004 0.8602325 0.8660254  
    0.8717798 0.8774964 0.8831761 0.8888194 0.8944272 0.9 0.9055385  
    0.9110434 0.9165151 0.9219544 0.9273618 0.9327379 0.9380832  
    0.9433981 0.9486833 0.9539392 0.9591663 0.9643651 0.969536  
    0.9746794 0.9797959 0.9848858 0.9899495 0.9949874 1.0 
  Q = -0.3010801 -0.3020845 -0.3050977 -0.3130969 -0.3244708 -0.3377874  
    -0.3517634 -0.3651078 -0.3771237 -0.3880544 -0.3984015 -0.4083115  
    -0.418095 -0.4281835 -0.4383605 -0.4486188 -0.4589472 -0.4693642  
    -0.4801645 -0.4912025 -0.5025077 -0.5140947 -0.525987 -0.5381982  
    -0.5507424 -0.5636384 -0.5769049 -0.5905565 -0.6046092 -0.6190777  
    -0.6339745 -0.6493173 -0.6651184 -0.6813892 -0.6981452 -0.7153961  
    -0.7331482 -0.7514154 -0.7702099 -0.7895436 -0.8094294 -0.8298783  
    -0.8508987 -0.8724961 -0.8946845 -0.9174775 -0.9408877 -0.9649297  
    -0.9896173 -1.0149643 -1.0409881 -1.0677047 -1.0951326 -1.1232896  
    -1.1521928 -1.1818621 -1.2123177 -1.2435812 -1.2756795 -1.3086465  
    -1.342519 -1.3773366 -1.4131435 -1.4499827 -1.4879025 -1.5269523  
    -1.5671829 -1.6086451 -1.651396 -1.6954968 -1.7410146 -1.7880203  
    -1.8365907 -1.8868091 -1.9387689 -1.9925752 -2.0483383 -2.1061893  
    -2.1662652 -2.228722 -2.2937412 -2.3615132 -2.4322663 -2.5062574  
    -2.5837767 -2.6651741 -2.7508304 -2.8412241 -2.9369022 -3.0385387  
    -3.146964 -3.2631925 -3.388524 -3.5247088 -3.6743676 -3.8418196  
    -4.0349754 -4.2717605 -4.5787307 -4.6367121 -12.4405503 
  NE = 2.9263216 2.925712 2.9239025 2.9209221 2.9167996 2.911564  
    2.9052435 2.8978687 2.8894664 2.8800671 2.8696992 2.8583918  
    2.8461727 2.8330722 2.8191186 2.8043409 2.7887679 2.7724287  
    2.755352 2.7375665 2.7191017 2.699986 2.6802487 2.6599181 2.639024  
    2.6175941 2.5956584 2.5732454 2.5503843 2.5271037 2.5034321  
    2.4793987 2.4550329 2.430363 2.4054179 2.3802272 2.354819 2.3292226  
    2.303467 2.2775809 2.2515931 2.2255325 2.1994289 2.1733094  
    2.1472048 2.1211428 2.0951526 2.0692635 2.0435037 2.0178952  
    1.9924327 1.9671039 1.9418971 1.9167997 1.8917997 1.8668857  
    1.8420448 1.8172657 1.7925357 1.7678431 1.7431756 1.7185215  
    1.6938684 1.6692045 1.6445176 1.6197955 1.5950265 1.5701983  
    1.545299 1.5203164 1.4952384 1.4700531 1.4447483 1.419312 1.3937323  
    1.3679971 1.342094 1.3160112 1.2897367 1.2632584 1.2365641  
    1.2096421 1.182481 1.1550851 1.1274665 1.0996388 1.0716146  
    1.0434077 1.0150306 0.9864966 0.9578187 0.9290099 0.9000836  
    0.8710526 0.84193 0.812729 0.7834626 0.7541438 0.7247859 0.6954018  
    0.6660045 
  TE = 2.6975656 2.6963706 2.6928384 2.6870496 2.6790822 2.6690168  
    2.6569328 2.64291 2.6270277 2.6093655 2.5900033 2.56902 2.5464957  
    2.5225105 2.497143 2.4704731 2.4425807 2.4135449 2.383446 2.3523626  
    2.3203752 2.2875633 2.2540057 2.2197828 2.1849739 2.1496584  
    2.1139164 2.0778268 2.0414698 2.0049247 1.9682712 1.9315885  
    1.894957 1.8584556 1.8221641 1.7861621 1.750526 1.715286 1.680437  
    1.6459727 1.6118866 1.5781729 1.544825 1.511837 1.4792029 1.4469159  
    1.4149701 1.3833595 1.3520777 1.3211185 1.2904757 1.2601429  
    1.2301142 1.2003832 1.170944 1.1417898 1.1129155 1.0843135  
    1.0559785 1.0279037 1.0000838 0.9725118 0.9451817 0.9180876  
    0.8912228 0.8645814 0.8381574 0.8119439 0.7859354 0.7601255  
    0.7345076 0.7090761 0.6838243 0.6587463 0.6338358 0.6090867  
    0.5844924 0.5600473 0.5357447 0.5115787 0.487543 0.4636313  
    0.4398373 0.4161553 0.3925787 0.3691013 0.3457169 0.3224194  
    0.2992026 0.2760602 0.252986 0.2299738 0.2070176 0.1841109  
    0.1612477 0.1384217 0.1156267 0.0928566 0.070105 0.0473658  
    0.0246329 
  TI = 2.7142997 2.7130017 2.7091601 2.7028563 2.6941688 2.6831779  
    2.6699634 2.6546054 2.6371827 2.6177766 2.5964658 2.5733309  
    2.5484509 2.5219066 2.4937773 2.4641426 2.4330828 2.4006774  
    2.3670066 2.3321502 2.2961874 2.2591989 2.2212636 2.1824622  
    2.1428742 2.1025796 2.0616579 2.0201891 1.9782528 1.9359293  
    1.8932987 1.8504396 1.8074327 1.7643579 1.7212948 1.678323 1.635523  
    1.592974 1.5507563 1.5089492 1.467633 1.4268876 1.3867923 1.3474273  
    1.3088725 1.2712076 1.2345121 1.1988666 1.1643505 1.1310435  
    1.0990256 1.0683758 1.0391203 1.0112091 0.9845855 0.959193  
    0.9349749 0.9118748 0.889836 0.8688022 0.8487164 0.8295223  
    0.8111634 0.7935829 0.7767245 0.7605314 0.7449474 0.7299153  
    0.7153792 0.7012821 0.6875678 0.6741793 0.6610603 0.6481542  
    0.6354045 0.6227545 0.6101477 0.5975276 0.5848375 0.5720209  
    0.5590213 0.545782 0.5322496 0.5184117 0.5042845 0.4898851  
    0.4752305 0.4603377 0.4452239 0.4299059 0.4144007 0.3987253  
    0.3828969 0.3669324 0.3508488 0.3346631 0.3183923 0.3020535  
    0.2856637 0.2692398 0.2527989 
  ZEFF = 1.4019974 1.4020316 1.4021339 1.4023037 1.4025408 1.4028452  
    1.4032168 1.4036557 1.4041623 1.404737 1.4053801 1.4060926  
    1.4068752 1.4077286 1.4086541 1.4096527 1.4107254 1.411874  
    1.4130996 1.4144041 1.4157888 1.4172559 1.4188069 1.4204441  
    1.4221694 1.4239854 1.425894 1.4278979 1.4299995 1.4322014  
    1.4345064 1.4369177 1.4394376 1.4420693 1.4448162 1.4476812  
    1.4506677 1.4537787 1.4570179 1.4603886 1.4638941 1.4675382  
    1.4713237 1.4752551 1.479335 1.4835668 1.4879542 1.4924999  
    1.4972072 1.5020807 1.5071321 1.5123749 1.5178239 1.5234945  
    1.5294029 1.5355661 1.5420031 1.5487324 1.5557752 1.563153  
    1.5708893 1.5790085 1.5875373 1.5965038 1.6059345 1.6157764  
    1.6258911 1.6361288 1.6463301 1.6563253 1.6659344 1.6749644  
    1.6832096 1.6905122 1.6968543 1.7022391 1.7066704 1.7101503  
    1.7126817 1.714266 1.7149047 1.7145978 1.7133442 1.7111315  
    1.7079406 1.7037479 1.6985271 1.6922477 1.684876 1.676372 1.666692  
    1.6557853 1.6435939 1.619211 1.5982071 1.5566073 1.4927054  
    1.4069456 1.3062863 1.2171156 1.1958373 
  P_EQ = 30869.9253168 30853.1930543 30802.996267 30706.9933859  
    30572.0843953 30397.4741641 30185.2946181 29936.8527885  
    29654.0360434 29338.388231 28991.4488472 28614.9762072  
    28210.8358737 27780.91648 27326.9600096 26850.8130831 26354.4939716  
    25839.8833381 25308.9878595 24763.7467974 24206.0464249  
    23637.8696012 23060.9090951 22477.0197711 21887.8936129  
    21295.1934498 20700.611722 20105.6055871 19511.8918185  
    18920.9392529 18334.15141 17752.9295122 17178.3789523 16611.5367516  
    16053.67183 15505.878935 14968.9674258 14443.6138358 13930.2429301  
    13429.0757853 12940.6647914 12465.4638634 12003.5216504  
    11555.0282163 11120.1266501 10698.8371451 10291.2881653  
    9897.5715934 9517.6479418 9151.4302736 8798.7311218 8459.3279242  
    8132.8461259 7818.6884601 7516.2219909 7224.9166983 6944.2736986  
    6673.7199642 6412.6852815 6160.6390639 5917.1635644 5681.8276917  
    5454.1697997 5233.7595948 5020.1910214 4813.1428982 4612.3318334  
    4417.458532 4228.2550244 4044.4629251 3865.8596383 3692.235001  
    3523.3947872 3359.1140179 3199.2059448 3043.4502072 2891.655444  
    2743.6837721 2599.3726659 2458.5850857 2321.1992686 2187.1054903  
    2056.2201167 1928.554137 1804.1704224 1683.1288413 1565.4798758  
    1451.2613392 1340.5115668 1233.2533784 1129.4967915 1029.2480839  
    932.4899728 839.7729017 750.12167 664.6722589 583.5144156  
    506.7504426 434.0405116 364.2065329 295.4482652 
  OMEGA = 74287.0 74265.2656243 74200.8203089 74094.8906168  
    73948.6874854 73763.3828276 73540.1874678 73280.2968832  
    72984.8983818 72655.226686 72292.4531813 71897.7656006  
    71472.4061321 71017.5388391 70534.3672171 70024.1174992  
    69487.9451164 68927.0782273 68342.7035508 67736.0389154  
    67108.265815 66460.5933193 65794.195232 65110.3049762 64410.1246204  
    63694.8164062 62965.6086736 62223.6883021 61470.2539967  
    60706.5227964 59933.6649885 59152.9103432 58365.425216  
    57572.2236996 56774.0549737 55971.6674895 55165.7941235  
    54357.1722611 53546.5621132 52734.6785257 51922.2817342  
    51110.1051785 50298.8817499 49489.3755781 48682.2888705  
    47878.405294 47078.4537906 46283.148343 45493.2569684 44709.5163691  
    43932.6640625 43163.4328642 42402.584495 41650.8377072 40908.946893  
    40177.6493025 39457.6759515 38749.7846546 38054.7058826  
    37373.1818253 36705.9273547 36053.082955 35414.3128013  
    34789.2457989 34177.5381968 33578.8189002 32992.7202708  
    32418.8896195 31856.9671946 31306.5819014 30767.3899887  
    30239.0145026 29721.1127953 29213.3075998 28715.2407049  
    28226.5585938 27746.8921248 27275.8877815 26813.1822814  
    26358.4091708 25911.2173256 25471.2364322 25038.1129738  
    24611.4836681 24190.9930455 23776.2685604 23366.9537069  
    22962.6994104 22563.1248105 22167.8861562 21776.6143058  
    21388.9502312 21004.5318891 20623.0041782 20243.9979568  
    19867.1558018 19492.1222437 19118.5284111 18746.0163348  
    18374.2269169 18002.8007812 
  PPRIME = -0.0 -0.0 -0.0 -0.0 -0.0 -0.0 -0.0 -0.0 -0.0 -0.0 -0.0 -0.0  
    -0.0 -0.0 -0.0 -0.0 -0.0 -0.0 -0.0 -0.0 -0.0 -0.0 -0.0 -0.0 -0.0  
    -0.0 -0.0 -0.0 -0.0 -0.0 -0.0 -0.0 -0.0 -0.0 -0.0 -0.0 -0.0 -0.0  
    -0.0 -0.0 -0.0 -0.0 -0.0 -0.0 -0.0 -0.0 -0.0 -0.0 -0.0 -0.0 -0.0  
    -0.0 -0.0 -0.0 -0.0 -0.0 -0.0 -0.0 -0.0 -0.0 -0.0 -0.0 -0.0 -0.0  
    -0.0 -0.0 -0.0 -0.0 -0.0 -0.0 -0.0 -0.0 -0.0 -0.0 -0.0 -0.0 -0.0  
    -0.0 -0.0 -0.0 -0.0 -0.0 -0.0 -0.0 -0.0 -0.0 -0.0 -0.0 -0.0 -0.0  
    -0.0 -0.0 -0.0 -0.0 -0.0 -0.0 -0.0 -0.0 -0.0 -0.0 -0.0 
  FFPRIME = -14.2203897 -14.0753875 -13.6262766 -12.8803332 -12.0451845  
    -11.2516644 -10.6089552 -10.1493934 -9.8083335 -9.4926383  
    -9.1669378 -8.8449632 -8.534904 -8.2325292 -7.9388014 -7.6541124  
    -7.3747322 -7.1008059 -6.8340304 -6.574539 -6.3218695 -6.0747717  
    -5.8340025 -5.6005608 -5.3732349 -5.152019 -4.9375079 -4.7291723  
    -4.5276845 -4.3330713 -4.1445751 -3.9629586 -3.7882138 -3.6198914  
    -3.4585712 -3.3043522 -3.1567092 -3.0152165 -2.8795334 -2.7494973  
    -2.6250426 -2.5059066 -2.3918814 -2.2826438 -2.1776219 -2.07675  
    -1.9800581 -1.8872522 -1.7982263 -1.7127777 -1.6306614 -1.5517528  
    -1.4758554 -1.402894 -1.3328217 -1.265679 -1.201441 -1.1399419  
    -1.0810811 -1.0247626 -0.9710153 -0.9198221 -0.8709599 -0.824243  
    -0.7796175 -0.7370993 -0.6967111 -0.6583974 -0.6219949 -0.5873856  
    -0.5545659 -0.5235082 -0.4941209 -0.4662687 -0.4397894 -0.4145726  
    -0.3905637 -0.3677088 -0.3459273 -0.3250963 -0.3051703 -0.2861435  
    -0.2679006 -0.2503533 -0.233484 -0.2172398 -0.2015411 -0.1863169  
    -0.1714966 -0.156998 -0.1427247 -0.1285237 -0.1143802 -0.1000085  
    -0.0853234 -0.0704466 -0.0548744 -0.0373572 -0.0167113 0.0241734  
    0.0330087 
  J_OH = 6.7141862 6.6438636 6.4340311 6.092171 5.6995002 5.3275717  
    5.0271916 4.81377 4.6561982 4.5103136 4.3592255 4.2095325 4.0654411  
    3.9251532 3.7890077 3.6570095 3.5274813 3.4003377 3.2763365  
    3.1556283 3.0381187 2.9231857 2.8112186 2.7025963 2.5968523  
    2.4940481 2.3943692 2.2976001 2.2039744 2.1136767 2.0261441  
    1.9418986 1.8607723 1.7824582 1.7072444 1.6351287 1.5660076  
    1.4997699 1.436192 1.375197 1.3166729 1.2604487 1.2065531 1.1546443  
    1.1046167 1.0565269 1.0103125 0.9657402 0.9228253 0.8815375  
    0.8417625 0.8034608 0.7666144 0.731151 0.6970294 0.6642784  
    0.6327901 0.6025608 0.573622 0.5459318 0.5194724 0.4942019  
    0.4700634 0.4470308 0.4251247 0.4042342 0.3842975 0.3653577  
    0.3473652 0.330292 0.3141007 0.298751 0.2841669 0.2703531 0.2572351  
    0.244765 0.232893 0.2215654 0.2107139 0.2003386 0.1904138 0.1808139  
    0.1716047 0.1627241 0.154141 0.1458316 0.137779 0.1299475 0.12231  
    0.114826 0.1074435 0.1000874 0.0927433 0.0853658 0.077775 0.0699753  
    0.0617694 0.0526154 0.0416381 0.0277566 0.0273788 
  J_BS = 0.0 0.0008022 0.0032229 0.0072559 0.0121843 0.0173029  
    0.0217557 0.0249888 0.0272421 0.0291859 0.0311373 0.0329983  
    0.0347056 0.0363048 0.0377823 0.039126 0.0403717 0.0415279  
    0.0425852 0.04354 0.0443954 0.0451675 0.0458513 0.0464366 0.0469379  
    0.0473572 0.0476895 0.0479441 0.0481145 0.048201 0.0482153  
    0.0481494 0.0480065 0.0477956 0.0475094 0.0471478 0.0467268  
    0.0462662 0.0457755 0.045255 0.0447038 0.0441211 0.043507 0.0428637  
    0.042195 0.0414986 0.0407723 0.0400208 0.0392458 0.038458 0.0376698  
    0.0368877 0.0361265 0.0353948 0.0346926 0.0340184 0.0333717  
    0.0327522 0.0321585 0.0315904 0.0310469 0.030527 0.0300311  
    0.0295581 0.0291038 0.0286634 0.0282344 0.0278153 0.027406 0.027007  
    0.0266167 0.0262351 0.0258634 0.0255056 0.025165 0.0248406  
    0.0245302 0.0242324 0.0239449 0.0236658 0.0233929 0.0231226  
    0.0228446 0.0225448 0.0222165 0.0218573 0.0214654 0.0210379  
    0.0205711 0.0200598 0.0194965 0.0188715 0.0180762 0.0172522  
    0.0163021 0.0150638 0.0136947 0.0121157 0.0100667 0.0074799  
    0.0046918 
  J_NB = 0.0495036 0.0518873 0.0590381 0.0652041 0.0700453 0.0737731  
    0.0759296 0.0768735 0.0771355 0.0770467 0.0768274 0.0764486  
    0.0758139 0.0749403 0.073898 0.0727377 0.0715048 0.0703652  
    0.0691417 0.067997 0.0667507 0.0654478 0.0640743 0.062715 0.0612674  
    0.059649 0.0579762 0.0561838 0.0543471 0.0523168 0.0502783  
    0.0481014 0.0459772 0.0439527 0.0419977 0.0402082 0.03846 0.0366776  
    0.0349559 0.0332629 0.0316388 0.030182 0.0287871 0.0276149  
    0.0265029 0.0253592 0.0242476 0.0232703 0.0223783 0.0215088  
    0.0206602 0.019829 0.0189734 0.0181575 0.0173952 0.0166677  
    0.0160843 0.0155836 0.0150883 0.0145801 0.0140881 0.0136642  
    0.0132608 0.0128116 0.0122656 0.0117375 0.0113092 0.0109173  
    0.0105285 0.0101097 0.0096983 0.0093237 0.0090226 0.0087203  
    0.0084079 0.0080819 0.0077572 0.007461 0.007225 0.006982 0.0067345  
    0.0066066 0.0064598 0.0062952 0.0061327 0.0059719 0.005791  
    0.0055903 0.0053626 0.0051116 0.0048426 0.0045543 0.0042272  
    0.0038253 0.0034113 0.0029764 0.0025209 0.0020495 0.0015627  
    0.0010552 0.0005344 
  J_EC = 0.0 0.0 0.0 0.0 0.0 0.0 0.0 0.0 0.0 0.0 0.0 0.0 0.0 0.0 0.0  
    0.0 0.0 0.0 0.0 0.0 0.0 0.0 0.0 0.0 0.0 0.0 0.0 0.0 0.0 0.0 0.0 0.0  
    0.0 0.0 0.0 0.0 0.0 0.0 0.0 0.0 0.0 0.0 0.0 0.0 0.0 0.0 0.0 0.0 0.0  
    0.0 0.0 0.0 0.0 0.0 0.0 0.0 0.0 0.0 0.0 0.0 0.0 0.0 0.0 0.0 0.0 0.0  
    0.0 0.0 0.0 0.0 0.0 0.0 0.0 0.0 0.0 0.0 0.0 0.0 0.0 0.0 0.0 0.0 0.0  
    0.0 0.0 0.0 0.0 0.0 0.0 0.0 0.0 0.0 0.0 0.0 0.0 0.0 0.0 0.0 0.0 0.0  
    0.0 
  J_IC = 0.0 0.0 0.0 0.0 0.0 0.0 0.0 0.0 0.0 0.0 0.0 0.0 0.0 0.0 0.0  
    0.0 0.0 0.0 0.0 0.0 0.0 0.0 0.0 0.0 0.0 0.0 0.0 0.0 0.0 0.0 0.0 0.0  
    0.0 0.0 0.0 0.0 0.0 0.0 0.0 0.0 0.0 0.0 0.0 0.0 0.0 0.0 0.0 0.0 0.0  
    0.0 0.0 0.0 0.0 0.0 0.0 0.0 0.0 0.0 0.0 0.0 0.0 0.0 0.0 0.0 0.0 0.0  
    0.0 0.0 0.0 0.0 0.0 0.0 0.0 0.0 0.0 0.0 0.0 0.0 0.0 0.0 0.0 0.0 0.0  
    0.0 0.0 0.0 0.0 0.0 0.0 0.0 0.0 0.0 0.0 0.0 0.0 0.0 0.0 0.0 0.0 0.0  
    0.0 
  J_LH = 0.0 0.0 0.0 0.0 0.0 0.0 0.0 0.0 0.0 0.0 0.0 0.0 0.0 0.0 0.0  
    0.0 0.0 0.0 0.0 0.0 0.0 0.0 0.0 0.0 0.0 0.0 0.0 0.0 0.0 0.0 0.0 0.0  
    0.0 0.0 0.0 0.0 0.0 0.0 0.0 0.0 0.0 0.0 0.0 0.0 0.0 0.0 0.0 0.0 0.0  
    0.0 0.0 0.0 0.0 0.0 0.0 0.0 0.0 0.0 0.0 0.0 0.0 0.0 0.0 0.0 0.0 0.0  
    0.0 0.0 0.0 0.0 0.0 0.0 0.0 0.0 0.0 0.0 0.0 0.0 0.0 0.0 0.0 0.0 0.0  
    0.0 0.0 0.0 0.0 0.0 0.0 0.0 0.0 0.0 0.0 0.0 0.0 0.0 0.0 0.0 0.0 0.0  
    0.0 
  J_HC = 0.0 0.0 0.0 0.0 0.0 0.0 0.0 0.0 0.0 0.0 0.0 0.0 0.0 0.0 0.0  
    0.0 0.0 0.0 0.0 0.0 0.0 0.0 0.0 0.0 0.0 0.0 0.0 0.0 0.0 0.0 0.0 0.0  
    0.0 0.0 0.0 0.0 0.0 0.0 0.0 0.0 0.0 0.0 0.0 0.0 0.0 0.0 0.0 0.0 0.0  
    0.0 0.0 0.0 0.0 0.0 0.0 0.0 0.0 0.0 0.0 0.0 0.0 0.0 0.0 0.0 0.0 0.0  
    0.0 0.0 0.0 0.0 0.0 0.0 0.0 0.0 0.0 0.0 0.0 0.0 0.0 0.0 0.0 0.0 0.0  
    0.0 0.0 0.0 0.0 0.0 0.0 0.0 0.0 0.0 0.0 0.0 0.0 0.0 0.0 0.0 0.0 0.0  
    0.0 
  J_TOT = 7.0231533 7.0231533 6.8131304 6.4653247 6.0638233 5.6831529  
    5.3752009 5.1558887 4.9933907 4.8425086 4.6861709 4.5310483  
    4.3812553 4.2351441 4.0931791 3.95537 3.8200481 3.6871745 3.557428  
    3.431182 3.3080996 3.1875947 3.0700443 2.9559159 2.8446235  
    2.7361392 2.6307643 2.5282075 2.428778 2.3325086 2.2390117  
    2.1486822 2.0615419 1.9773324 1.8963139 1.818586 1.7439342  
    1.6721951 1.6032585 1.5370226 1.4734288 1.4124204 1.3539322  
    1.2977857 1.2437089 1.1916592 1.1416301 1.0934843 1.0471795  
    1.0026202 0.9596871 0.9183289 0.8784839 0.8401348 0.8032342  
    0.7677708 0.7337246 0.7010067 0.6695451 0.6392563 0.6101358  
    0.5821907 0.5553267 0.5294607 0.5045714 0.4806726 0.4577966  
    0.4359378 0.4150288 0.3950241 0.3759382 0.3577747 0.3405095  
    0.3240901 0.3084477 0.2935408 0.279342 0.2658311 0.2529762 0.240713  
    0.22902 0.2178942 0.2072535 0.1970225 0.1871817 0.1777017 0.168538  
    0.159648 0.1509881 0.1425098 0.1341523 0.1258218 0.1173632  
    0.1087988 0.0998511 0.0902935 0.0800448 0.0684679 0.0544325  
    0.0368197 0.0328348 
  P_EI = -0.0006392 -0.0006354 -0.000624 -0.000605 -0.0005783  
    -0.0005438 -0.0005016 -0.0004513 -0.0003931 -0.0003266 -0.0002519  
    -0.0001687 -7.68e-05 2.38e-05 0.0001335 0.0002524 0.0003807  
    0.0005186 0.0006665 0.0008245 0.000993 0.0011722 0.0013623  
    0.0015638 0.0017768 0.0020016 0.0022387 0.0024882 0.0027505  
    0.0030257 0.0033143 0.0036164 0.0039321 0.0042618 0.0046054  
    0.0049629 0.0053343 0.0057173 0.0061081 0.0065028 0.0068974  
    0.0072878 0.00767 0.0080396 0.0083925 0.0087242 0.0090303 0.0093063  
    0.0095475 0.0097491 0.0099057 0.0100117 0.0100642 0.0100639  
    0.0100121 0.0099098 0.0097584 0.0095588 0.0093122 0.0090199  
    0.0086828 0.0083022 0.0078792 0.0074149 0.0069104 0.0063669  
    0.0057853 0.005167 0.0045127 0.0038238 0.0031009 0.0023452  
    0.0015574 0.0007383 -0.0001115 -0.0009916 -0.0019018 -0.0028421  
    -0.0038129 -0.004815 -0.00585 -0.00692 -0.0080284 -0.0091838  
    -0.0104001 -0.0116951 -0.0130915 -0.0146192 -0.0163177 -0.0182408  
    -0.0204637 -0.023094 -0.0262915 -0.0302779 -0.0354849 -0.042528  
    -0.0526715 -0.0686014 -0.0970708 -0.1603511 -0.3840052 
  SE_NB = 0.0 0.0 0.0 0.0 0.0 0.0 0.0 0.0 0.0 0.0 0.0 0.0 0.0 0.0 0.0  
    0.0 0.0 0.0 0.0 0.0 0.0 0.0 0.0 0.0 0.0 0.0 0.0 0.0 0.0 0.0 0.0 0.0  
    0.0 0.0 0.0 0.0 0.0 0.0 0.0 0.0 0.0 0.0 0.0 0.0 0.0 0.0 0.0 0.0 0.0  
    0.0 0.0 0.0 0.0 0.0 0.0 0.0 0.0 0.0 0.0 0.0 0.0 0.0 0.0 0.0 0.0 0.0  
    0.0 0.0 0.0 0.0 0.0 0.0 0.0 0.0 0.0 0.0 0.0 0.0 0.0 0.0 0.0 0.0 0.0  
    0.0 0.0 0.0 0.0 0.0 0.0 0.0 0.0 0.0 0.0 0.0 0.0 0.0 0.0 0.0 0.0 0.0  
    0.0 
  PE_NB = 0.0573267 0.0573283 0.0573782 0.0573382 0.0572598 0.0571227  
    0.0569351 0.056694 0.0564009 0.056056 0.0556603 0.0552153 0.0547211  
    0.0541794 0.0535935 0.0529658 0.0522974 0.0515902 0.0508482  
    0.0500745 0.0492719 0.0484441 0.0475931 0.0467213 0.0458327  
    0.0449308 0.0440182 0.0430979 0.0421728 0.0412453 0.0403185  
    0.0393955 0.0384775 0.0375654 0.0366625 0.0357708 0.0348908  
    0.034025 0.0331761 0.0323474 0.0315405 0.0307554 0.0299956  
    0.0292637 0.0285593 0.0278831 0.0272356 0.0266169 0.026027  
    0.0254657 0.0249324 0.0244259 0.0239451 0.0234892 0.0230576  
    0.0226484 0.0222601 0.0218913 0.0215409 0.0212075 0.0208897  
    0.0205857 0.0202944 0.0200146 0.019745 0.0194842 0.0192312  
    0.0189847 0.018744 0.0185082 0.0182766 0.0180483 0.017823 0.0175998  
    0.0173796 0.0171621 0.0169469 0.0167353 0.0165276 0.0163246  
    0.0161275 0.0159376 0.0157563 0.0155858 0.015428 0.0152854  
    0.0151606 0.0150562 0.0149758 0.0149231 0.0149024 0.0149192  
    0.0149782 0.0150832 0.0152388 0.015461 0.0157911 0.0163341  
    0.0172384 0.018696 0.0210498 
  PE_EC = 0.0 0.0 0.0 0.0 0.0 0.0 0.0 0.0 0.0 0.0 0.0 0.0 0.0 0.0 0.0  
    0.0 0.0 0.0 0.0 0.0 0.0 0.0 0.0 0.0 0.0 0.0 0.0 0.0 0.0 0.0 0.0 0.0  
    0.0 0.0 0.0 0.0 0.0 0.0 0.0 0.0 0.0 0.0 0.0 0.0 0.0 0.0 0.0 0.0 0.0  
    0.0 0.0 0.0 0.0 0.0 0.0 0.0 0.0 0.0 0.0 0.0 0.0 0.0 0.0 0.0 0.0 0.0  
    0.0 0.0 0.0 0.0 0.0 0.0 0.0 0.0 0.0 0.0 0.0 0.0 0.0 0.0 0.0 0.0 0.0  
    0.0 0.0 0.0 0.0 0.0 0.0 0.0 0.0 0.0 0.0 0.0 0.0 0.0 0.0 0.0 0.0 0.0  
    0.0 
  PE_IC = 0.0 0.0 0.0 0.0 0.0 0.0 0.0 0.0 0.0 0.0 0.0 0.0 0.0 0.0 0.0  
    0.0 0.0 0.0 0.0 0.0 0.0 0.0 0.0 0.0 0.0 0.0 0.0 0.0 0.0 0.0 0.0 0.0  
    0.0 0.0 0.0 0.0 0.0 0.0 0.0 0.0 0.0 0.0 0.0 0.0 0.0 0.0 0.0 0.0 0.0  
    0.0 0.0 0.0 0.0 0.0 0.0 0.0 0.0 0.0 0.0 0.0 0.0 0.0 0.0 0.0 0.0 0.0  
    0.0 0.0 0.0 0.0 0.0 0.0 0.0 0.0 0.0 0.0 0.0 0.0 0.0 0.0 0.0 0.0 0.0  
    0.0 0.0 0.0 0.0 0.0 0.0 0.0 0.0 0.0 0.0 0.0 0.0 0.0 0.0 0.0 0.0 0.0  
    0.0 
  PE_LH = 0.0 0.0 0.0 0.0 0.0 0.0 0.0 0.0 0.0 0.0 0.0 0.0 0.0 0.0 0.0  
    0.0 0.0 0.0 0.0 0.0 0.0 0.0 0.0 0.0 0.0 0.0 0.0 0.0 0.0 0.0 0.0 0.0  
    0.0 0.0 0.0 0.0 0.0 0.0 0.0 0.0 0.0 0.0 0.0 0.0 0.0 0.0 0.0 0.0 0.0  
    0.0 0.0 0.0 0.0 0.0 0.0 0.0 0.0 0.0 0.0 0.0 0.0 0.0 0.0 0.0 0.0 0.0  
    0.0 0.0 0.0 0.0 0.0 0.0 0.0 0.0 0.0 0.0 0.0 0.0 0.0 0.0 0.0 0.0 0.0  
    0.0 0.0 0.0 0.0 0.0 0.0 0.0 0.0 0.0 0.0 0.0 0.0 0.0 0.0 0.0 0.0 0.0  
    0.0 
  PE_HC = 0.0 0.0 0.0 0.0 0.0 0.0 0.0 0.0 0.0 0.0 0.0 0.0 0.0 0.0 0.0  
    0.0 0.0 0.0 0.0 0.0 0.0 0.0 0.0 0.0 0.0 0.0 0.0 0.0 0.0 0.0 0.0 0.0  
    0.0 0.0 0.0 0.0 0.0 0.0 0.0 0.0 0.0 0.0 0.0 0.0 0.0 0.0 0.0 0.0 0.0  
    0.0 0.0 0.0 0.0 0.0 0.0 0.0 0.0 0.0 0.0 0.0 0.0 0.0 0.0 0.0 0.0 0.0  
    0.0 0.0 0.0 0.0 0.0 0.0 0.0 0.0 0.0 0.0 0.0 0.0 0.0 0.0 0.0 0.0 0.0  
    0.0 0.0 0.0 0.0 0.0 0.0 0.0 0.0 0.0 0.0 0.0 0.0 0.0 0.0 0.0 0.0 0.0  
    0.0 
  SI_NB = 0.0 0.0 0.0 0.0 0.0 0.0 0.0 0.0 0.0 0.0 0.0 0.0 0.0 0.0 0.0  
    0.0 0.0 0.0 0.0 0.0 0.0 0.0 0.0 0.0 0.0 0.0 0.0 0.0 0.0 0.0 0.0 0.0  
    0.0 0.0 0.0 0.0 0.0 0.0 0.0 0.0 0.0 0.0 0.0 0.0 0.0 0.0 0.0 0.0 0.0  
    0.0 0.0 0.0 0.0 0.0 0.0 0.0 0.0 0.0 0.0 0.0 0.0 0.0 0.0 0.0 0.0 0.0  
    0.0 0.0 0.0 0.0 0.0 0.0 0.0 0.0 0.0 0.0 0.0 0.0 0.0 0.0 0.0 0.0 0.0  
    0.0 0.0 0.0 0.0 0.0 0.0 0.0 0.0 0.0 0.0 0.0 0.0 0.0 0.0 0.0 0.0 0.0  
    0.0 
  PI_NB = 0.1961328 0.1960319 0.1958483 0.1951462 0.1941185 0.1927023  
    0.1909546 0.1888684 0.1864328 0.1836719 0.180622 0.1773036  
    0.1737287 0.1699201 0.1659115 0.1617328 0.1573978 0.1529362 0.14836  
    0.1436881 0.1389478 0.1341486 0.1293288 0.1245042 0.1197017  
    0.1149426 0.1102442 0.1056341 0.1011068 0.0966743 0.0923455  
    0.0881205 0.0840235 0.0800749 0.0762602 0.0725729 0.0690289  
    0.0656275 0.0623734 0.0592842 0.0563361 0.0535113 0.0508249  
    0.0482709 0.0458478 0.0435596 0.0413939 0.0393393 0.0373936  
    0.0355536 0.0338136 0.0321675 0.0306095 0.0291342 0.0277397  
    0.0264171 0.025156 0.0239547 0.0228138 0.0217319 0.0206995  
    0.0197105 0.0187641 0.017858 0.0169901 0.0161559 0.0153517  
    0.0145764 0.0138287 0.0131075 0.0124105 0.0117359 0.0110823  
    0.0104521 0.0098396 0.0092466 0.0086745 0.008118 0.0075791  
    0.0070578 0.0065538 0.0060674 0.0055983 0.0051463 0.0047118  
    0.004295 0.0038958 0.003515 0.0031525 0.002809 0.0024859 0.0021838  
    0.0019031 0.0016417 0.001401 0.0011799 0.0009825 0.0008143  
    0.0006746 0.0005413 0.0003759 
  PI_EC = 0.0 0.0 0.0 0.0 0.0 0.0 0.0 0.0 0.0 0.0 0.0 0.0 0.0 0.0 0.0  
    0.0 0.0 0.0 0.0 0.0 0.0 0.0 0.0 0.0 0.0 0.0 0.0 0.0 0.0 0.0 0.0 0.0  
    0.0 0.0 0.0 0.0 0.0 0.0 0.0 0.0 0.0 0.0 0.0 0.0 0.0 0.0 0.0 0.0 0.0  
    0.0 0.0 0.0 0.0 0.0 0.0 0.0 0.0 0.0 0.0 0.0 0.0 0.0 0.0 0.0 0.0 0.0  
    0.0 0.0 0.0 0.0 0.0 0.0 0.0 0.0 0.0 0.0 0.0 0.0 0.0 0.0 0.0 0.0 0.0  
    0.0 0.0 0.0 0.0 0.0 0.0 0.0 0.0 0.0 0.0 0.0 0.0 0.0 0.0 0.0 0.0 0.0  
    0.0 
  PI_IC = 0.0 0.0 0.0 0.0 0.0 0.0 0.0 0.0 0.0 0.0 0.0 0.0 0.0 0.0 0.0  
    0.0 0.0 0.0 0.0 0.0 0.0 0.0 0.0 0.0 0.0 0.0 0.0 0.0 0.0 0.0 0.0 0.0  
    0.0 0.0 0.0 0.0 0.0 0.0 0.0 0.0 0.0 0.0 0.0 0.0 0.0 0.0 0.0 0.0 0.0  
    0.0 0.0 0.0 0.0 0.0 0.0 0.0 0.0 0.0 0.0 0.0 0.0 0.0 0.0 0.0 0.0 0.0  
    0.0 0.0 0.0 0.0 0.0 0.0 0.0 0.0 0.0 0.0 0.0 0.0 0.0 0.0 0.0 0.0 0.0  
    0.0 0.0 0.0 0.0 0.0 0.0 0.0 0.0 0.0 0.0 0.0 0.0 0.0 0.0 0.0 0.0 0.0  
    0.0 
  PI_LH = 0.0 0.0 0.0 0.0 0.0 0.0 0.0 0.0 0.0 0.0 0.0 0.0 0.0 0.0 0.0  
    0.0 0.0 0.0 0.0 0.0 0.0 0.0 0.0 0.0 0.0 0.0 0.0 0.0 0.0 0.0 0.0 0.0  
    0.0 0.0 0.0 0.0 0.0 0.0 0.0 0.0 0.0 0.0 0.0 0.0 0.0 0.0 0.0 0.0 0.0  
    0.0 0.0 0.0 0.0 0.0 0.0 0.0 0.0 0.0 0.0 0.0 0.0 0.0 0.0 0.0 0.0 0.0  
    0.0 0.0 0.0 0.0 0.0 0.0 0.0 0.0 0.0 0.0 0.0 0.0 0.0 0.0 0.0 0.0 0.0  
    0.0 0.0 0.0 0.0 0.0 0.0 0.0 0.0 0.0 0.0 0.0 0.0 0.0 0.0 0.0 0.0 0.0  
    0.0 
  PI_HC = 0.0 0.0 0.0 0.0 0.0 0.0 0.0 0.0 0.0 0.0 0.0 0.0 0.0 0.0 0.0  
    0.0 0.0 0.0 0.0 0.0 0.0 0.0 0.0 0.0 0.0 0.0 0.0 0.0 0.0 0.0 0.0 0.0  
    0.0 0.0 0.0 0.0 0.0 0.0 0.0 0.0 0.0 0.0 0.0 0.0 0.0 0.0 0.0 0.0 0.0  
    0.0 0.0 0.0 0.0 0.0 0.0 0.0 0.0 0.0 0.0 0.0 0.0 0.0 0.0 0.0 0.0 0.0  
    0.0 0.0 0.0 0.0 0.0 0.0 0.0 0.0 0.0 0.0 0.0 0.0 0.0 0.0 0.0 0.0 0.0  
    0.0 0.0 0.0 0.0 0.0 0.0 0.0 0.0 0.0 0.0 0.0 0.0 0.0 0.0 0.0 0.0 0.0  
    0.0 
  PI_CX = 0.0143305 0.0142385 0.0141841 0.0141129 0.0140028 0.0138553  
    0.0136779 0.0134748 0.0132465 0.0129945 0.01272 0.012425 0.0121125  
    0.0117848 0.0114444 0.0110937 0.0107352 0.0103709 0.0100028  
    0.0096325 0.0092619 0.0088919 0.0085253 0.0081634 0.0078077  
    0.0074589 0.0071185 0.0067872 0.0064656 0.0061543 0.0058535  
    0.0055625 0.005283 0.0050158 0.0047597 0.0045138 0.0042789  
    0.0040539 0.00384 0.0036381 0.0034466 0.0032622 0.003088 0.0029242  
    0.0027702 0.0026256 0.0024905 0.0023644 0.002248 0.002142 0.002047  
    0.0019629 0.0018896 0.0018266 0.0017734 0.0017291 0.0016933  
    0.0016658 0.0016468 0.0016361 0.0016334 0.0016388 0.0016521  
    0.0016737 0.001704 0.0017435 0.0017926 0.0018519 0.0019221  
    0.0020041 0.0020992 0.0022091 0.0023357 0.0024808 0.0026462  
    0.0028343 0.0030475 0.0032888 0.0035616 0.0038693 0.0042157  
    0.0046051 0.005042 0.0055325 0.0060844 0.0067064 0.0074085  
    0.0082009 0.0090924 0.0100911 0.0112058 0.0124461 0.0138367  
    0.0154542 0.0173425 0.0196357 0.0223912 0.0255903 0.0292784  
    0.0350615 0.045764 
  PI_FUS = 0.0 0.0 0.0 0.0 0.0 0.0 0.0 0.0 0.0 0.0 0.0 0.0 0.0 0.0 0.0  
    0.0 0.0 0.0 0.0 0.0 0.0 0.0 0.0 0.0 0.0 0.0 0.0 0.0 0.0 0.0 0.0 0.0  
    0.0 0.0 0.0 0.0 0.0 0.0 0.0 0.0 0.0 0.0 0.0 0.0 0.0 0.0 0.0 0.0 0.0  
    0.0 0.0 0.0 0.0 0.0 0.0 0.0 0.0 0.0 0.0 0.0 0.0 0.0 0.0 0.0 0.0 0.0  
    0.0 0.0 0.0 0.0 0.0 0.0 0.0 0.0 0.0 0.0 0.0 0.0 0.0 0.0 0.0 0.0 0.0  
    0.0 0.0 0.0 0.0 0.0 0.0 0.0 0.0 0.0 0.0 0.0 0.0 0.0 0.0 0.0 0.0 0.0  
    0.0 
  PE_FUS = 0.0 0.0 0.0 0.0 0.0 0.0 0.0 0.0 0.0 0.0 0.0 0.0 0.0 0.0 0.0  
    0.0 0.0 0.0 0.0 0.0 0.0 0.0 0.0 0.0 0.0 0.0 0.0 0.0 0.0 0.0 0.0 0.0  
    0.0 0.0 0.0 0.0 0.0 0.0 0.0 0.0 0.0 0.0 0.0 0.0 0.0 0.0 0.0 0.0 0.0  
    0.0 0.0 0.0 0.0 0.0 0.0 0.0 0.0 0.0 0.0 0.0 0.0 0.0 0.0 0.0 0.0 0.0  
    0.0 0.0 0.0 0.0 0.0 0.0 0.0 0.0 0.0 0.0 0.0 0.0 0.0 0.0 0.0 0.0 0.0  
    0.0 0.0 0.0 0.0 0.0 0.0 0.0 0.0 0.0 0.0 0.0 0.0 0.0 0.0 0.0 0.0 0.0  
    0.0 
  P_RAD = -0.0001547 -4.27e-05 6.92e-05 0.0001812 0.0003151 0.0004945  
    0.0006911 0.0009282 0.0011949 0.0014916 0.0018185 0.0021716  
    0.0025508 0.0029535 0.0033819 0.0038313 0.0043046 0.0047949  
    0.0053064 0.0058361 0.0063834 0.006947 0.0075263 0.0081202  
    0.0087273 0.0093475 0.0099796 0.0106227 0.0112762 0.0119391  
    0.0126104 0.0132896 0.0139759 0.0146682 0.0153661 0.0160686  
    0.016775 0.0174846 0.0181966 0.0189102 0.0196247 0.0203394  
    0.0210535 0.0217662 0.0224769 0.0231846 0.0238888 0.0245886  
    0.0252833 0.0259721 0.0266542 0.0273289 0.0279952 0.0286525  
    0.0292999 0.0299365 0.0305616 0.0311742 0.0317736 0.0323586  
    0.0329286 0.0334825 0.0340195 0.0345384 0.0350383 0.0355181  
    0.0359771 0.0364139 0.0368274 0.0372167 0.0375803 0.0379173  
    0.0382264 0.0385062 0.0387555 0.0389729 0.0391572 0.0393068  
    0.0394202 0.039496 0.0395327 0.0395285 0.0394817 0.0393909  
    0.0392541 0.0390694 0.0388352 0.0385491 0.0382095 0.0378141  
    0.0373608 0.0368397 0.0362106 0.0354256 0.0344366 0.0331928  
    0.0316521 0.0297597 0.0274657 0.0247228 0.0214795 
  P_OHM = 0.3610859 0.3573295 0.346055 0.327663 0.3065353 0.2865213  
    0.2703587 0.258883 0.2504164 0.2425741 0.2344471 0.2263954  
    0.2186463 0.2111012 0.2037789 0.1966803 0.1897141 0.182876 0.176207  
    0.1697151 0.1633954 0.157214 0.1511921 0.1453504 0.1396632  
    0.1341341 0.1287732 0.1235687 0.1185332 0.1136769 0.1089691  
    0.1044381 0.1000751 0.0958632 0.091818 0.0879396 0.0842221  
    0.0806597 0.0772404 0.07396 0.0708125 0.0677887 0.0648902 0.0620986  
    0.059408 0.0568216 0.0543362 0.051939 0.049631 0.0474105 0.0452713  
    0.0432114 0.0412297 0.0393225 0.0374874 0.035726 0.0340326  
    0.0324068 0.0308504 0.0293612 0.0279382 0.0265791 0.0252809  
    0.0240421 0.022864 0.0217405 0.0206683 0.0196497 0.018682 0.0177637  
    0.0168929 0.0160674 0.0152831 0.0145401 0.0138346 0.0131639  
    0.0125255 0.0119163 0.0113327 0.0107747 0.0102409 0.0097247  
    0.0092294 0.0087518 0.0082902 0.0078433 0.0074102 0.006989  
    0.0065783 0.0061758 0.0057788 0.0053832 0.0049882 0.0045916  
    0.0041834 0.0037641 0.0033233 0.002832 0.0022435 0.0014931 0.001466 
  TORQUE_NB = 0.1736889 0.173617 0.1732754 0.1725 0.1716146 0.1704469  
    0.1691599 0.1676551 0.16571 0.1633991 0.1608851 0.1581824 0.1552364  
    0.1520561 0.1487688 0.1454579 0.1420365 0.1385723 0.1349867  
    0.1312649 0.1274364 0.1233697 0.1192721 0.1151082 0.1109738  
    0.1069343 0.1029708 0.0992728 0.0956199 0.0920123 0.0884454  
    0.0847781 0.0812466 0.0780355 0.0748905 0.0716707 0.0685626  
    0.065545 0.0626704 0.0602113 0.0578454 0.0553047 0.0528817  
    0.0505596 0.0483518 0.0463835 0.0445415 0.042718 0.0409527  
    0.0392852 0.037711 0.0362173 0.0347937 0.0334444 0.0322506  
    0.0311206 0.0299256 0.0287256 0.0276307 0.0267112 0.025832  
    0.0249266 0.0240469 0.0232286 0.0224928 0.021783 0.0210545  
    0.0203363 0.0196433 0.0189972 0.0183687 0.0177435 0.0171051  
    0.0164832 0.0158916 0.0153311 0.0147865 0.0142465 0.013708 0.013185  
    0.0126782 0.0122044 0.0117469 0.0113069 0.0108918 0.0105031  
    0.0101357 0.0097919 0.0094624 0.0091557 0.0088855 0.0086583  
    0.0084792 0.0083495 0.0082827 0.0082868 0.0083968 0.0086942  
    0.0092949 0.0103291 0.0122623 
  TORQUE_IN = 0.0 0.0 0.0 0.0 0.0 0.0 0.0 0.0 0.0 0.0 0.0 0.0 0.0 0.0  
    0.0 0.0 0.0 0.0 0.0 0.0 0.0 0.0 0.0 0.0 0.0 0.0 0.0 0.0 0.0 0.0 0.0  
    0.0 0.0 0.0 0.0 0.0 0.0 0.0 0.0 0.0 0.0 0.0 0.0 0.0 0.0 0.0 0.0 0.0  
    0.0 0.0 0.0 0.0 0.0 0.0 0.0 0.0 0.0 0.0 0.0 0.0 0.0 0.0 0.0 0.0 0.0  
    0.0 0.0 0.0 0.0 0.0 0.0 0.0 0.0 0.0 0.0 0.0 0.0 0.0 0.0 0.0 0.0 0.0  
    0.0 0.0 0.0 0.0 0.0 0.0 0.0 0.0 0.0 0.0 0.0 0.0 0.0 0.0 0.0 0.0 0.0  
    0.0 0.0 
  SE_IONIZATION = 0.0 0.0 0.0 0.0 0.0 0.0 0.0 0.0 0.0 0.0 0.0 0.0 0.0  
    0.0 0.0 0.0 0.0 0.0 0.0 0.0 0.0 0.0 0.0 0.0 0.0 0.0 0.0 0.0 0.0 0.0  
    0.0 0.0 0.0 0.0 0.0 0.0 0.0 0.0 0.0 0.0 0.0 0.0 0.0 0.0 0.0 0.0 0.0  
    0.0 0.0 0.0 0.0 0.0 0.0 0.0 0.0 0.0 0.0 0.0 0.0 0.0 0.0 0.0 0.0 0.0  
    0.0 0.0 0.0 0.0 0.0 0.0 0.0 0.0 0.0 0.0 0.0 0.0 0.0 0.0 0.0 0.0 0.0  
    0.0 0.0 0.0 0.0 0.0 0.0 0.0 0.0 0.0 0.0 0.0 0.0 0.0 0.0 0.0 0.0 0.0  
    0.0 0.0 0.0 
  SI_IONIZATION = 0.0 0.0 0.0 0.0 0.0 0.0 0.0 0.0 0.0 0.0 0.0 0.0 0.0  
    0.0 0.0 0.0 0.0 0.0 0.0 0.0 0.0 0.0 0.0 0.0 0.0 0.0 0.0 0.0 0.0 0.0  
    0.0 0.0 0.0 0.0 0.0 0.0 0.0 0.0 0.0 0.0 0.0 0.0 0.0 0.0 0.0 0.0 0.0  
    0.0 0.0 0.0 0.0 0.0 0.0 0.0 0.0 0.0 0.0 0.0 0.0 0.0 0.0 0.0 0.0 0.0  
    0.0 0.0 0.0 0.0 0.0 0.0 0.0 0.0 0.0 0.0 0.0 0.0 0.0 0.0 0.0 0.0 0.0  
    0.0 0.0 0.0 0.0 0.0 0.0 0.0 0.0 0.0 0.0 0.0 0.0 0.0 0.0 0.0 0.0 0.0  
    0.0 0.0 0.0 
  PE_IONIZATION = 0.0 0.0 0.0 0.0 0.0 0.0 0.0 0.0 0.0 0.0 0.0 0.0 0.0  
    0.0 0.0 0.0 0.0 0.0 0.0 0.0 0.0 0.0 0.0 0.0 0.0 0.0 0.0 0.0 0.0 0.0  
    0.0 0.0 0.0 0.0 0.0 0.0 0.0 0.0 0.0 0.0 0.0 0.0 0.0 0.0 0.0 0.0 0.0  
    0.0 0.0 0.0 0.0 0.0 0.0 0.0 0.0 0.0 0.0 0.0 0.0 0.0 0.0 0.0 0.0 0.0  
    0.0 0.0 0.0 0.0 0.0 0.0 0.0 0.0 0.0 0.0 0.0 0.0 0.0 0.0 0.0 0.0 0.0  
    0.0 0.0 0.0 0.0 0.0 0.0 0.0 0.0 0.0 0.0 0.0 0.0 0.0 0.0 0.0 0.0 0.0  
    0.0 0.0 0.0 
  PI_IONIZATION = 0.0 0.0 0.0 0.0 0.0 0.0 0.0 0.0 0.0 0.0 0.0 0.0 0.0  
    0.0 0.0 0.0 0.0 0.0 0.0 0.0 0.0 0.0 0.0 0.0 0.0 0.0 0.0 0.0 0.0 0.0  
    0.0 0.0 0.0 0.0 0.0 0.0 0.0 0.0 0.0 0.0 0.0 0.0 0.0 0.0 0.0 0.0 0.0  
    0.0 0.0 0.0 0.0 0.0 0.0 0.0 0.0 0.0 0.0 0.0 0.0 0.0 0.0 0.0 0.0 0.0  
    0.0 0.0 0.0 0.0 0.0 0.0 0.0 0.0 0.0 0.0 0.0 0.0 0.0 0.0 0.0 0.0 0.0  
    0.0 0.0 0.0 0.0 0.0 0.0 0.0 0.0 0.0 0.0 0.0 0.0 0.0 0.0 0.0 0.0 0.0  
    0.0 0.0 0.0 
  WBEAM = 0.0103198 0.0103186 0.010315 0.0102869 0.0102438 0.0101827  
    0.010105 0.0100111 0.0099021 0.0097784 0.0096405 0.0094893  
    0.0093258 0.0091509 0.0089653 0.0087701 0.0085663 0.008355  
    0.0081373 0.0079144 0.0076872 0.007457 0.0072245 0.0069908  
    0.0067567 0.0065231 0.0062908 0.0060604 0.0058329 0.0056091  
    0.0053895 0.0051749 0.0049654 0.0047614 0.0045634 0.0043719  
    0.0041868 0.0040085 0.0038369 0.0036717 0.0035134 0.003362  
    0.0032173 0.0030791 0.0029472 0.0028213 0.0027014 0.0025872  
    0.0024785 0.002375 0.0022765 0.0021827 0.0020934 0.0020082  
    0.0019269 0.0018493 0.0017752 0.0017044 0.0016364 0.0015712  
    0.0015085 0.0014481 0.00139 0.0013338 0.0012794 0.0012267 0.0011756  
    0.0011259 0.0010776 0.0010305 0.0009846 0.0009398 0.0008961  
    0.0008534 0.0008116 0.0007708 0.0007309 0.000692 0.000654 0.0006169  
    0.0005808 0.0005455 0.0005112 0.0004779 0.0004455 0.0004139  
    0.0003833 0.0003534 0.0003244 0.0002961 0.0002685 0.0002416  
    0.0002151 0.0001891 0.0001633 0.0001378 0.0001128 8.85e-05 6.49e-05  
    4.19e-05 1.94e-05 
  WALPHA = 0.0 0.0 0.0 0.0 0.0 0.0 0.0 0.0 0.0 0.0 0.0 0.0 0.0 0.0 0.0  
    0.0 0.0 0.0 0.0 0.0 0.0 0.0 0.0 0.0 0.0 0.0 0.0 0.0 0.0 0.0 0.0 0.0  
    0.0 0.0 0.0 0.0 0.0 0.0 0.0 0.0 0.0 0.0 0.0 0.0 0.0 0.0 0.0 0.0 0.0  
    0.0 0.0 0.0 0.0 0.0 0.0 0.0 0.0 0.0 0.0 0.0 0.0 0.0 0.0 0.0 0.0 0.0  
    0.0 0.0 0.0 0.0 0.0 0.0 0.0 0.0 0.0 0.0 0.0 0.0 0.0 0.0 0.0 0.0 0.0  
    0.0 0.0 0.0 0.0 0.0 0.0 0.0 0.0 0.0 0.0 0.0 0.0 0.0 0.0 0.0 0.0 0.0  
    0.0 
  DENSITY_BEAM = 0.1213236 0.1212764 0.1212359 0.1209153 0.1204231  
    0.1197239 0.1188393 0.1177693 0.1165235 0.115108 0.1135313  
    0.1118023 0.1099301 0.1079252 0.1057983 0.1035607 0.1012238  
    0.0987989 0.096299 0.0937361 0.0911225 0.0884717 0.0857928  
    0.0830966 0.0803942 0.0776956 0.0750106 0.0723473 0.0697157  
    0.0671233 0.0645778 0.062087 0.0596541 0.0572821 0.0549779  
    0.0527464 0.0505883 0.0485056 0.0464994 0.0445692 0.0427166  
    0.0409416 0.0392428 0.0376193 0.036069 0.0345893 0.0331783 0.031834  
    0.0305535 0.0293338 0.0281721 0.0270655 0.0260107 0.0250052  
    0.0240458 0.0231298 0.0222546 0.0214173 0.0206147 0.0198442  
    0.0191037 0.0183911 0.0177041 0.0170405 0.0163985 0.0157765  
    0.015173 0.0145865 0.0140159 0.0134599 0.0129177 0.0123884  
    0.0118715 0.0113664 0.0108727 0.01039 0.0099184 0.0094577 0.0090079  
    0.008569 0.0081412 0.0077245 0.007319 0.0069248 0.0065417 0.0061695  
    0.0058079 0.0054562 0.0051138 0.0047799 0.0044531 0.0041321  
    0.0038145 0.003497 0.0031749 0.0028444 0.002503 0.0021514 0.0017795  
    0.0013432 0.0007861 
  DENSITY_ALPHA = 0.0 0.0 0.0 0.0 0.0 0.0 0.0 0.0 0.0 0.0 0.0 0.0 0.0  
    0.0 0.0 0.0 0.0 0.0 0.0 0.0 0.0 0.0 0.0 0.0 0.0 0.0 0.0 0.0 0.0 0.0  
    0.0 0.0 0.0 0.0 0.0 0.0 0.0 0.0 0.0 0.0 0.0 0.0 0.0 0.0 0.0 0.0 0.0  
    0.0 0.0 0.0 0.0 0.0 0.0 0.0 0.0 0.0 0.0 0.0 0.0 0.0 0.0 0.0 0.0 0.0  
    0.0 0.0 0.0 0.0 0.0 0.0 0.0 0.0 0.0 0.0 0.0 0.0 0.0 0.0 0.0 0.0 0.0  
    0.0 0.0 0.0 0.0 0.0 0.0 0.0 0.0 0.0 0.0 0.0 0.0 0.0 0.0 0.0 0.0 0.0  
    0.0 0.0 0.0 
  CHIE = 1.179692 1.1875605 1.185824 1.173182 1.1549177 1.1353885  
    1.1186346 1.1069919 1.1005223 1.0977736 1.0972831 1.0985023  
    1.1012309 1.1051828 1.1102872 1.1165011 1.1237211 1.1319077  
    1.1409918 1.1510838 1.1621682 1.1742389 1.187398 1.201654 1.217079  
    1.2337616 1.251757 1.2711967 1.2921661 1.3148136 1.339274 1.3657522  
    1.3943976 1.4254661 1.4592094 1.4957916 1.5335451 1.5710116  
    1.6081312 1.6448545 1.6811839 1.7170574 1.752467 1.78737 1.8216925  
    1.855412 1.88852 1.9209101 1.9525851 1.9835087 2.0136679 2.0431147  
    2.0718362 2.0998762 2.1272081 2.1539947 2.1800863 2.2057096  
    2.2308046 2.2555436 2.279895 2.3039914 2.3279419 2.3517694 2.375661  
    2.3996982 2.4239373 2.448599 2.4737791 2.4995908 2.5262557  
    2.5539003 2.5827329 2.612924 2.6447212 2.6783005 2.7140132  
    2.7520144 2.7927437 2.8364382 2.8835578 2.9344895 2.9898056  
    3.0499437 3.1155543 3.187404 3.2663637 3.3535226 3.4502085  
    3.5580978 3.6793572 3.8167734 3.9740519 4.1563377 4.3709782  
    4.6289684 4.9482303 5.3604821 5.9030036 7.298976 0.0 
  CHII = 0.4930935 0.5001021 0.5082869 0.5161913 0.52416 0.532108  
    0.5400822 0.5480195 0.5560023 0.5639502 0.5719259 0.5799087  
    0.5879568 0.5960559 0.6042192 0.6124918 0.6208903 0.6294292  
    0.6381374 0.6470435 0.656212 0.6656519 0.6754337 0.6855872  
    0.6961734 0.7072433 0.7188714 0.731121 0.7440838 0.7578399  
    0.7724543 0.7880693 0.8047768 0.8227094 0.8420025 0.8628312  
    0.8853462 0.9097734 0.9363088 0.9652372 0.9968393 1.0314292  
    1.0694203 1.1112497 1.1574522 1.2086432 1.2656305 1.3292906  
    1.4007667 1.4814924 1.5732173 1.675212 1.7844289 1.9008835  
    2.0249172 2.1568373 2.2969234 2.4453362 2.6022081 2.7674642  
    2.9409911 3.1224708 3.3112319 3.5065997 3.7073427 3.9120077  
    4.118559 4.3248896 4.5281408 4.7255599 4.9137729 5.0895709  
    5.2495502 5.3908136 5.5104426 5.606623 5.6775852 5.7224072  
    5.7410093 5.7336913 5.7016358 5.6477125 5.5902439 5.540558  
    5.4978074 5.4607655 5.4282023 5.3988736 5.3711742 5.3434366  
    5.3136558 5.2792831 5.2335502 5.1734385 5.0907206 4.9681789  
    4.7914358 4.5404632 4.1604662 3.828615 0.0 
  NBDRY = 85 
  RBDRY = 1.228909 2.1231171 1.5346 2.2717349 2.2655919 1.1121581  
    2.301135 1.0466079 1.2033773 1.1748814 1.6880325 1.0567842  
    1.1214376 1.084758 1.9588759 1.1434968 1.7805713 1.192694 2.2817787  
    1.4918348 1.8349772 1.1571608 1.0382221 1.4212744 1.1250941  
    1.8511681 2.2089418 2.0881708 1.2690524 2.111844 1.9877014  
    1.1784178 1.1185538 1.2080747 2.0803561 2.1445331 1.5532406  
    1.8185888 1.2139974 1.1183346 1.0502513 2.2322308 2.2859805  
    1.0969053 2.289937 2.3000915 1.5718231 1.5118906 2.2406249  
    1.0728488 1.1520558 1.0460292 2.2247435 2.0364538 1.1662537  
    1.1675953 1.1962661 1.1309934 1.1131094 1.7256099 1.4315908  
    1.6810731 1.1890401 1.8829688 2.2335367 1.1152324 1.3063393  
    2.1671332 1.9488339 1.2298647 1.0527349 1.1371187 1.798487  
    1.6109678 2.2006408 1.1982502 1.2185847 1.2190029 1.1649316  
    1.1855336 2.1001876 1.5913587 1.0718742 1.2483442 1.039309 
  ZBDRY = 1.0738207 -0.516928 0.9829251 0.2046992 -0.2086999 0.6792567  
    0.02758 0.2036457 1.0799266 1.0858218 -0.8576636 0.3031986  
    0.7385489 0.5013399 0.7286967 -0.6065061 -0.818792 1.0823201  
    0.1659996 -0.8976099 0.8287752 -0.643886 -0.0161435 1.0213392  
    -0.5496309 0.8171687 -0.3584157 -0.5659618 -0.828698 -0.5335416  
    0.701173 1.0852233 -0.5275772 -0.7513473 0.5970418 -0.4829902  
    0.9758902 0.8400791 1.0774339 0.7187954 0.2435072 -0.3030364  
    -0.1313248 0.5804166 -0.111714 -0.0323927 0.9686517 -0.8963225  
    0.2996317 0.4222048 0.9360789 -0.1557855 -0.3216086 -0.6273764  
    1.0338295 1.0433501 1.081525 -0.5686731 -0.5083882 -0.8434654  
    -0.8965728 0.9202409 -0.7166093 0.7931665 0.3183122 0.6990307  
    1.0547293 0.4634544 -0.7099388 -0.7843258 -0.2153318 -0.5876409  
    -0.8097086 -0.880279 -0.3766476 -0.7341565 -0.7681031 1.0762061  
    1.0244342 1.0838672 -0.5498787 -0.8846443 -0.3335846 1.069265  
    -0.0561083 
  NLIM = 5 
  RLIM = 2.377 1.001 1.001 2.377 2.377 
  ZLIM = 1.348 1.348 -1.368 -1.368 1.348 
  SHOT_ID = '106740' 
  TIME_ID = '15300' 
  J_RF = 0.0 0.0 0.0 0.0 0.0 0.0 0.0 0.0 0.0 0.0 0.0 0.0 0.0 0.0 0.0  
    0.0 0.0 0.0 0.0 0.0 0.0 0.0 0.0 0.0 0.0 0.0 0.0 0.0 0.0 0.0 0.0 0.0  
    0.0 0.0 0.0 0.0 0.0 0.0 0.0 0.0 0.0 0.0 0.0 0.0 0.0 0.0 0.0 0.0 0.0  
    0.0 0.0 0.0 0.0 0.0 0.0 0.0 0.0 0.0 0.0 0.0 0.0 0.0 0.0 0.0 0.0 0.0  
    0.0 0.0 0.0 0.0 0.0 0.0 0.0 0.0 0.0 0.0 0.0 0.0 0.0 0.0 0.0 0.0 0.0  
    0.0 0.0 0.0 0.0 0.0 0.0 0.0 0.0 0.0 0.0 0.0 0.0 0.0 0.0 0.0 0.0 0.0  
    0.0 
  PE_RF = 0.0 0.0 0.0 0.0 0.0 0.0 0.0 0.0 0.0 0.0 0.0 0.0 0.0 0.0 0.0  
    0.0 0.0 0.0 0.0 0.0 0.0 0.0 0.0 0.0 0.0 0.0 0.0 0.0 0.0 0.0 0.0 0.0  
    0.0 0.0 0.0 0.0 0.0 0.0 0.0 0.0 0.0 0.0 0.0 0.0 0.0 0.0 0.0 0.0 0.0  
    0.0 0.0 0.0 0.0 0.0 0.0 0.0 0.0 0.0 0.0 0.0 0.0 0.0 0.0 0.0 0.0 0.0  
    0.0 0.0 0.0 0.0 0.0 0.0 0.0 0.0 0.0 0.0 0.0 0.0 0.0 0.0 0.0 0.0 0.0  
    0.0 0.0 0.0 0.0 0.0 0.0 0.0 0.0 0.0 0.0 0.0 0.0 0.0 0.0 0.0 0.0 0.0  
    0.0 
  PI_RF = 0.0 0.0 0.0 0.0 0.0 0.0 0.0 0.0 0.0 0.0 0.0 0.0 0.0 0.0 0.0  
    0.0 0.0 0.0 0.0 0.0 0.0 0.0 0.0 0.0 0.0 0.0 0.0 0.0 0.0 0.0 0.0 0.0  
    0.0 0.0 0.0 0.0 0.0 0.0 0.0 0.0 0.0 0.0 0.0 0.0 0.0 0.0 0.0 0.0 0.0  
    0.0 0.0 0.0 0.0 0.0 0.0 0.0 0.0 0.0 0.0 0.0 0.0 0.0 0.0 0.0 0.0 0.0  
    0.0 0.0 0.0 0.0 0.0 0.0 0.0 0.0 0.0 0.0 0.0 0.0 0.0 0.0 0.0 0.0 0.0  
    0.0 0.0 0.0 0.0 0.0 0.0 0.0 0.0 0.0 0.0 0.0 0.0 0.0 0.0 0.0 0.0 0.0  
    0.0 
/

