&INSTATE
  TOKAMAK_ID = 'onetwo' 
  DENSITY_MODEL = 0 
  R0 = 1.6955 
  B0 = 1.90948589 
  IP = 0.750375212 
  RMAJOR = 1.65702227655 
  AMINOR = 0.585840859 
  KAPPA = 1.74916666485 
  DELTA = 0.651061383924 
  N_ION = 1 
  Z_ION = 1 
  A_ION = 2 
  F_ION = 1.0 
  N_IMP = 1 
  Z_IMP = 6 
  A_IMP = 12 
  F_IMP = 1.0 
  N_MIN = 0 
  Z_MIN = 1 
  A_MIN = 1 
  N_BEAM = 1 
  Z_BEAM = 1 
  A_BEAM = 2 
  N_FUSION = 1 
  Z_FUSION = 2 
  A_FUSION = 4 
  NRHO = 101 
  RHO = 0.0 0.01 0.02 0.03 0.04 0.05 0.06 0.07 0.08 0.09 0.1 0.11 0.12  
    0.13 0.14 0.15 0.16 0.17 0.18 0.19 0.2 0.21 0.22 0.23 0.24 0.25  
    0.26 0.27 0.28 0.29 0.3 0.31 0.32 0.33 0.34 0.35 0.36 0.37 0.38  
    0.39 0.4 0.41 0.42 0.43 0.44 0.45 0.46 0.47 0.48 0.49 0.5 0.51 0.52  
    0.53 0.54 0.55 0.56 0.57 0.58 0.59 0.6 0.61 0.62 0.63 0.64 0.65  
    0.66 0.67 0.68 0.69 0.7 0.71 0.72 0.73 0.74 0.75 0.76 0.77 0.78  
    0.79 0.8 0.81 0.82 0.83 0.84 0.85 0.86 0.87 0.88 0.89 0.9 0.91 0.92  
    0.93 0.94 0.95 0.96 0.97 0.98 0.99 1.0 
  NE = 3.10067556689 3.10042289911 3.09966709478 3.09841211215  
    3.09666102986 3.09441802649 3.09168617932 3.0884694486  
    3.08477135039 3.0805954075 3.07594535208 3.07082492539  
    3.06523720605 3.05918637223 3.05267572747 3.04570878587  
    3.0382894943 3.03042117336 3.0221077706 3.01335235127 3.00415867978  
    2.99453090691 2.98447235987 2.97398566345 2.96307607875  
    2.9517460572 2.93999952328 2.92784026875 2.91527151969  
    2.90229726996 2.88892085858 2.87514616405 2.8609763043  
    2.84641528153 2.83146674731 2.8161342629 2.80042095432  
    2.78433112598 2.76786768287 2.75103524296 2.73383649687  
    2.71627486055 2.69835500266 2.68007983691 2.66145299275  
    2.64247826244 2.62315922252 2.60349883648 2.58350199924  
    2.56317119081 2.54251046817 2.52152340985 2.50021353431  
    2.4785847998 2.45664019677 2.4343836418 2.41181900307 2.38894935923  
    2.36577866854 2.34231066934 2.31854858278 2.29449608383  
    2.27015683169 2.24553456472 2.22063302127 2.19545549987  
    2.17000611127 2.14429158897 2.11831978045 2.0920986022  
    2.06563597074 2.03893914287 2.01201663602 1.98487538602  
    1.95752390898 1.9299696816 1.9022208403 1.87428464186 1.8461692227  
    1.8178822286 1.78943156871 1.76082499777 1.73207043227  
    1.70317534893 1.67414777419 1.64499568873 1.61572655155  
    1.58634823265 1.55686853858 1.52729527589 1.4976363611 1.4678995583  
    1.43809253945 1.40822306821 1.37829906107 1.34832832461  
    1.31831866537 1.28827773918 1.25821343427 1.22813362619  
    1.19804590162 
  TE = 1.74281001091 1.74213922022 1.7401510476 1.73688137506  
    1.73236632302 1.72664165543 1.71974372764 1.71170830752  
    1.70257139034 1.69236910726 1.68113744433 1.66891229077  
    1.65572976701 1.64162599347 1.62663674446 1.61079801097  
    1.59414600717 1.57671666463 1.55854596032 1.53966986675  
    1.52012456055 1.49994574635 1.47916972386 1.45783234544  
    1.43596957928 1.41361761093 1.39081237506 1.36758973726  
    1.34398591802 1.32003686801 1.29577854203 1.27124679676  
    1.24647794375 1.22150782056 1.19637239881 1.17110775393  
    1.14574996288 1.120334995 1.09489868859 1.06947728339 1.04410673697  
    1.01882278017 0.993661787999 0.968659657171 0.94385235913  
    0.919275850722 0.894966205251 0.870959398289 0.847291503988  
    0.823998413645 0.801116287708 0.778673508433 0.756668704914  
    0.735092936429 0.713937148698 0.693192566087 0.672850256  
    0.652901098903 0.633336273282 0.61414689802 0.595323905093  
    0.576858367857 0.558741518471 0.540964237399 0.523517643522  
    0.506392915328 0.489580853759 0.47307279456 0.456859600116  
    0.440932478717 0.42528237043 0.409900483546 0.394777728309  
    0.379905222179 0.365274085535 0.350875258446 0.336699919398  
    0.322739097867 0.308983793527 0.295425145907 0.282054231502  
    0.268861982371 0.255839636606 0.242978089572 0.230268579361  
    0.217702031134 0.205269518308 0.192962160587 0.180771002346  
    0.168687073062 0.156701476715 0.144805268744 0.13298948585  
    0.121245198879 0.109563474559 0.0979353796176 0.0863519882346  
    0.0748043241288 0.0632834952104 0.0517805291102 0.0402865037322 
  TI = 2.47925496101 2.47656774512 2.46872687296 2.45606279275  
    2.43890619108 2.41758752041 2.39243721603 2.36378622145  
    2.33196472528 2.29730368943 2.26013374898 2.22078513859  
    2.17958878346 2.13687489352 2.092974427 2.04821780027 2.00293563174  
    1.957458385 1.91211691745 1.86724172962 1.82316316471 1.7801733931  
    1.73833465084 1.69762517697 1.6580227404 1.61950600147  
    1.58205231483 1.54564014948 1.51024687706 1.4758513883  
    1.44243065469 1.40996373463 1.37842784089 1.34780124807  
    1.31806219672 1.28918848726 1.26115814821 1.23394931641  
    1.20753954601 1.18190726006 1.15703035862 1.13288723572  
    1.10945507837 1.08671249562 1.06463741738 1.04320762025  
    1.02240134996 1.00219666721 0.982571402302 0.963503736302  
    0.944971323013 0.926952404719 0.909425046846 0.892367374427  
    0.875757252587 0.85957225082 0.843791190526 0.828391481482  
    0.813351487139 0.798648915297 0.784261975857 0.770168801245  
    0.756346947525 0.742774837753 0.729430358542 0.716291456112  
    0.70333621302 0.690542599932 0.677888640829 0.665352341536  
    0.652911707874 0.640544686063 0.628229534055 0.615943872512  
    0.603666078839 0.591373860836 0.579045462744 0.566658771178  
    0.55419179196 0.541622606201 0.52892912956 0.516089442473  
    0.503081550763 0.489883400649 0.476473087361 0.462828519992  
    0.448927810009 0.43474892465 0.420269869738 0.405468621295  
    0.390323244761 0.374823462313 0.358997610041 0.342881959373  
    0.326512630826 0.309925983337 0.293158167229 0.276245433951  
    0.259224000325 0.242130131947 0.225000008941 
  ZEFF = 1.30180097998 1.30178265349 1.30172897174 1.30164209231  
    1.30152402973 1.30137679906 1.30120243371 1.30100286305  
    1.30078011049 1.30053608776 1.30027277608 1.29999201769  
    1.29969591791 1.29938627414 1.29906507454 1.29873432633  
    1.29839586828 1.29805178793 1.29770398749 1.2973545775  
    1.29700549159 1.29665881505 1.29631664933 1.2959811932  
    1.29565441973 1.29533869771 1.29503618076 1.29474921699  
    1.29448012538 1.29423126981 1.29400515917 1.29380428113  
    1.29363130324 1.2934888422 1.29337963374 1.29330648668  
    1.29327247512 1.2932804683 1.29333372954 1.29343535469  
    1.29358880337 1.29379758857 1.29406525548 1.29439554666  
    1.29479245463 1.2952599756 1.29580233735 1.29642410271  
    1.29712970555 1.29792415864 1.29881237989 1.29979960688  
    1.3008914293 1.30209360823 1.30341224932 1.30485368407  
    1.30642455106 1.3081319863 1.30998329457 1.31198628403 1.3141492572  
    1.31648070899 1.31898983254 1.32168622781 1.32458020621  
    1.32768248346 1.33100438445 1.33455756508 1.33835413309  
    1.34240692867 1.34672969091 1.35133680592 1.35624363692  
    1.3614665577 1.36702284539 1.37293110356 1.3792108234 1.38588309034  
    1.39297026742 1.40049609115 1.40848571486 1.41688379385  
    1.42545168256 1.43391089013 1.44196345881 1.44929011046  
    1.45554810034 1.46036895023 1.45552057112 1.45440795109  
    1.44675184094 1.43190768616 1.40941665604 1.37911036378  
    1.34124586615 1.29667399713 1.24703369878 1.19493880994  
    1.14406483199 1.09935289759 1.06517916975 
  OMEGA = 81093.4296875 81063.968749 80976.6406201 80832.9999888  
    80634.6406052 80383.117208 80080.0077688 79726.8750112  
    79325.3124242 78876.8595431 78383.1094517 77845.6327793  
    77265.9920268 76645.7653202 75986.5156654 75289.8285507  
    74557.2575445 73790.3829525 72990.7740204 72159.9997985  
    71299.648698 70411.280659 69496.4530145 68556.7503969 67593.7416651  
    66609.0 65604.1005954 64580.6065759 63540.0899687 62484.1241131  
    61414.2825326 60332.1291655 59239.249215 58137.2006688  
    57027.5550854 55911.8860524 54791.7711356 53668.7817858  
    52544.4799327 51420.4397996 50298.2389491 49179.441007  
    48065.6157312 46958.3406328 45859.1872391 44769.7213643  
    43691.5165193 42626.1483114 41575.1824748 40540.1923849 39522.75  
    38524.4248391 37546.7911255 36591.4152699 35659.873065  
    34753.7276264 33874.5587999 33023.9408088 32203.4361576  
    31414.6190695 30659.0603526 29938.3310824 29254.0081295  
    28607.6520453 28000.839005 27433.6842397 26903.1185342  
    26405.6218986 25937.6839189 25495.7928662 25076.4350586  
    24676.0987673 24291.2725679 23918.4382029 23554.0882357  
    23194.7070312 22836.7828608 22476.8039956 22111.2567538  
    21736.6277703 21349.4047679 20946.0743172 20523.1266426  
    20077.0422027 19604.3190344 19101.4328784 18564.8796995  
    17991.1428611 17376.7067281 16718.0693374 16011.7033351  
    15254.1085015 14441.7621449 13571.1588472 12638.7819967  
    11641.1218179 10574.6607225 9435.89105831 8221.31195156  
    6937.03200395 5615.64160156 
  J_OH = 1.65452342927 1.65791445083 1.65434486064 1.63072983924  
    1.59612639929 1.5753527675 1.57344701073 1.57766567505  
    1.58023767231 1.58291500428 1.58611765353 1.58859905605  
    1.58993887648 1.58982245301 1.58701375253 1.58142230047  
    1.57264703699 1.56033479279 1.5440154277 1.52324975348  
    1.49758828603 1.46729559724 1.43260263284 1.39310026184  
    1.3493282782 1.30158179243 1.25020126847 1.19587199797  
    1.13923051681 1.08117535824 1.02224575778 0.9635067142  
    0.905914026913 0.850298114385 0.79711892775 0.747118976343  
    0.700515518949 0.657683058523 0.618430756744 0.582752832794  
    0.550481887651 0.521253137654 0.49479605505 0.470850954507  
    0.449183750757 0.429519328612 0.411609682068 0.395276890748  
    0.380409575088 0.366825944697 0.354450337183 0.34317648252  
    0.332905577674 0.323567197332 0.315086511602 0.307417526715  
    0.300502485619 0.294260360798 0.288655455857 0.283658891392  
    0.279192671276 0.275197668908 0.27161517004 0.268408069362  
    0.265429210142 0.262660301226 0.260005405721 0.257368516518  
    0.254635669655 0.251761552453 0.248648744196 0.245220007072  
    0.241409414215 0.237169668192 0.23246090767 0.22725765789  
    0.221546870878 0.215356143701 0.208703564463 0.201624011277  
    0.194166200028 0.186390415218 0.178364765542 0.170159797814  
    0.161836026239 0.153454104146 0.145054680288 0.136779274867  
    0.128666874408 0.120574084554 0.112576432741 0.104775939188  
    0.0971238183376 0.0895585508762 0.0819980055776 0.0743408322534  
    0.0664543604111 0.0581975472534 0.0496062624232 0.0402322142989  
    0.0409062374716 
  J_BS = 0.0 0.00155392371018 0.00698133109076 0.016326017179  
    0.0262866555758 0.0336303160338 0.0378475580294 0.0408037724345  
    0.0436043355823 0.0460854059417 0.0481821756056 0.0499533616127  
    0.0514282788228 0.0527044252073 0.0538179833224 0.0547100338565  
    0.0553679614295 0.0558283361652 0.0560936011302 0.0562003094435  
    0.0562127361324 0.0561375795715 0.0560328710524 0.0559745798182  
    0.0559403742556 0.0559088400864 0.0559208866209 0.0559743092029  
    0.0560453601813 0.0561549583771 0.0563095006973 0.0564767713533  
    0.0566619002094 0.0568727775529 0.0570950289544 0.0573287565986  
    0.0575571703985 0.0577686508331 0.0579657307446 0.0581337734634  
    0.0582651117243 0.058358999999 0.058404285675 0.058397085577  
    0.0583356077377 0.0582155043196 0.0580364513555 0.0577928183728  
    0.0574824730203 0.0571054400211 0.05666364187 0.0561801580526  
    0.0556784379455 0.0551634008012 0.0546362902278 0.0540940495467  
    0.0535374700726 0.0529707555001 0.0523908033086 0.0517967055594  
    0.0511917549221 0.0505768800278 0.0499503106874 0.0493112652916  
    0.0486608320055 0.0479998344776 0.0473272534843 0.0466422163621  
    0.0459446521353 0.0452346258267 0.044512383726 0.0437775221594  
    0.0430299162869 0.0422687919618 0.0414938679515 0.0407053237075  
    0.0399015371009 0.0390797796839 0.0382385643536 0.0373765096325  
    0.0364869043618 0.0355575934559 0.0345809890068 0.0335565870727  
    0.0324852161955 0.0313668954995 0.0302011516246 0.0288157144748  
    0.0275495807442 0.0263562030801 0.0249100227503 0.0234361054638  
    0.0219248515305 0.0203718544002 0.0187692613613 0.0171008865941  
    0.0153249057778 0.0134534031518 0.0114143212934 0.00963720584563  
    0.0082635264806 
  J_NB = 0.0434043500568 0.0459978429362 0.0537783215745  
    0.0603212824986 0.0655579789289 0.0684035174208 0.0698212494498  
    0.0704617253076 0.0710206365572 0.0711971310912 0.0709022640902  
    0.0703724239394 0.0696450947746 0.0684964920131 0.0672409639791  
    0.0658857388934 0.064733736274 0.0634740181376 0.0621157403593  
    0.060735372003 0.0593076271044 0.0578913881159 0.0564274616046  
    0.0548797165865 0.0529624284944 0.0510877043225 0.0492662442033  
    0.0472522389875 0.0451500915871 0.042802584062 0.0406173923554  
    0.0385985488501 0.0365324509328 0.0344901338565 0.0328688871689  
    0.0313274992262 0.0300576917485 0.0288201453564 0.0276654613489  
    0.0265243839698 0.0253277028088 0.0241651034068 0.02311768997  
    0.0221024277477 0.0210174503043 0.0199398411213 0.0189411117316  
    0.0180370938378 0.0171679042847 0.0163727371419 0.0156136659325  
    0.0148892630303 0.014206766202 0.0135491756662 0.0129024437228  
    0.012264495206 0.0116517963558 0.0110876121709 0.0105706730457  
    0.0100704703681 0.00958276711373 0.00910238169893 0.00863731845508  
    0.00818280839838 0.00782897911394 0.00748724687363 0.00714967837664  
    0.00684379347895 0.00659962673488 0.0063497069716 0.00609509701903  
    0.00584270634056 0.00559482794796 0.00534406159975 0.00509149898512  
    0.00484464525824 0.00461587164029 0.00438632165042 0.00415695925632  
    0.00392874015905 0.00370518309321 0.00348529756956 0.0032688130307  
    0.00305650619344 0.0028507875497 0.00264589759645 0.00244694691755  
    0.00225479094352 0.00206883635408 0.00189094685207 0.00171393751211  
    0.00153893264515 0.00137314700684 0.00121605174906 0.00106557152452  
    0.000921342087091 0.000783648613058 0.000654236973106  
    0.000533061155862 0.000413864043862 0.000289640968981 
  J_EC = 0.0 0.0 0.0 0.0 0.0 0.0 0.0 0.0 0.0 0.0 0.0 0.0 0.0 0.0 0.0  
    0.0 0.0 0.0 0.0 0.0 0.0 0.0 0.0 0.0 0.0 0.0 0.0 0.0 0.0 0.0 0.0 0.0  
    0.0 0.0 0.0 0.0 0.0 0.0 0.0 0.0 0.0 0.0 0.0 0.0 0.0 0.0 0.0 0.0 0.0  
    0.0 0.0 0.0 0.0 0.0 0.0 0.0 0.0 0.0 0.0 0.0 0.0 0.0 0.0 0.0 0.0 0.0  
    0.0 0.0 0.0 0.0 0.0 0.0 0.0 0.0 0.0 0.0 0.0 0.0 0.0 0.0 0.0 0.0 0.0  
    0.0 0.0 0.0 0.0 0.0 0.0 0.0 0.0 0.0 0.0 0.0 0.0 0.0 0.0 0.0 0.0 0.0  
    0.0 
  J_IC = 0.0 0.0 0.0 0.0 0.0 0.0 0.0 0.0 0.0 0.0 0.0 0.0 0.0 0.0 0.0  
    0.0 0.0 0.0 0.0 0.0 0.0 0.0 0.0 0.0 0.0 0.0 0.0 0.0 0.0 0.0 0.0 0.0  
    0.0 0.0 0.0 0.0 0.0 0.0 0.0 0.0 0.0 0.0 0.0 0.0 0.0 0.0 0.0 0.0 0.0  
    0.0 0.0 0.0 0.0 0.0 0.0 0.0 0.0 0.0 0.0 0.0 0.0 0.0 0.0 0.0 0.0 0.0  
    0.0 0.0 0.0 0.0 0.0 0.0 0.0 0.0 0.0 0.0 0.0 0.0 0.0 0.0 0.0 0.0 0.0  
    0.0 0.0 0.0 0.0 0.0 0.0 0.0 0.0 0.0 0.0 0.0 0.0 0.0 0.0 0.0 0.0 0.0  
    0.0 
  PE_NB = 0.105693305107 0.105717065961 0.105812179759 0.105741348813  
    0.105600308553 0.105384641737 0.105063605682 0.104627772404  
    0.104093322904 0.103470003629 0.102765613196 0.101980073971  
    0.101111769554 0.10015158468 0.0991230566905 0.0980278272939  
    0.0968644940027 0.0956313179781 0.0943315121851 0.0929524412951  
    0.0915246639544 0.0900710363626 0.0885627843856 0.0870134331953  
    0.085450293895 0.0838423539978 0.082195579455 0.0805502391977  
    0.0788929232764 0.0772163053185 0.0755531007577 0.0739066500628  
    0.0722471467694 0.070592997481 0.068957056685 0.0673409911556  
    0.0657526019215 0.0641884362175 0.0626499905166 0.0611404915055  
    0.0596608179486 0.0582134089943 0.0568012888706 0.055422455249  
    0.0540741341949 0.0527582378318 0.0514761109029 0.0502272058913  
    0.0490085598169 0.0478193823301 0.0466571166538 0.0455187520066  
    0.0444018358673 0.0433083314906 0.0422386590796 0.0411915343284  
    0.0401633167323 0.0391517906175 0.0381554937934 0.0371738152207  
    0.0362058528365 0.0352508340681 0.0343059319367 0.0333697873517  
    0.0324398332765 0.0315093270726 0.0305928465862 0.0296825719962  
    0.0287783624523 0.0278798591137 0.0269871489418 0.0261005286055  
    0.0252205287318 0.0243478968551 0.0234836112036 0.0226289231412  
    0.0217852528979 0.0209539260692 0.0201366253927 0.0193352224215  
    0.0185516651335 0.0177882533386 0.0170471982988 0.0163302162865  
    0.0156398532576 0.014978923482 0.0143492732357 0.0137532626847  
    0.0131942463824 0.0126733384317 0.0121939105431 0.0117586631465  
    0.0113692879594 0.0110243941525 0.0107215801506 0.0104598981856  
    0.0102451276833 0.01010500904 0.0100502016969 0.0100024981314  
    0.00969566087015 
  PE_EC = 0.0 0.0 0.0 0.0 0.0 0.0 0.0 0.0 0.0 0.0 0.0 0.0 0.0 0.0 0.0  
    0.0 0.0 0.0 0.0 0.0 0.0 0.0 0.0 0.0 0.0 0.0 0.0 0.0 0.0 0.0 0.0 0.0  
    0.0 0.0 0.0 0.0 0.0 0.0 0.0 0.0 0.0 0.0 0.0 0.0 0.0 0.0 0.0 0.0 0.0  
    0.0 0.0 0.0 0.0 0.0 0.0 0.0 0.0 0.0 0.0 0.0 0.0 0.0 0.0 0.0 0.0 0.0  
    0.0 0.0 0.0 0.0 0.0 0.0 0.0 0.0 0.0 0.0 0.0 0.0 0.0 0.0 0.0 0.0 0.0  
    0.0 0.0 0.0 0.0 0.0 0.0 0.0 0.0 0.0 0.0 0.0 0.0 0.0 0.0 0.0 0.0 0.0  
    0.0 
  PE_IC = 0.0 0.0 0.0 0.0 0.0 0.0 0.0 0.0 0.0 0.0 0.0 0.0 0.0 0.0 0.0  
    0.0 0.0 0.0 0.0 0.0 0.0 0.0 0.0 0.0 0.0 0.0 0.0 0.0 0.0 0.0 0.0 0.0  
    0.0 0.0 0.0 0.0 0.0 0.0 0.0 0.0 0.0 0.0 0.0 0.0 0.0 0.0 0.0 0.0 0.0  
    0.0 0.0 0.0 0.0 0.0 0.0 0.0 0.0 0.0 0.0 0.0 0.0 0.0 0.0 0.0 0.0 0.0  
    0.0 0.0 0.0 0.0 0.0 0.0 0.0 0.0 0.0 0.0 0.0 0.0 0.0 0.0 0.0 0.0 0.0  
    0.0 0.0 0.0 0.0 0.0 0.0 0.0 0.0 0.0 0.0 0.0 0.0 0.0 0.0 0.0 0.0 0.0  
    0.0 
  PE_FUS = 0.0 0.0 0.0 0.0 0.0 0.0 0.0 0.0 0.0 0.0 0.0 0.0 0.0 0.0 0.0  
    0.0 0.0 0.0 0.0 0.0 0.0 0.0 0.0 0.0 0.0 0.0 0.0 0.0 0.0 0.0 0.0 0.0  
    0.0 0.0 0.0 0.0 0.0 0.0 0.0 0.0 0.0 0.0 0.0 0.0 0.0 0.0 0.0 0.0 0.0  
    0.0 0.0 0.0 0.0 0.0 0.0 0.0 0.0 0.0 0.0 0.0 0.0 0.0 0.0 0.0 0.0 0.0  
    0.0 0.0 0.0 0.0 0.0 0.0 0.0 0.0 0.0 0.0 0.0 0.0 0.0 0.0 0.0 0.0 0.0  
    0.0 0.0 0.0 0.0 0.0 0.0 0.0 0.0 0.0 0.0 0.0 0.0 0.0 0.0 0.0 0.0 0.0  
    0.0 
  PE_IONIZATION = 0.0 0.0 0.0 0.0 0.0 0.0 0.0 0.0 0.0 0.0 0.0 0.0 0.0  
    0.0 0.0 0.0 0.0 0.0 0.0 0.0 0.0 0.0 0.0 0.0 0.0 0.0 0.0 0.0 0.0 0.0  
    0.0 0.0 0.0 0.0 0.0 0.0 0.0 0.0 0.0 0.0 0.0 0.0 0.0 0.0 0.0 0.0 0.0  
    0.0 0.0 0.0 0.0 0.0 0.0 0.0 0.0 0.0 0.0 0.0 0.0 0.0 0.0 0.0 0.0 0.0  
    0.0 0.0 0.0 0.0 0.0 0.0 0.0 0.0 0.0 0.0 0.0 0.0 0.0 0.0 0.0 0.0 0.0  
    0.0 0.0 0.0 0.0 0.0 0.0 0.0 0.0 0.0 0.0 0.0 0.0 0.0 0.0 0.0 0.0 0.0  
    0.0 0.0 0.0 
  P_RAD = -70.0258986823 -4.84132796544 60.3432427515 125.527806962  
    219.018903976 330.535514337 471.346775206 629.975520668  
    813.588124217 1019.03396484 1241.17856424 1482.5061967  
    1744.44675602 2021.59121964 2317.39344185 2628.73889001  
    2955.93884922 3298.23624832 3654.36464061 4024.57428902  
    4408.64306739 4803.9436119 5212.00978682 5631.53561437  
    6061.99250001 6502.95529931 6953.98281147 7414.79555421  
    7883.96241477 8362.12318925 8848.42402845 9342.49479424  
    9843.90878731 10352.0209953 10866.6982883 11387.500844  
    11913.9878343 12445.7483267 12982.4646118 13523.7673827  
    14069.2521282 14618.6050186 15171.4476672 15727.4314883  
    16286.2455125 16847.4898708 17410.8793731 17976.0555322  
    18542.6921298 19110.4629305 19679.0262597 20248.0633456  
    20817.2477806 21386.2475618 21954.7384914 22522.3934791  
    23088.8622106 23653.866773 24217.0117474 24778.0154906  
    25336.5016452 25892.1504626 26444.6079516 26993.5271877  
    27538.555651 28079.3352258 28615.5083461 29146.6710638  
    29672.5310655 30192.5978077 30706.5896473 31214.0253665  
    31714.5215064 32207.6792892 32693.08164 33170.2510715 33638.7958946  
    34098.2162399 34548.0644627 34987.8642165 35417.1208751  
    35835.3281875 36241.9713626 36636.4983056 37018.3681128  
    37387.0228033 37741.8811041 38082.3289984 38407.7285929  
    38717.5128711 39010.8909797 39275.6856198 39452.2104784  
    39469.4820968 39258.1384915 38743.8256215 37856.0954692  
    36521.1593695 34671.7957802 32227.1329298 29114.8855501 
  PI_NB = 0.250181850348 0.250139130246 0.249957839971 0.249223748422  
    0.248145215834 0.246625854767 0.244750243242 0.242524330548  
    0.239945212752 0.237017923149 0.233752622736 0.230168642603  
    0.226288392814 0.222145367739 0.217734766913 0.213079694419  
    0.208209433856 0.2031495179 0.197923534325 0.192577464275  
    0.187105716185 0.181512444659 0.175855271933 0.170147550634  
    0.164387620838 0.158634789128 0.152908478007 0.147192626069  
    0.141523662166 0.135930616219 0.130401510606 0.124952015949  
    0.119628756779 0.114429226203 0.109354235227 0.104414695175  
    0.0996138351875 0.0949628738093 0.0904672598231 0.0861288844369  
    0.0819501893111 0.0779312200193 0.0740697606815 0.0703670372435  
    0.0668240106866 0.0634357807457 0.0601970323164 0.0571035594356  
    0.0541529555509 0.0513400258467 0.0486606740128 0.0461110051853  
    0.0436863632498 0.0413777805672 0.0391777142031 0.0370802743135  
    0.0350819019587 0.0331778527016 0.0313628979342 0.0296312949322  
    0.0279778987111 0.0263978185403 0.0248885652308 0.023446628898  
    0.0220700563989 0.0207621832652 0.0195039428011 0.0183006489946  
    0.0171499130869 0.0160499688856 0.014998945517 0.0139951839354  
    0.0130372215967 0.0121237820839 0.0112537329816 0.01042601078  
    0.00963955718501 0.00889356379767 0.00818713636602 0.00751942874829  
    0.00688971939742 0.00629709258103 0.00574056596028 0.00521946041967  
    0.00473223157709 0.00427708514411 0.00385328376001 0.00345953375144  
    0.0030936589088 0.00275606814773 0.0024445202683 0.00215753502348  
    0.00189265517966 0.00164748426615 0.00141974410452 0.00120739404322  
    0.00101153564322 0.00083654924635 0.000682450513818  
    0.000526960246994 0.000351177857925 
  PI_EC = 0.0 0.0 0.0 0.0 0.0 0.0 0.0 0.0 0.0 0.0 0.0 0.0 0.0 0.0 0.0  
    0.0 0.0 0.0 0.0 0.0 0.0 0.0 0.0 0.0 0.0 0.0 0.0 0.0 0.0 0.0 0.0 0.0  
    0.0 0.0 0.0 0.0 0.0 0.0 0.0 0.0 0.0 0.0 0.0 0.0 0.0 0.0 0.0 0.0 0.0  
    0.0 0.0 0.0 0.0 0.0 0.0 0.0 0.0 0.0 0.0 0.0 0.0 0.0 0.0 0.0 0.0 0.0  
    0.0 0.0 0.0 0.0 0.0 0.0 0.0 0.0 0.0 0.0 0.0 0.0 0.0 0.0 0.0 0.0 0.0  
    0.0 0.0 0.0 0.0 0.0 0.0 0.0 0.0 0.0 0.0 0.0 0.0 0.0 0.0 0.0 0.0 0.0  
    0.0 
  PI_IC = 0.0 0.0 0.0 0.0 0.0 0.0 0.0 0.0 0.0 0.0 0.0 0.0 0.0 0.0 0.0  
    0.0 0.0 0.0 0.0 0.0 0.0 0.0 0.0 0.0 0.0 0.0 0.0 0.0 0.0 0.0 0.0 0.0  
    0.0 0.0 0.0 0.0 0.0 0.0 0.0 0.0 0.0 0.0 0.0 0.0 0.0 0.0 0.0 0.0 0.0  
    0.0 0.0 0.0 0.0 0.0 0.0 0.0 0.0 0.0 0.0 0.0 0.0 0.0 0.0 0.0 0.0 0.0  
    0.0 0.0 0.0 0.0 0.0 0.0 0.0 0.0 0.0 0.0 0.0 0.0 0.0 0.0 0.0 0.0 0.0  
    0.0 0.0 0.0 0.0 0.0 0.0 0.0 0.0 0.0 0.0 0.0 0.0 0.0 0.0 0.0 0.0 0.0  
    0.0 
  PI_FUS = 0.0 0.0 0.0 0.0 0.0 0.0 0.0 0.0 0.0 0.0 0.0 0.0 0.0 0.0 0.0  
    0.0 0.0 0.0 0.0 0.0 0.0 0.0 0.0 0.0 0.0 0.0 0.0 0.0 0.0 0.0 0.0 0.0  
    0.0 0.0 0.0 0.0 0.0 0.0 0.0 0.0 0.0 0.0 0.0 0.0 0.0 0.0 0.0 0.0 0.0  
    0.0 0.0 0.0 0.0 0.0 0.0 0.0 0.0 0.0 0.0 0.0 0.0 0.0 0.0 0.0 0.0 0.0  
    0.0 0.0 0.0 0.0 0.0 0.0 0.0 0.0 0.0 0.0 0.0 0.0 0.0 0.0 0.0 0.0 0.0  
    0.0 0.0 0.0 0.0 0.0 0.0 0.0 0.0 0.0 0.0 0.0 0.0 0.0 0.0 0.0 0.0 0.0  
    0.0 
  PI_IONIZATION = 0.0 0.0 0.0 0.0 0.0 0.0 0.0 0.0 0.0 0.0 0.0 0.0 0.0  
    0.0 0.0 0.0 0.0 0.0 0.0 0.0 0.0 0.0 0.0 0.0 0.0 0.0 0.0 0.0 0.0 0.0  
    0.0 0.0 0.0 0.0 0.0 0.0 0.0 0.0 0.0 0.0 0.0 0.0 0.0 0.0 0.0 0.0 0.0  
    0.0 0.0 0.0 0.0 0.0 0.0 0.0 0.0 0.0 0.0 0.0 0.0 0.0 0.0 0.0 0.0 0.0  
    0.0 0.0 0.0 0.0 0.0 0.0 0.0 0.0 0.0 0.0 0.0 0.0 0.0 0.0 0.0 0.0 0.0  
    0.0 0.0 0.0 0.0 0.0 0.0 0.0 0.0 0.0 0.0 0.0 0.0 0.0 0.0 0.0 0.0 0.0  
    0.0 0.0 0.0 
  PI_CX = 0.0 0.0 0.0 0.0 0.0 0.0 0.0 0.0 0.0 0.0 0.0 0.0 0.0 0.0 0.0  
    0.0 0.0 0.0 0.0 0.0 0.0 0.0 0.0 0.0 0.0 0.0 0.0 0.0 0.0 0.0 0.0 0.0  
    0.0 0.0 0.0 0.0 0.0 0.0 0.0 0.0 0.0 0.0 0.0 0.0 0.0 0.0 0.0 0.0 0.0  
    0.0 0.0 0.0 0.0 0.0 0.0 0.0 0.0 0.0 0.0 0.0 0.0 0.0 0.0 0.0 0.0 0.0  
    0.0 0.0 0.0 0.0 0.0 0.0 0.0 0.0 0.0 0.0 0.0 0.0 0.0 0.0 0.0 0.0 0.0  
    0.0 0.0 0.0 0.0 0.0 0.0 0.0 0.0 0.0 0.0 0.0 0.0 0.0 0.0 0.0 0.0 0.0  
    0.0 
  P_OHM = 0.0 0.0 0.0 0.0 0.0 0.0 0.0 0.0 0.0 0.0 0.0 0.0 0.0 0.0 0.0  
    0.0 0.0 0.0 0.0 0.0 0.0 0.0 0.0 0.0 0.0 0.0 0.0 0.0 0.0 0.0 0.0 0.0  
    0.0 0.0 0.0 0.0 0.0 0.0 0.0 0.0 0.0 0.0 0.0 0.0 0.0 0.0 0.0 0.0 0.0  
    0.0 0.0 0.0 0.0 0.0 0.0 0.0 0.0 0.0 0.0 0.0 0.0 0.0 0.0 0.0 0.0 0.0  
    0.0 0.0 0.0 0.0 0.0 0.0 0.0 0.0 0.0 0.0 0.0 0.0 0.0 0.0 0.0 0.0 0.0  
    0.0 0.0 0.0 0.0 0.0 0.0 0.0 0.0 0.0 0.0 0.0 0.0 0.0 0.0 0.0 0.0 0.0  
    0.0 
  P_EI = 0.0 0.0 0.0 0.0 0.0 0.0 0.0 0.0 0.0 0.0 0.0 0.0 0.0 0.0 0.0  
    0.0 0.0 0.0 0.0 0.0 0.0 0.0 0.0 0.0 0.0 0.0 0.0 0.0 0.0 0.0 0.0 0.0  
    0.0 0.0 0.0 0.0 0.0 0.0 0.0 0.0 0.0 0.0 0.0 0.0 0.0 0.0 0.0 0.0 0.0  
    0.0 0.0 0.0 0.0 0.0 0.0 0.0 0.0 0.0 0.0 0.0 0.0 0.0 0.0 0.0 0.0 0.0  
    0.0 0.0 0.0 0.0 0.0 0.0 0.0 0.0 0.0 0.0 0.0 0.0 0.0 0.0 0.0 0.0 0.0  
    0.0 0.0 0.0 0.0 0.0 0.0 0.0 0.0 0.0 0.0 0.0 0.0 0.0 0.0 0.0 0.0 0.0  
    0.0 
  TORQUE_NB = 0.0266695638967 0.026640434905 0.0265149215362  
    0.0264011956079 0.0262889084328 0.0260530978536 0.0258521748823  
    0.0257056673412 0.0255210329431 0.0252923048136 0.0250010673615  
    0.0246760949574 0.0243255682341 0.0239868137547 0.0235924015628  
    0.023148930279 0.0226873427252 0.0222018787404 0.0216918250551  
    0.0212386276125 0.0207657583291 0.0202284963268 0.0197086035334  
    0.0191865535776 0.0185935654341 0.0180504596109 0.0175588128603  
    0.0170168323619 0.0164773922423 0.0159793755741 0.0154369788732  
    0.0148539204745 0.0143428121902 0.0138607691424 0.0133749219872  
    0.0128975084961 0.01241785535 0.0119527195702 0.0115092730212  
    0.0110789531789 0.0106596321135 0.0102542725287 0.00985696395464  
    0.00947409635203 0.00911802256208 0.00877941746882 0.00844874031996  
    0.00812321156898 0.00781060224232 0.00750723156002 0.00721570561049  
    0.0069402608087 0.00668879901367 0.00644658908844 0.00620477949649  
    0.00596174996446 0.00572806896647 0.00550728410723 0.00529892412946  
    0.00509756144627 0.00489899626939 0.00469825680282 0.00450425529245  
    0.00431666784006 0.00414739179421 0.00398383781013 0.00382453442465  
    0.0036684674595 0.0035145161266 0.00336451859668 0.0032183453515  
    0.00307587908097 0.00293704931803 0.002801853113 0.00267028919132  
    0.00254196429496 0.00241618626713 0.00229429689072 0.00217635697143  
    0.00206244586745 0.00195358296181 0.00184914605449 0.00174891948741  
    0.00165295645669 0.00156123457282 0.00147373619354 0.00139066246527  
    0.00131210235315 0.00123804125827 0.00116871581719 0.00110436100392  
    0.0010449898089 0.000990181783889 0.000939366692417  
    0.000892071224436 0.000847828011747 0.000807461556616  
    0.000774431113709 0.000750526521602 0.000722559988297  
    0.000664346475848 
  TORQUE_IN = 0.0 0.0 0.0 0.0 0.0 0.0 0.0 0.0 0.0 0.0 0.0 0.0 0.0 0.0  
    0.0 0.0 0.0 0.0 0.0 0.0 0.0 0.0 0.0 0.0 0.0 0.0 0.0 0.0 0.0 0.0 0.0  
    0.0 0.0 0.0 0.0 0.0 0.0 0.0 0.0 0.0 0.0 0.0 0.0 0.0 0.0 0.0 0.0 0.0  
    0.0 0.0 0.0 0.0 0.0 0.0 0.0 0.0 0.0 0.0 0.0 0.0 0.0 0.0 0.0 0.0 0.0  
    0.0 0.0 0.0 0.0 0.0 0.0 0.0 0.0 0.0 0.0 0.0 0.0 0.0 0.0 0.0 0.0 0.0  
    0.0 0.0 0.0 0.0 0.0 0.0 0.0 0.0 0.0 0.0 0.0 0.0 0.0 0.0 0.0 0.0 0.0  
    0.0 0.0 
  SE_NB = 0.0 0.0 0.0 0.0 0.0 0.0 0.0 0.0 0.0 0.0 0.0 0.0 0.0 0.0 0.0  
    0.0 0.0 0.0 0.0 0.0 0.0 0.0 0.0 0.0 0.0 0.0 0.0 0.0 0.0 0.0 0.0 0.0  
    0.0 0.0 0.0 0.0 0.0 0.0 0.0 0.0 0.0 0.0 0.0 0.0 0.0 0.0 0.0 0.0 0.0  
    0.0 0.0 0.0 0.0 0.0 0.0 0.0 0.0 0.0 0.0 0.0 0.0 0.0 0.0 0.0 0.0 0.0  
    0.0 0.0 0.0 0.0 0.0 0.0 0.0 0.0 0.0 0.0 0.0 0.0 0.0 0.0 0.0 0.0 0.0  
    0.0 0.0 0.0 0.0 0.0 0.0 0.0 0.0 0.0 0.0 0.0 0.0 0.0 0.0 0.0 0.0 0.0  
    0.0 
  SE_IONIZATION = 0.0 0.0 0.0 0.0 0.0 0.0 0.0 0.0 0.0 0.0 0.0 0.0 0.0  
    0.0 0.0 0.0 0.0 0.0 0.0 0.0 0.0 0.0 0.0 0.0 0.0 0.0 0.0 0.0 0.0 0.0  
    0.0 0.0 0.0 0.0 0.0 0.0 0.0 0.0 0.0 0.0 0.0 0.0 0.0 0.0 0.0 0.0 0.0  
    0.0 0.0 0.0 0.0 0.0 0.0 0.0 0.0 0.0 0.0 0.0 0.0 0.0 0.0 0.0 0.0 0.0  
    0.0 0.0 0.0 0.0 0.0 0.0 0.0 0.0 0.0 0.0 0.0 0.0 0.0 0.0 0.0 0.0 0.0  
    0.0 0.0 0.0 0.0 0.0 0.0 0.0 0.0 0.0 0.0 0.0 0.0 0.0 0.0 0.0 0.0 0.0  
    0.0 0.0 0.0 
  SI_NB = 0.0 0.0 0.0 0.0 0.0 0.0 0.0 0.0 0.0 0.0 0.0 0.0 0.0 0.0 0.0  
    0.0 0.0 0.0 0.0 0.0 0.0 0.0 0.0 0.0 0.0 0.0 0.0 0.0 0.0 0.0 0.0 0.0  
    0.0 0.0 0.0 0.0 0.0 0.0 0.0 0.0 0.0 0.0 0.0 0.0 0.0 0.0 0.0 0.0 0.0  
    0.0 0.0 0.0 0.0 0.0 0.0 0.0 0.0 0.0 0.0 0.0 0.0 0.0 0.0 0.0 0.0 0.0  
    0.0 0.0 0.0 0.0 0.0 0.0 0.0 0.0 0.0 0.0 0.0 0.0 0.0 0.0 0.0 0.0 0.0  
    0.0 0.0 0.0 0.0 0.0 0.0 0.0 0.0 0.0 0.0 0.0 0.0 0.0 0.0 0.0 0.0 0.0  
    0.0 
  SI_IONIZATION = 0.0 0.0 0.0 0.0 0.0 0.0 0.0 0.0 0.0 0.0 0.0 0.0 0.0  
    0.0 0.0 0.0 0.0 0.0 0.0 0.0 0.0 0.0 0.0 0.0 0.0 0.0 0.0 0.0 0.0 0.0  
    0.0 0.0 0.0 0.0 0.0 0.0 0.0 0.0 0.0 0.0 0.0 0.0 0.0 0.0 0.0 0.0 0.0  
    0.0 0.0 0.0 0.0 0.0 0.0 0.0 0.0 0.0 0.0 0.0 0.0 0.0 0.0 0.0 0.0 0.0  
    0.0 0.0 0.0 0.0 0.0 0.0 0.0 0.0 0.0 0.0 0.0 0.0 0.0 0.0 0.0 0.0 0.0  
    0.0 0.0 0.0 0.0 0.0 0.0 0.0 0.0 0.0 0.0 0.0 0.0 0.0 0.0 0.0 0.0 0.0  
    0.0 0.0 0.0 
  Q = -1.08923921926 -1.08630684869 -1.07750973699 -1.07332935594  
    -1.07705156395 -1.08360627342 -1.08768129525 -1.08859438764  
    -1.08816724134 -1.08715548822 -1.08575120278 -1.08425727562  
    -1.08158968338 -1.08065343476 -1.07993370855 -1.07982294261  
    -1.08035757912 -1.08156269567 -1.08363772981 -1.08692850239  
    -1.09144119595 -1.09731271963 -1.1045941916 -1.11341716499  
    -1.12391482015 -1.13617678241 -1.15029990134 -1.16638746624  
    -1.18451603863 -1.20477459102 -1.22722590464 -1.25190612073  
    -1.27883157218 -1.30802642252 -1.33945688211 -1.37307650421  
    -1.40884462892 -1.44664946364 -1.48637736628 -1.52795928195  
    -1.57128662523 -1.61629723614 -1.66293109332 -1.71111226778  
    -1.76080682406 -1.81197949739 -1.86459367615 -1.91862888293  
    -1.97406405571 -2.03088233399 -2.08907646908 -2.1486335648  
    -2.20954905463 -2.27181525497 -2.33542711929 -2.40038527693  
    -2.46668571907 -2.53432682445 -2.60330898284 -2.67362906156  
    -2.74529374712 -2.81831072366 -2.89269358233 -2.96845920153  
    -3.04562477973 -3.12421929078 -3.20428667978 -3.2858812541  
    -3.36906741183 -3.45392770008 -3.54056827122 -3.62911061512  
    -3.71969586339 -3.81248988997 -3.90767423881 -4.00546280625  
    -4.10608082616 -4.20979354048 -4.31688051189 -4.42766828321  
    -4.5425095427 -4.66180792695 -4.78602487419 -4.91568403395  
    -5.05139544275 -5.19387037805 -5.34395270903 -5.5026634479  
    -5.67129808658 -5.85134565644 -6.04503162669 -6.25511473675  
    -6.48515388009 -6.74008249027 -7.02689115105 -7.35837099753  
    -7.75598966406 -8.17338366771 -9.14207352636 -9.80647857284  
    -30.0082335479 
  PSIPOL = -0.381830934236 -0.381776106602 -0.381610728442  
    -0.381333706271 -0.380946039519 -0.380450023031 -0.379846651545  
    -0.379135114492 -0.378314256366 -0.37738332167 -0.376341701227  
    -0.375188900279 -0.373923855196 -0.372546566109 -0.371057961358  
    -0.369458491851 -0.367749066166 -0.365930835066 -0.364005348622  
    -0.361974891129 -0.359842367598 -0.357611141159 -0.355285070691  
    -0.352868501435 -0.350366338149 -0.347783978358 -0.345127236339  
    -0.342402311714 -0.339615710418 -0.336774165604 -0.333884554317  
    -0.330953766633 -0.327988585366 -0.324995613098 -0.321981164767  
    -0.318951150187 -0.315911044377 -0.31286580827 -0.309819818146  
    -0.306776931116 -0.30374051632 -0.300713489255 -0.297698388185  
    -0.294697388943 -0.2917123555 -0.288744900192 -0.285796402148  
    -0.282868038702 -0.279960814984 -0.277075581648 -0.274213058368  
    -0.27137384842 -0.268558450837 -0.265767273412 -0.263000640812  
    -0.260258807259 -0.257541963825 -0.254850243163 -0.252183727521  
    -0.249542452978 -0.246926417009 -0.244335587454 -0.241769908389  
    -0.2392293063 -0.236713693041 -0.234222971767 -0.231757047716  
    -0.229315836715 -0.226899270358 -0.224507302818 -0.222139920869  
    -0.219797151022 -0.217479063657 -0.215185778726 -0.212917468686  
    -0.210674362123 -0.208456744791 -0.206264961141 -0.204099415356  
    -0.201960572229 -0.199848959321 -0.19776516762 -0.19570985698  
    -0.193683760505 -0.191687690905 -0.189722549759 -0.187789339221  
    -0.185889179493 -0.184023339634 -0.182193256335 -0.180400604493  
    -0.178647386014 -0.176935979098 -0.175269244514 -0.173650697609  
    -0.172085014912 -0.170578871068 -0.169134828643 -0.167789527868  
    -0.166549791952 -0.165750037945 
  DENSITY_BEAM = 0.234489594201 0.234472205593 0.234448439802  
    0.233840003097 0.2328837515 0.231588167289 0.229897477366  
    0.227800069138 0.225379538134 0.22264453214 0.219619607914  
    0.216303796038 0.212711900059 0.208845642376 0.204757244875  
    0.20046405528 0.195971976116 0.191309772238 0.186501392168  
    0.181526177179 0.176443567967 0.171293380514 0.166067691194  
    0.160794996991 0.155523042979 0.150221490126 0.144910496285  
    0.139646350335 0.134426736984 0.129254548466 0.124173921514  
    0.119195113021 0.114293206653 0.109493538197 0.104816910344  
    0.100265410164 0.0958463618995 0.0915621916088 0.0874143655274  
    0.0834092666565 0.0795507473296 0.075836740319 0.0722674533255  
    0.0688413122766 0.0655540156442 0.0624053939136 0.0593946468069  
    0.0565188606817 0.0537723789416 0.0511515224908 0.0486519461409  
    0.0462685915116 0.0439949022351 0.0418267846384 0.0397592558631  
    0.0377866462712 0.0359024283115 0.0341011361678 0.0323779571004  
    0.0307287119458 0.0291494615264 0.0276365736402 0.0261854043227  
    0.02479256468 0.0234539271328 0.0221678892752 0.0209320897743  
    0.0197443872624 0.0186028750789 0.0175056817211 0.0164512552015  
    0.0154382757585 0.0144655977577 0.0135322568788 0.0126374477902  
    0.0117805233232 0.0109609006752 0.0101779131442 0.00943104811309  
    0.00871985174922 0.00804384726586 0.00740264467492 0.00679569728556  
    0.00622227530965 0.00568161199744 0.00517288204582 0.00469516383289  
    0.00424746542677 0.00382927862413 0.00343855086542 0.0030746948938  
    0.00273626105231 0.00242116801853 0.00212650083862 0.00184943423467  
    0.00158784702052 0.00134226661582 0.00111669060219  
    0.000910498835982 0.000704200022366 0.000480446811555 
  WBEAM = 0.00955409363718 0.00955260483124 0.00954813841342  
    0.00952027631437 0.00947799194731 0.00942214852942 0.00934893630957  
    0.00925785156003 0.00915096461178 0.00903022123023 0.00889711483368  
    0.00875216813676 0.00859566845925 0.00842700859047 0.00824958233027  
    0.00806404752519 0.00787069522684 0.00766970808609 0.00746190958244  
    0.00724646557039 0.00702728364212 0.00680727990897 0.00658346308447  
    0.0063577157163 0.00613326135324 0.00590708264022 0.00568012385135  
    0.00545676490611 0.00523574061674 0.00501647639962 0.00480230330446  
    0.00459354679255 0.00438745015244 0.0041858306219 0.00398984487492  
    0.00379965617713 0.00361594208679 0.00343829116173 0.00326678179295  
    0.00310159254812 0.00294268946543 0.00279020918109 0.00264429522271  
    0.0025046849197 0.00237109409206 0.00224356944733 0.00212210331336  
    0.00200656166769 0.00189667398705 0.00179231841365 0.00169325500973  
    0.00159921347727 0.00150985604277 0.0014251010464 0.00134478193525  
    0.00126864859344 0.00119634157967 0.00112760285941 0.00106223037861  
    0.00100007597448 0.000940981955091 0.00088480386668  
    0.000831317769204 0.000780380417849 0.000731788858797  
    0.000685334785849 0.000641254443735 0.000599283019281  
    0.000559334036437 0.000521315720909 0.000485152824343  
    0.000450777418396 0.000418127338204 0.000387146558984  
    0.000357783323903 0.000329991016865 0.000303725880432  
    0.000278939810303 0.000255590724773 0.000233638100426  
    0.00021303991261 0.000193757983225 0.000175750855219  
    0.000158969393231 0.000143370839424 0.000128914223261  
    0.000115544903025 0.000103211921569 9.18686116439e-05  
    8.14505315504e-05 7.19059855554e-05 6.31758909436e-05  
    5.51942026786e-05 4.7880990436e-05 4.11594931462e-05  
    3.49666028907e-05 2.92655759903e-05 2.40677119235e-05  
    1.93100459421e-05 1.47963466117e-05 1.02881902387e-05 
  DENSITY_ALPHA = 0.0 0.0 0.0 0.0 0.0 0.0 0.0 0.0 0.0 0.0 0.0 0.0 0.0  
    0.0 0.0 0.0 0.0 0.0 0.0 0.0 0.0 0.0 0.0 0.0 0.0 0.0 0.0 0.0 0.0 0.0  
    0.0 0.0 0.0 0.0 0.0 0.0 0.0 0.0 0.0 0.0 0.0 0.0 0.0 0.0 0.0 0.0 0.0  
    0.0 0.0 0.0 0.0 0.0 0.0 0.0 0.0 0.0 0.0 0.0 0.0 0.0 0.0 0.0 0.0 0.0  
    0.0 0.0 0.0 0.0 0.0 0.0 0.0 0.0 0.0 0.0 0.0 0.0 0.0 0.0 0.0 0.0 0.0  
    0.0 0.0 0.0 0.0 0.0 0.0 0.0 0.0 0.0 0.0 0.0 0.0 0.0 0.0 0.0 0.0 0.0  
    0.0 0.0 0.0 
  WALPHA = 0.0 0.0 0.0 0.0 0.0 0.0 0.0 0.0 0.0 0.0 0.0 0.0 0.0 0.0 0.0  
    0.0 0.0 0.0 0.0 0.0 0.0 0.0 0.0 0.0 0.0 0.0 0.0 0.0 0.0 0.0 0.0 0.0  
    0.0 0.0 0.0 0.0 0.0 0.0 0.0 0.0 0.0 0.0 0.0 0.0 0.0 0.0 0.0 0.0 0.0  
    0.0 0.0 0.0 0.0 0.0 0.0 0.0 0.0 0.0 0.0 0.0 0.0 0.0 0.0 0.0 0.0 0.0  
    0.0 0.0 0.0 0.0 0.0 0.0 0.0 0.0 0.0 0.0 0.0 0.0 0.0 0.0 0.0 0.0 0.0  
    0.0 0.0 0.0 0.0 0.0 0.0 0.0 0.0 0.0 0.0 0.0 0.0 0.0 0.0 0.0 0.0 0.0  
    0.0 
  CHIE = 0.790399780332 0.802193314392 0.814631775777 0.826721917726  
    0.838599525953 0.8512825763 0.865053125744 0.879692198171  
    0.894868626651 0.910487374473 0.926537825264 0.943008704829  
    0.959896022021 0.977132579324 0.994670492278 1.01248644556  
    1.03051576839 1.04869189819 1.06691998269 1.08512141748  
    1.1032056435 1.12116195486 1.13889198654 1.15631896524  
    1.17340958178 1.19008882828 1.20630904162 1.22210497179  
    1.23749296356 1.25253151795 1.26732583873 1.28204916617  
    1.29683496943 1.31188956174 1.32744071089 1.34372838014  
    1.36099743668 1.37949295026 1.39948523523 1.42121608343  
    1.44493184869 1.4709347853 1.49947786882 1.53086056536  
    1.56539672044 1.60344190073 1.6453768154 1.69164160677  
    1.74271533915 1.79917964977 1.86103882845 1.92632549966  
    1.99461959198 2.06609957301 2.14099492642 2.21950567935  
    2.30183445592 2.38824917361 2.4789931165 2.5743065559 2.67448626633  
    2.77985171126 2.89065785313 3.00726510588 3.13001882317  
    3.25919369307 3.39526255813 3.53850664002 3.68938382395  
    3.84823306445 4.01553049924 4.1916247053 4.37700910284  
    4.57214612541 4.77746024546 4.99353941957 5.22088181237  
    5.46006765755 5.71180262422 5.97678805919 6.2557691628  
    6.54981026512 6.85979798737 7.18711910039 7.53301085617  
    7.89921005032 8.28770734577 8.70079309633 9.14108161002  
    9.61208817806 10.117827181 10.6635026599 11.256170538 11.9053360681  
    12.6242474983 13.4318297611 14.3531640895 15.449181437  
    16.7837603522 19.3067984529 0.0 
  CHII = 0.169688730635 0.17497045087 0.181257235298 0.187941915968  
    0.195163069765 0.202977741141 0.211412386265 0.220498726429  
    0.230321308687 0.240957837931 0.25250076124 0.265057393377  
    0.278757165205 0.293757318443 0.310244937776 0.328458209368  
    0.348687405457 0.371303824427 0.3967632993 0.42565916755  
    0.458382279236 0.493124630747 0.529060926553 0.566181394041  
    0.604499675125 0.643985974426 0.684661298171 0.726516970252  
    0.769586506165 0.81383746418 0.859337462931 0.906046991996  
    0.953993343403 1.00318697802 1.05361909508 1.10529135725  
    1.1581959202 1.21228400222 1.2675599666 1.3239612568 1.38146255599  
    1.4399245978 1.49934554666 1.55958164115 1.62049489296  
    1.68197634714 1.74384684465 1.80589120693 1.867919141 1.92962987992  
    1.99080473471 2.05112011913 2.11024065446 2.16775357869  
    2.22319477233 2.27627497317 2.32629794782 2.37286763602  
    2.41531625551 2.45312919004 2.48567948127 2.51223091053  
    2.53229713999 2.5451414641 2.55014935265 2.54677021773  
    2.53442399483 2.51261938712 2.48090643882 2.43890352811 2.386289275  
    2.32288969226 2.24842925577 2.16297377442 2.06640304974  
    1.95888210048 1.84048110751 1.71139514148 1.57183687282  
    1.42199830708 1.26209093953 1.09223630162 0.912498542584  
    0.72289430252 0.523334685122 0.313639132717 0.0934675189573  
    -0.137630060609 -0.380044822986 -0.634941482129 -0.903837281347  
    -1.19153778931 -1.50357391764 -1.84685686024 -2.23104617619  
    -2.66997786659 -3.18269180029 -3.80150234909 -4.56896848521  
    -5.83635495901 0.0 
  J_TOT = 1.69792778089 1.70546621902 1.71510451476 1.70737714014  
    1.68797103473 1.67738660166 1.6811158188 1.68893117332  
    1.69486264493 1.70019754175 1.70520209361 1.70892484194  
    1.71101225036 1.71102337046 1.7080727 1.70201807332 1.69274873472  
    1.67963714706 1.66222476908 1.64018543475 1.61310864902  
    1.58132456462 1.54506296513 1.50395455782 1.45823108049  
    1.40857833634 1.35538839878 1.29909854565 1.24042596809  
    1.18013290023 1.11917265044 1.05858203409 0.999108377836  
    0.941661025671 0.887082843842 0.83577523222 0.788130381217  
    0.744271854884 0.704061949044 0.667410990453 0.634074702418  
    0.603777241293 0.576318030924 0.551350468052 0.52853680901  
    0.507674674256 0.488587245351 0.471106803149 0.45505995258  
    0.440304122046 0.426727645174 0.414245903796 0.402790782021  
    0.392279774008 0.38262524577 0.373776071697 0.365691752288  
    0.35831872872 0.351616932472 0.345526067588 0.339967193584  
    0.334876930906 0.330202799447 0.325902143304 0.321919021492  
    0.318147382779 0.314482337746 0.310854526477 0.307179948589  
    0.303345885255 0.299256224879 0.294840235442 0.290034158253  
    0.284782521493 0.27904627429 0.272807626491 0.26606427922  
    0.258822244615 0.251099087645 0.242929260649 0.234358287087  
    0.225433305881 0.216214567261 0.206772890814 0.197172029774  
    0.187466897089 0.177702778732 0.167849780239 0.158285291506  
    0.148821234525 0.139200393074 0.129750977391 0.120421816985  
    0.111146457145 0.101832838585 0.0923630610527 0.0825629149128  
    0.0723051874825 0.061553644976 0.0502832842586 0.0494594049597 
  P_EQ = 25888.6532 25872.7141827 25824.9626231 25745.5954485  
    25634.9424837 25493.4688862 25321.7784344 25120.6178748  
    24890.8794468 24633.6087367 24350.0045931 24041.4172013  
    23709.3423084 23355.4201118 22981.3715689 22589.0306039  
    22180.3170361 21757.1906826 21321.6209062 20875.5536845  
    20420.8804167 19959.4080825 19492.8133178 19022.6366918  
    18550.286094 18076.9905123 17603.8613076 17131.8584237  
    16661.8648547 16194.6833221 15731.0905971 15271.8780267  
    14817.8737215 14369.9683576 13929.0999555 13496.102371  
    13071.6399237 12656.2234772 12250.2315368 11853.9284688  
    11467.478288 11090.9595364 10724.3784646 10367.6799634  
    10020.7621759 9683.48481754 9355.67726617 9037.14543645  
    8727.67907587 8427.05988569 8135.0649184 7851.46758195 7576.0420071  
    7308.56469438 7048.81245735 6796.56287499 6551.59983069  
    6313.70859635 6082.67763246 5858.303424 5640.38268256 5428.72049016  
    5223.12610788 5023.41306128 4829.40272458 4640.91845573  
    4457.79329934 4279.86051517 4106.95778479 3938.91777705  
    3775.57653949 3616.77039795 3462.33764551 3312.12403213  
    3165.97526379 3023.74806714 2885.30351321 2750.50676787  
    2619.23502234 2491.36814631 2366.79085298 2245.3975485  
    2127.09154077 2011.78020236 1899.37982863 1789.81664128  
    1683.03015637 1578.97433858 1477.67910567 1379.32395537  
    1284.23801845 1192.85808309 1105.70369256 1022.96427321  
    943.744003495 866.102043944 787.176161545 704.832170934  
    615.036522015 515.135803112 416.020608064 
  NBDRY = 88 
  RBDRY = 1.06964177 1.07255875 1.07722638 1.0808326 1.08601721  
    1.09234375 1.09975644 1.10824143 1.11890625 1.1321875 1.14672633  
    1.1659253 1.1853125 1.20855207 1.23075501 1.25644072 1.26116269  
    1.30484375 1.3446875 1.38453125 1.424375 1.46421875 1.5040625  
    1.54390625 1.58375 1.62359375 1.6634375 1.70328125 1.73499198  
    1.7696875 1.80953125 1.849375 1.87781828 1.91578125 1.95294961  
    1.9821875 2.0195483 2.04859375 2.07661056 2.10915393 2.1377882  
    2.16281932 2.1844733 2.20796875 2.22399474 2.23707942 2.24101725  
    2.23390934 2.21912431 2.19777778 2.18027579 2.15484375 2.12828125  
    2.10171875 2.07515625 2.04859375 2.01434168 1.9821875 1.94976187  
    1.91578125 1.8759375 1.84327449 1.80953125 1.7696875 1.72984375  
    1.69 1.64496434 1.59703125 1.5571875 1.5040625 1.4509375 1.40788342  
    1.35796875 1.318125 1.28595307 1.25171875 1.22515625 1.19859375  
    1.17215365 1.15581059 1.1349647 1.11890625 1.105625 1.09234375  
    1.0790625 1.07246325 1.06950615 1.06964177 
  ZBDRY = -0.025 0.075 0.175 0.25 0.35 0.443138445 0.525 0.6  
    0.677406863 0.755622001 0.825 0.9 0.963345562 1.025 1.075  
    1.12838733 1.13783142 1.11335963 1.09061574 1.06754547 1.04378145  
    1.01925151 0.993844953 0.967435398 0.939948837 0.911414955  
    0.881628043 0.850633759 0.825 0.796305765 0.762190769 0.726510902  
    0.7 0.663212566 0.625 0.5934374 0.55 0.513429478 0.475 0.425 0.375  
    0.325 0.275 0.208721357 0.15 0.075 -0.025 -0.1 -0.175 -0.25 -0.3  
    -0.362875293 -0.419619815 -0.46953934 -0.514000594 -0.553960719  
    -0.6 -0.639150475 -0.675 -0.709807464 -0.746994443 -0.775  
    -0.801953548 -0.830732953 -0.856393088 -0.878839315 -0.9  
    -0.917928258 -0.928408024 -0.93561448 -0.934029779 -0.925  
    -0.904814173 -0.878935834 -0.85 -0.809489481 -0.768467301  
    -0.716481613 -0.65 -0.6 -0.525 -0.458180223 -0.395836914 -0.3233899  
    -0.22708692 -0.15 -0.05 -0.025 
  NLIM = 85 
  RLIM = 1.016 1.016 1.016 1.016 1.016 1.016 1.016 1.016 1.016 1.016  
    1.016 1.012 1.001 1.029 1.042 1.046 1.056 1.097 1.108 1.116 1.134  
    1.148 1.162 1.181 1.182 1.185 1.19 1.195 1.201 1.209 1.215 1.222  
    1.228 1.234 1.239 1.242 1.248 1.258 1.263 1.28 1.28 1.28 1.31 1.328  
    1.361 1.38 1.419 1.419 1.372 1.372 1.608 1.647 1.785 2.07 2.128  
    2.245 2.323 2.377 2.3625 2.364435 2.364969 2.365324 2.365121  
    2.364842 2.364334 2.3625 2.377 2.134 1.786 1.768 1.768 1.682 1.372  
    1.372 1.42 1.42 1.273 1.153 1.016 1.016 1.016 1.016 1.016 1.016  
    1.016 
  ZLIM = 0.0 0.964 0.968 1.001 1.019 1.077 1.07 1.096 1.113 1.138 1.147  
    1.165 1.217 1.217 1.1624 1.16238 1.1626 1.1645 1.16594 1.16591  
    1.16896 1.17175 1.17556 1.183 1.1835 1.185 1.188 1.191 1.196 1.202  
    1.208 1.214 1.221 1.231 1.238 1.244 1.254 1.278 1.29 1.331 1.347  
    1.348 1.348 1.348 1.348 1.348 1.348 1.31 1.31 1.292 1.095 1.077  
    1.077 1.04 0.993 0.709 0.519 0.389 0.4 0.222 0.133 0.044 -0.044  
    -0.133 -0.222 -0.4 -0.389 -0.973 -1.174 -1.211 -1.25 -1.25 -1.25  
    -1.329 -1.329 -1.363 -1.363 -1.363 -1.223 -1.223 -0.83 -0.8 -0.415  
    -0.4 -0.001 
/

