&INSTATE
  R0 = 6.2039282 
  B0 = 5.29664425 
  IP = -8.994525 
  N_ION = 1 
  Z_ION = 1.0 
  A_ION = 2.487354033458375 
  F_ION = 1.0 
  N_IMP = 2 
  Z_IMP = 18 4 
  A_IMP = 40 9 
  F_IMP = 0.5 0.5 
  NRHO = 51 
  RHO = 0.0 0.02 0.04 0.06 0.08 0.1 0.12 0.14 0.16 0.18 0.2 0.22 0.24  
    0.26 0.28 0.3 0.32 0.34 0.36 0.38 0.4 0.42 0.44 0.46 0.48 0.5 0.52  
    0.54 0.56 0.58 0.6 0.62 0.64 0.66 0.68 0.7 0.72 0.74 0.76 0.78 0.8  
    0.82 0.84 0.86 0.88 0.9 0.92 0.94 0.96 0.98 1.0 
  NE = 6.9999913861063146 6.9999913861063146 6.999881495306552  
    6.999966220336896 6.999829486114171 6.9998051594865665  
    6.999399987136645 6.9989746932512595 6.997902604811804  
    6.996469032273007 6.993777902738385 6.99010622832313  
    6.98424751453846 6.976328093883939 6.964816485346757  
    6.949661779151933 6.928914889546123 6.902418151429224  
    6.867856498617799 6.824749171495055 6.77078138869042  
    6.705287551710578 6.625980578595602 6.532542753377241  
    6.423043484051286 6.297975894080533 6.156358703615437  
    6.000208073549555 5.829981825591249 5.6497751090844766  
    5.461879141717493 5.2723978663712945 5.085140229947568  
    4.907231044656454 4.742482127385889 4.597119468437027  
    4.4725125052750165 4.371670082680412 4.291546549946789  
    4.230727343110463 4.1817779213607 4.139923128134546  
    4.095360862255907 4.042091378405173 3.969460440819283  
    3.8701383365693367 3.730826221266332 3.539199064376204  
    3.2745507826268767 2.9143588136193026 2.4240556023494415 
  TE = 36.59197829624395 36.59197829624395 36.50308754125989  
    36.423142531719336 36.2495258689527 36.0800177096272  
    35.81210143598686 35.54310755889426 35.16766476649886  
    34.78105860151433 34.275831628348755 33.74463872068513  
    33.07654190868077 32.3610979181902 31.485443018881483  
    30.540163086455614 29.418308037613947 28.22372806752321  
    26.871332742528104 25.495734687630957 24.04704845482427  
    22.68094824217505 21.298219854001154 20.019881992057698  
    18.74134130666561 17.580101486004843 16.428427532929604  
    15.401682254867623 14.379372685331965 13.440977899881485  
    12.45624314335544 11.569302055147467 10.68473588593686  
    9.932397360363318 9.191800708135254 8.578651679280785  
    7.9676941624660245 7.464768521850395 6.945757553237833  
    6.532021695089805 6.097846048420486 5.76350399294137  
    5.406613007937366 5.146573966142656 4.85927088701604  
    4.663098206537281 4.434605805489213 3.8166121933778765  
    1.0837633214334543 1.3478919804891505 -0.46704213015439033 
  TI = 35.63359808353398 35.63359808353398 35.52668941897974  
    35.43173584613224 35.22501912726375 35.0253946730129  
    34.70896995903702 34.396657757176584 33.96013676763589  
    33.519000580529436 32.94493567662619 32.35780031671038  
    31.628485504502024 30.874681145767312 29.967934575216475  
    29.02713100775192 27.927194511440824 26.794076442378078  
    25.515476390662023 24.23781260771066 22.876001143378787  
    21.595055055359417 20.26712600084199 19.030386493171  
    17.757337205057375 16.586255998471913 15.388243171346534  
    14.30101169363834 13.201902958143325 12.25384305888526  
    11.3376511233996 10.563165347454738 9.781944982744786  
    9.113470749124115 8.426328844172005 7.850341287633327  
    7.255514760603386 6.778442747700927 6.28724677375452  
    5.906489284121488 5.505253889962908 5.2084751159463725  
    4.883032084565073 4.654330823956117 4.3911216563455024  
    4.219131276460233 4.00758823700394 3.447033411628219  
    0.9335867233952904 1.210130131354079 -0.4927420076425858 
  ZEFF = 2.647496658383292 2.647496658383292 2.6482653915639442  
    2.6481120283698054 2.6484478712183437 2.647836389121621  
    2.6478987880107194 2.6470810005620997 2.6469515248875473  
    2.6458866557579466 2.645522803578115 2.6441723309089307  
    2.6434435460497046 2.6416737165671336 2.6404170086283285  
    2.6379709622578327 2.636009421396013 2.6327345526176007  
    2.629882395959698 2.625729007445595 2.622019543442864  
    2.61719452212614 2.6130930702386888 2.607931271867855  
    2.6035801377651575 2.5982655037885785 2.593930646300005  
    2.5888819514062833 2.585024675471532 2.5805805961997104  
    2.5774975733962178 2.5737907482877027 2.5713426510104753  
    2.5681357559753106 2.56609031642009 2.5632356554276132  
    2.5616012825222114 2.5591773549533947 2.5581287245673954  
    2.5563486259733734 2.5560468146501796 2.555024576654839  
    2.555494768308593 2.5552019905837904 2.5564133823997173  
    2.556916351336307 2.5591136118672875 2.5609300386900475  
    2.5647983044626166 2.5707010465345688 2.581459259371467 
  OMEGA = 12933.212890094106 12933.212890094106 12919.562479819459  
    12899.722686179426 12858.295117517995 12803.869260883705  
    12721.819720200627 12621.763178423891 12489.235169474934  
    12334.021187998565 12141.721501878379 11922.23760739007  
    11660.985675922911 11366.666667827089 11024.550813588598  
    10643.104362616567 10207.861955528813 9729.71002199758  
    9199.303423324909 8636.507827221703 8046.459751854214  
    7461.701978840731 6871.163237250545 6295.108893895735  
    5721.8817015409895 5170.660281134435 4627.73631557451  
    4111.238817666304 3610.4352404754964 3155.5798362378364  
    2738.1456872917024 2363.8780768149672 2010.7107635047778  
    1688.7919314446303 1383.6908107077575 1109.6544103084857  
    851.801584348693 626.5555413504226 418.0068365792649  
    237.71091822969106 70.78606329264602 -70.78606329264602  
    70.78606329264602 -70.78606329264602 70.78606329264602  
    -70.78606329264602 70.78606329264602 -70.78606329264602  
    70.78606329264602 -70.78606329264602 70.78606329264602 
  J_TOT = 0.38702834900285926 0.38829868989705507 0.39195771449910843  
    0.39854110573899265 0.40993543476323563 0.42857332266145143  
    0.45861107650612226 0.5009496932777724 0.5464157767260913  
    0.585976500064003 0.622024460587107 0.6615325780009215  
    0.7073289410757629 0.7566928590623931 0.8018136615874701  
    0.8344459164614938 0.8538032800222323 0.8617556970857574  
    0.8480828268062962 0.8082982188575488 0.7602043058671291  
    0.7129064900511585 0.6657637491046441 0.6287502700448381  
    0.6029212907559907 0.5813913155577064 0.5665921428239222  
    0.5620191427058128 0.5613979204655348 0.5435264452757494  
    0.4912841426099421 0.4178477984827448 0.34462002187007795  
    0.28063779643612624 0.243278947417629 0.25568030289110816  
    0.30385726956190445 0.33924885920145337 0.3430491046610087  
    0.3340817229743694 0.32508047790759087 0.3146364163443369  
    0.30067026616117687 0.2844005680561985 0.26578374886777173  
    0.2378767426281915 0.19538306640820274 0.14699043266146666  
    0.1006275511777332 0.055873780423492135 0.033862624214053956 
  J_OH = 0.0 0.0 0.0 0.0 0.0 0.0 0.0 0.0 0.0 0.0 0.0 0.0 0.0 0.0 0.0  
    0.0 0.0 0.0 0.0 0.0 0.0 0.0 0.0 0.0 0.0 0.0 0.0 0.0 0.0 0.0 0.0 0.0  
    0.0 0.0 0.0 0.0 0.0 0.0 0.0 0.0 0.0 0.0 0.0 0.0 0.0 0.0 0.0 0.0 0.0  
    0.0 0.0 
  J_BS = 0.0 0.0 0.0 0.0 0.0 0.0 0.0 0.0 0.0 0.0 0.0 0.0 0.0 0.0 0.0  
    0.0 0.0 0.0 0.0 0.0 0.0 0.0 0.0 0.0 0.0 0.0 0.0 0.0 0.0 0.0 0.0 0.0  
    0.0 0.0 0.0 0.0 0.0 0.0 0.0 0.0 0.0 0.0 0.0 0.0 0.0 0.0 0.0 0.0 0.0  
    0.0 0.0 
  J_NB = 0.09356875545055228 0.11991423594179947 0.1751787511833136  
    0.23135337229795733 0.2837593836426653 0.33166239330754266  
    0.3710271857269129 0.399507214940735 0.4197303603076448  
    0.4337340664558636 0.443249633399971 0.4501359591825029  
    0.455628879101446 0.4600390838414193 0.4632962459178079  
    0.46498159615210466 0.4633405721102848 0.45684960387647117  
    0.44311430127255325 0.41795633912964536 0.3814504659404052  
    0.34099068120588094 0.30304811742386406 0.2688597642522399  
    0.23880539093352326 0.21267963537801537 0.1892246716676592  
    0.16727430314927083 0.1462935216546645 0.12586475013644557  
    0.10590905224926235 0.08697981806486024 0.06961374563581976  
    0.05413852191903125 0.040992353301588784 0.030301401614066213  
    0.02200257511376702 0.016048326743345397 0.012146071889710864  
    0.009853384244772017 0.008793023975371477 0.008208549730806815  
    0.007370238317350183 0.0061503346801509125 0.00456391710760693  
    0.002682572089194713 0.0009020034426810696 -0.00025959008947838214  
    -0.0006310530429999605 -0.0003488991070917715  
    -7.273372119769606e-05 
  J_EC = 2.065593272913143e-23 -1.3877787807814456e-22  
    2.220446049250313e-22 -4.440892098500626e-22 0.0  
    6.0628430375536156e-05 0.0008408773964157637 0.003065423291807153  
    0.006869043383843912 0.013219643290826191 0.023914883531229125  
    0.04029404604808661 0.06258742934097952 0.0888676939938801  
    0.11414603572503397 0.13169385953204213 0.13566002272687078  
    0.12401327792309214 0.10028512148983881 0.07174961121922799  
    0.04571470973387007 0.02597797965683957 0.013120431271676497  
    0.005870575237637009 0.0021862224685460082 0.0005876294844319899  
    -4.525482797950525e-05 0.002556880836081259 0.03335370657892112  
    0.09403423948246109 0.12033510945863791 0.08119464741128905  
    0.028155786229854252 0.00379615847553744 -0.00024053441012334765  
    -0.000150191404736955 -6.343262854135008e-05 3.0094459595890342e-06  
    4.562280055466371e-05 6.980385113194286e-05 8.165048867441488e-05  
    8.324949326533753e-05 7.339270275884566e-05 4.531710273534347e-05  
    -1.4407676907801114e-05 -0.0001086197996130604  
    -0.0002041896503974388 -0.00024585370755381695  
    -0.00020980458550636058 -0.0001181725815509413  
    -6.316966999424406e-05 
  J_IC = 0.0 0.0 0.0 0.0 0.0 0.0 0.0 0.0 0.0 0.0 0.0 0.0 0.0 0.0 0.0  
    0.0 0.0 0.0 0.0 0.0 0.0 0.0 0.0 0.0 0.0 0.0 0.0 0.0 0.0 0.0 0.0 0.0  
    0.0 0.0 0.0 0.0 0.0 0.0 0.0 0.0 0.0 0.0 0.0 0.0 0.0 0.0 0.0 0.0 0.0  
    0.0 0.0 
  J_LH = 0.0 0.0 0.0 0.0 0.0 0.0 0.0 0.0 0.0 0.0 0.0 0.0 0.0 0.0 0.0  
    0.0 0.0 0.0 0.0 0.0 0.0 0.0 0.0 0.0 0.0 0.0 0.0 0.0 0.0 0.0 0.0 0.0  
    0.0 0.0 0.0 0.0 0.0 0.0 0.0 0.0 0.0 0.0 0.0 0.0 0.0 0.0 0.0 0.0 0.0  
    0.0 0.0 
  PE_NB = 0.014979294208670038 0.016417415001698504  
    0.019436935352352715 0.0225172228597666 0.025408896838573326  
    0.02806599032849792 0.030254827224869423 0.03184348293199691  
    0.0330367674856954 0.03404107972757257 0.03496476075309445  
    0.03586551445905232 0.036782092215285285 0.0377578779971021  
    0.03885010513307568 0.04003860856835755 0.041152611209594916  
    0.04204540764895211 0.0425338469659703 0.04231549529850855  
    0.04134044905595478 0.03989895134694915 0.03824805566772517  
    0.036555877665203 0.035034100579368954 0.03373438205543041  
    0.032460123884243075 0.031031142922851477 0.02947482793889465  
    0.027902191162353106 0.026347764217971897 0.02470896232685  
    0.022887189028213104 0.02093999596850862 0.0190068028243463  
    0.0171582568365089 0.015426794322536028 0.013844339451981755  
    0.012370475522600847 0.010920241098955728 0.00944745618219472  
    0.007934626700113193 0.006369834662706038 0.004834506357272671  
    0.0034863781572626843 0.0024046106708826764 0.001601510419988377  
    0.0010865041383127784 0.0008562612918427877 0.0009073616804189866  
    0.0010030623308032284 
  PE_EC = -2.237726045655905e-23 2.220446049250313e-22  
    -7.771561172376096e-22 2.886579864025407e-21  
    -1.0658141036401503e-20 3.822068486203909e-05 0.0005363741408022317  
    0.0019465543989219904 0.00429157833886468 0.00807893890927635  
    0.014293455250385532 0.023566853295980118 0.03583926097450301  
    0.049839924362962994 0.06281354224944474 0.07118391533391304  
    0.07206868590814333 0.06484876287969644 0.05174729369756294  
    0.03673408295836027 0.02336670321951804 0.013487702110692277  
    0.0072202470913864305 0.0037085360719787013 0.001944398942467077  
    0.001108736853079548 0.0007069204502117746 0.006090471489882671  
    0.06360839125036806 0.17432966421314935 0.21787138021771432  
    0.14361016730020412 0.04878495155331599 0.0065390232208319965  
    2.9802350203158367e-05 1.8486123671468813e-05 1.138871826077766e-05  
    6.9734906730732825e-06 4.236988128157494e-06 2.5634665589052145e-06  
    1.5468876545886797e-06 9.306072772112319e-07 5.625867696841889e-07  
    3.4464113402977133e-07 2.119085347975039e-07 1.2445991164608628e-07  
    5.4301979467405726e-08 1.0272117312780971e-08 1.189167553609112e-10  
    1.8422101951548475e-19 0.0 
  PE_IC = 0.0 0.0 0.0 0.0 0.0 0.0 0.0 0.0 0.0 0.0 0.0 0.0 0.0 0.0 0.0  
    0.0 0.0 0.0 0.0 0.0 0.0 0.0 0.0 0.0 0.0 0.0 0.0 0.0 0.0 0.0 0.0 0.0  
    0.0 0.0 0.0 0.0 0.0 0.0 0.0 0.0 0.0 0.0 0.0 0.0 0.0 0.0 0.0 0.0 0.0  
    0.0 0.0 
  PE_LH = 0.0 0.0 0.0 0.0 0.0 0.0 0.0 0.0 0.0 0.0 0.0 0.0 0.0 0.0 0.0  
    0.0 0.0 0.0 0.0 0.0 0.0 0.0 0.0 0.0 0.0 0.0 0.0 0.0 0.0 0.0 0.0 0.0  
    0.0 0.0 0.0 0.0 0.0 0.0 0.0 0.0 0.0 0.0 0.0 0.0 0.0 0.0 0.0 0.0 0.0  
    0.0 0.0 
  PE_FUS = 0.09832003010389175 0.09929243979635187 0.10133814899784567  
    0.10314878281626111 0.10423783757727179 0.10476705787866748  
    0.10506783044807982 0.1052935870793009 0.10554266015179026  
    0.10594379233590215 0.10650458899856735 0.10700840196307229  
    0.10728616473133148 0.10730058182810853 0.10698896365997147  
    0.10632242114084325 0.10524400135433325 0.10370560525492349  
    0.10164767216096103 0.09893283068840879 0.09552509277237102  
    0.09144980634150325 0.08671669517429083 0.08128785437367594  
    0.07506433991616009 0.06811874587712449 0.06097518347523165  
    0.05411107644037908 0.047551660262455574 0.04120525312525197  
    0.03507679659002498 0.029423286128569984 0.024480846673582204  
    0.02023872643003721 0.01662809300711996 0.01358913247766802  
    0.011051126261370146 0.008952993488501421 0.007236734650671869  
    0.005825072020893776 0.004664503126420813 0.003700263344036869  
    0.002881871603962627 0.002200148864362099 0.0016600127654252891  
    0.0012629001027449564 0.0010101725018530894 0.0009037614728121626  
    0.0009423226915156142 0.0011246629768617248 0.0012516992834180468 
  PE_IONIZATION = 0.0 0.0 0.0 0.0 0.0 0.0 0.0 0.0 0.0 0.0 0.0 0.0 0.0  
    0.0 0.0 0.0 0.0 0.0 0.0 0.0 0.0 0.0 0.0 0.0 0.0 0.0 0.0 0.0 0.0 0.0  
    0.0 0.0 0.0 0.0 0.0 0.0 0.0 0.0 0.0 0.0 0.0 0.0 0.0 0.0 0.0 0.0 0.0  
    0.0 0.0 0.0 0.0 
  P_RAD = 0.0 0.0 0.0 0.0 0.0 0.0 0.0 0.0 0.0 0.0 0.0 0.0 0.0 0.0 0.0  
    0.0 0.0 0.0 0.0 0.0 0.0 0.0 0.0 0.0 0.0 0.0 0.0 0.0 0.0 0.0 0.0 0.0  
    0.0 0.0 0.0 0.0 0.0 0.0 0.0 0.0 0.0 0.0 0.0 0.0 0.0 0.0 0.0 0.0 0.0  
    0.0 0.0 
  PI_NB = 0.04140472314558681 0.043487993598010276 0.04785884753524924  
    0.052183797039868696 0.05595919233520871 0.05917561829989074  
    0.061591043331842454 0.06305381481767841 0.06385984893625483  
    0.0642864934367655 0.06447404747743758 0.0644165892926176  
    0.06409734243800562 0.06353344489660002 0.06271572722241112  
    0.061612837201127646 0.060060614850950565 0.05791944925260628  
    0.05512649638053823 0.05156060546304317 0.04728801348075237  
    0.042775994286406854 0.03843320251854785 0.034370539152781064  
    0.030675488034226903 0.02736170575896305 0.024359391345563607  
    0.021605292253880103 0.019061893831162417 0.016698529119874714  
    0.014499756430866949 0.012477229583289713 0.010641400669628261  
    0.009000649630011721 0.007577253531460701 0.006371579427612559  
    0.005353393666451678 0.004495330485643504 0.0037669654723921846  
    0.00312447325757279 0.0025429985081984506 0.0020130119098214377  
    0.001526761822886018 0.0010936999664839927 0.0007357578019222149  
    0.0004611097274195563 0.00026007683206135263 0.00012298740423693624  
    4.6681237997985824e-05 3.0380784384531357e-05  
    3.7197563560370574e-05 
  PI_EC = 0.0 0.0 0.0 0.0 0.0 0.0 0.0 0.0 0.0 0.0 0.0 0.0 0.0 0.0 0.0  
    0.0 0.0 0.0 0.0 0.0 0.0 0.0 0.0 0.0 0.0 0.0 0.0 0.0 0.0 0.0 0.0 0.0  
    0.0 0.0 0.0 0.0 0.0 0.0 0.0 0.0 0.0 0.0 0.0 0.0 0.0 0.0 0.0 0.0 0.0  
    0.0 0.0 
  PI_IC = 0.0 0.0 0.0 0.0 0.0 0.0 0.0 0.0 0.0 0.0 0.0 0.0 0.0 0.0 0.0  
    0.0 0.0 0.0 0.0 0.0 0.0 0.0 0.0 0.0 0.0 0.0 0.0 0.0 0.0 0.0 0.0 0.0  
    0.0 0.0 0.0 0.0 0.0 0.0 0.0 0.0 0.0 0.0 0.0 0.0 0.0 0.0 0.0 0.0 0.0  
    0.0 0.0 
  PI_LH = 0.0 0.0 0.0 0.0 0.0 0.0 0.0 0.0 0.0 0.0 0.0 0.0 0.0 0.0 0.0  
    0.0 0.0 0.0 0.0 0.0 0.0 0.0 0.0 0.0 0.0 0.0 0.0 0.0 0.0 0.0 0.0 0.0  
    0.0 0.0 0.0 0.0 0.0 0.0 0.0 0.0 0.0 0.0 0.0 0.0 0.0 0.0 0.0 0.0 0.0  
    0.0 0.0 
  PI_FUS = 0.08993693471683664 0.090631538077401 0.09209318521601581  
    0.09331478466695527 0.09386732743401321 0.093883391067347  
    0.09359661549190008 0.09310630606653968 0.09247588955982478  
    0.09176078723322502 0.09096854757816414 0.08992838979230759  
    0.088499908828542 0.08661022833139331 0.08411445897774579  
    0.08098437762296362 0.07726383201517435 0.07298836582139795  
    0.0682065790310851 0.06294540047419082 0.05728825928304251  
    0.05152638782099034 0.04590964362478602 0.040449607565942736  
    0.035107860366443255 0.029906549018129225 0.025080609178542324  
    0.02084564976458973 0.01716025372316118 0.013907130756302205  
    0.011032340959628772 0.008589770981920963 0.006629764306867466  
    0.005098127095158704 0.0038966658701382376 0.002961555263718775  
    0.002240398994587856 0.0016862823050608012 0.0012686515677417123  
    0.0009509417628984758 0.0007100419495329495 0.0005278201970500171  
    0.00038756625789822014 0.000281072667513979 0.00019998452201782125  
    0.00013903210965180958 9.400079592133258e-05 6.0975748394415374e-05  
    3.8891609301371385e-05 2.752154414354702e-05 2.4498509384825534e-05 
  PI_IONIZATION = 0.0 0.0 0.0 0.0 0.0 0.0 0.0 0.0 0.0 0.0 0.0 0.0 0.0  
    0.0 0.0 0.0 0.0 0.0 0.0 0.0 0.0 0.0 0.0 0.0 0.0 0.0 0.0 0.0 0.0 0.0  
    0.0 0.0 0.0 0.0 0.0 0.0 0.0 0.0 0.0 0.0 0.0 0.0 0.0 0.0 0.0 0.0 0.0  
    0.0 0.0 0.0 0.0 
  PI_CX = 0.0 0.0 0.0 0.0 0.0 0.0 0.0 0.0 0.0 0.0 0.0 0.0 0.0 0.0 0.0  
    0.0 0.0 0.0 0.0 0.0 0.0 0.0 0.0 0.0 0.0 0.0 0.0 0.0 0.0 0.0 0.0 0.0  
    0.0 0.0 0.0 0.0 0.0 0.0 0.0 0.0 0.0 0.0 0.0 0.0 0.0 0.0 0.0 0.0 0.0  
    0.0 0.0 
  P_OHM = 0.0 0.0 0.0 0.0 0.0 0.0 0.0 0.0 0.0 0.0 0.0 0.0 0.0 0.0 0.0  
    0.0 0.0 0.0 0.0 0.0 0.0 0.0 0.0 0.0 0.0 0.0 0.0 0.0 0.0 0.0 0.0 0.0  
    0.0 0.0 0.0 0.0 0.0 0.0 0.0 0.0 0.0 0.0 0.0 0.0 0.0 0.0 0.0 0.0 0.0  
    0.0 0.0 
  P_EI = 0.0 0.0 0.0 0.0 0.0 0.0 0.0 0.0 0.0 0.0 0.0 0.0 0.0 0.0 0.0  
    0.0 0.0 0.0 0.0 0.0 0.0 0.0 0.0 0.0 0.0 0.0 0.0 0.0 0.0 0.0 0.0 0.0  
    0.0 0.0 0.0 0.0 0.0 0.0 0.0 0.0 0.0 0.0 0.0 0.0 0.0 0.0 0.0 0.0 0.0  
    0.0 0.0 
  TORQUE_NB = 0.026038892377672394 0.03178982508905422  
    0.04383694014553756 0.05577272242957709 0.06626610963087541  
    0.07533419670393329 0.08250387807977179 0.08746797248115615  
    0.0909972195764274 0.09383868282413574 0.096352387107841  
    0.09863618564545444 0.10074416132287337 0.10272947021225164  
    0.10462523088612884 0.10640469535527358 0.1078798207776463  
    0.10886343619478701 0.10854559983136812 0.10550369029105504  
    0.0995028527713688 0.09202435135929025 0.08438170719741206  
    0.07710749490254772 0.07074327068815701 0.06541807499841479  
    0.060672568461484576 0.05608345608245512 0.051571532693327156  
    0.04715555041008921 0.04286255035885381 0.03877843009148074  
    0.034977988712046146 0.03147208448753659 0.028271304950443995  
    0.02539144351504146 0.02293292475789763 0.02099616945849666  
    0.01950772790134728 0.01830471790014225 0.017251719857486324  
    0.016095705355907597 0.014599285330659737 0.012760486878955903  
    0.010655117420614155 0.008380785473208868 0.006220514133702859  
    0.004443203959390448 0.0030866184104863586 0.0021370016042580667  
    0.0017627130226000598 
  TORQUE_IN = 0.0 0.0 0.0 0.0 0.0 0.0 0.0 0.0 0.0 0.0 0.0 0.0 0.0 0.0  
    0.0 0.0 0.0 0.0 0.0 0.0 0.0 0.0 0.0 0.0 0.0 0.0 0.0 0.0 0.0 0.0 0.0  
    0.0 0.0 0.0 0.0 0.0 0.0 0.0 0.0 0.0 0.0 0.0 0.0 0.0 0.0 0.0 0.0 0.0  
    0.0 0.0 0.0 
  SE_NB = 0.002116050135053141 0.00542662760861443 0.012391949619971226  
    0.019876642524757487 0.027698732656650467 0.035450430634256326  
    0.041765725210340526 0.04592992008671497 0.048718834552893296  
    0.05096597337398099 0.052982592644419825 0.054614922652461415  
    0.055741360308583704 0.05657971010573147 0.05745167618746465  
    0.05844655785299502 0.059380920395425967 0.0600884442215963  
    0.060230558194121805 0.05923561997005875 0.05695181080743537  
    0.05369213771149528 0.04974295409020815 0.0455382661692632  
    0.04173801166484547 0.03857561352238033 0.035755277692881476  
    0.032998295858010694 0.030244879540980332 0.02749075422950032  
    0.02474868756343114 0.022085600694438184 0.01956307692431758  
    0.01724582375898721 0.015242773189814722 0.013596969643067149  
    0.01229224437173252 0.011314059741535314 0.01060858294767187  
    0.010087282952100991 0.009689566792854548 0.009343760473428173  
    0.00898293548846496 0.008582710500476194 0.008121841527518712  
    0.0076098990321994955 0.007133803836990776 0.006778891662673871  
    0.006562216638165791 0.006565798445402368 0.006643351022828849 
  SE_IONIZATION = 0.0 0.0 0.0 0.0 0.0 0.0 0.0 0.0 0.0 0.0 0.0 0.0 0.0  
    0.0 0.0 0.0 0.0 0.0 0.0 0.0 0.0 0.0 0.0 0.0 0.0 0.0 0.0 0.0 0.0 0.0  
    0.0 0.0 0.0 0.0 0.0 0.0 0.0 0.0 0.0 0.0 0.0 0.0 0.0 0.0 0.0 0.0 0.0  
    0.0 0.0 0.0 0.0 
  SI_NB = 0.0 0.0 0.0 0.0 0.0 0.0 0.0 0.0 0.0 0.0 0.0 0.0 0.0 0.0 0.0  
    0.0 0.0 0.0 0.0 0.0 0.0 0.0 0.0 0.0 0.0 0.0 0.0 0.0 0.0 0.0 0.0 0.0  
    0.0 0.0 0.0 0.0 0.0 0.0 0.0 0.0 0.0 0.0 0.0 0.0 0.0 0.0 0.0 0.0 0.0  
    0.0 0.0 
  SI_IONIZATION = 0.0 0.0 0.0 0.0 0.0 0.0 0.0 0.0 0.0 0.0 0.0 0.0 0.0  
    0.0 0.0 0.0 0.0 0.0 0.0 0.0 0.0 0.0 0.0 0.0 0.0 0.0 0.0 0.0 0.0 0.0  
    0.0 0.0 0.0 0.0 0.0 0.0 0.0 0.0 0.0 0.0 0.0 0.0 0.0 0.0 0.0 0.0 0.0  
    0.0 0.0 0.0 0.0 
  Q = 0.0 0.0 0.0 0.0 0.0 0.0 0.0 0.0 0.0 0.0 0.0 0.0 0.0 0.0 0.0 0.0  
    0.0 0.0 0.0 0.0 0.0 0.0 0.0 0.0 0.0 0.0 0.0 0.0 0.0 0.0 0.0 0.0 0.0  
    0.0 0.0 0.0 0.0 0.0 0.0 0.0 0.0 0.0 0.0 0.0 0.0 0.0 0.0 0.0 0.0 0.0  
    0.0 
  DENSITY_BEAM = 0.07455408346292251 0.07944818213107818  
    0.0897148432108332 0.09993597253773102 0.10900139679301298  
    0.1168670048423894 0.12293896467493634 0.12684857087287663  
    0.1291784021341539 0.13042284615002134 0.13092812935386214  
    0.13094565738169592 0.13062930221273275 0.1299369583369034  
    0.12869570385125206 0.12678758452909974 0.12391384856462505  
    0.1198185525402244 0.11432429506634716 0.1070861100009434  
    0.0982343854129849 0.08888047415637038 0.07999803596526163  
    0.07183613663225606 0.06457617121119016 0.05822278820512544  
    0.052531515301784605 0.04728087351804701 0.04239369337557481  
    0.037835205820608675 0.03357810450030271 0.02959526014740361  
    0.02585939833904539 0.02238609517032073 0.019230348475975056  
    0.016411124704894853 0.01392987620963697 0.011791472415782775  
    0.009941148156852282 0.00828132880925218 0.006758261268077058  
    0.0053587583657390804 0.00407342653065387 0.002929427698225161  
    0.0019847594809070082 0.0012607018143971764 0.0007299419157411061  
    0.0003651962861136186 0.00015776068168213571 0.0001055183560862306  
    0.00011809400939998387 
  WBEAM = 0.057975386395122244 0.06202979866772123 0.07109888460985857  
    0.0810936494006563 0.09051942077054337 0.0987739567383569  
    0.10515469345113275 0.10932635462446255 0.111807263402791  
    0.1130712142560072 0.11349244121040253 0.11338207723449428  
    0.1129521913852206 0.11218462542279738 0.11090589745044509  
    0.10899952422867655 0.1062126517738002 0.10231707274714627  
    0.09709844525481788 0.0901961086028143 0.08178340626543458  
    0.07296780033071427 0.06469447863963036 0.05721768157893928  
    0.05068180156383952 0.04505632281095128 0.040099593438962196  
    0.0356022228075892 0.03148632948202389 0.027715383644438932  
    0.02425548420530339 0.021070437229764826 0.01812739279516177  
    0.015427997813993231 0.013003949009521485 0.010869853225746639  
    0.009032758899483224 0.007492133347593705 0.006196486748818711  
    0.005067522945839 0.004064886417998243 0.0031782685158051965  
    0.0023966193678359973 0.0017258103152493502 0.0011866688617820878  
    0.0007819779442156374 0.00048621044206970343 0.0002698453413658869  
    0.00012931099867703258 9.196347826245994e-05 0.00010454768647359657 
  DENSITY_ALPHA = 0.05877487391599137 0.05925732744738615  
    0.06027099547951465 0.06110501549561527 0.061450521555437454  
    0.06140875545359159 0.0611661417994263 0.060802173429987005  
    0.06032359322221974 0.05971401024162081 0.058979940562723605  
    0.058071231679158015 0.05694055591404144 0.05553639644463286  
    0.053750382780012027 0.051558545814918644 0.04899388644586918  
    0.0460844744075457 0.042884873833024945 0.03945328596682524  
    0.035852299888844 0.03223743158741106 0.02874146877017584  
    0.025366172888056884 0.02208703492156336 0.018915118277045822  
    0.015987233544877646 0.013428635882648204 0.011202575426762779  
    0.009219004710080884 0.007437891843846515 0.005898372193134188  
    0.004637325862093479 0.0036279648108391263 0.002819505842785658  
    0.0021775833661689453 0.0016711835991591636 0.0012726110017070317  
    0.0009642734217299995 0.0007255984823605237 0.0005429232045512318  
    0.0004036942524413618 0.00029624622238743064 0.00021466767535385182  
    0.0001528447086020349 0.00010682332502363052 7.30847817267305e-05  
    4.834327734359664e-05 3.173058029501487e-05 2.3083866367695957e-05  
    2.0741615196436047e-05 
  WALPHA = 0.16240436701485514 0.16371458497325891 0.16641292686183143  
    0.16851073341083597 0.1691782817467882 0.16871021157746305  
    0.16761773585497008 0.16611594556831516 0.16423763446163922  
    0.16196345840641485 0.15930982360237333 0.1561039261706355  
    0.1521860684651398 0.14742657009952495 0.1415783194691412  
    0.13463649056750027 0.12675648110931104 0.11806901583188448  
    0.10874010923066597 0.09892711448445903 0.0888169245291668  
    0.07884074238130023 0.0693481262619614 0.06033423398966136  
    0.05172652081935832 0.04356697860327708 0.03620003449055892  
    0.029901148888778362 0.024537345722997646 0.019858238317436737  
    0.015747885716467416 0.012270996468365896 0.009479344628933867  
    0.007286398699729705 0.005562197757598253 0.004220501517743827  
    0.0031877078931960875 0.002396192549100411 0.0017964687114482506  
    0.0013379294565902945 0.0009899844742544037 0.0007276674107417793  
    0.0005281484037066047 0.00037891673899815935 0.00026750990159432863  
    0.00018613153851909035 0.0001279699243691347 8.609621242790919e-05  
    5.77895189224408e-05 4.269758934000924e-05 3.8538456413390984e-05 
  CHIE = 0.0 0.0 0.0 0.0 0.0 0.0 0.0 0.0 0.0 0.0 0.0 0.0 0.0 0.0 0.0  
    0.0 0.0 0.0 0.0 0.0 0.0 0.0 0.0 0.0 0.0 0.0 0.0 0.0 0.0 0.0 0.0 0.0  
    0.0 0.0 0.0 0.0 0.0 0.0 0.0 0.0 0.0 0.0 0.0 0.0 0.0 0.0 0.0 0.0 0.0  
    0.0 0.0 
  CHII = 0.0 0.0 0.0 0.0 0.0 0.0 0.0 0.0 0.0 0.0 0.0 0.0 0.0 0.0 0.0  
    0.0 0.0 0.0 0.0 0.0 0.0 0.0 0.0 0.0 0.0 0.0 0.0 0.0 0.0 0.0 0.0 0.0  
    0.0 0.0 0.0 0.0 0.0 0.0 0.0 0.0 0.0 0.0 0.0 0.0 0.0 0.0 0.0 0.0 0.0  
    0.0 0.0 
/

&BDRY
  NBDRY = 201 
  RBDRY = 8.19850826 8.19622973 8.19079522 8.18220521 8.17046165  
    8.15556965 8.13754252 8.11640514 8.0921936 8.06495414 8.03474379  
    8.00163033 7.96568966 7.92700352 7.88566023 7.84175256 7.79537821  
    7.74664034 7.69564537 7.64250236 7.58732271 7.53021965 7.47130644  
    7.41069431 7.3484931 7.28481282 7.21976477 7.15346231 7.08602333  
    7.01757242 6.94824069 6.87816585 6.8074913 6.73636424 6.66493209  
    6.59333753 6.52171898 6.45021025 6.37893368 6.30800564 6.23753595  
    6.16762662 6.09837492 6.02987163 5.96220064 5.89543879 5.82965378  
    5.76490377 5.70123816 5.63869832 5.57731793 5.51712853 5.45816135  
    5.40044856 5.34402667 5.28893468 5.23521185 5.1828954 5.13201707  
    5.08259577 5.03463602 4.98812803 4.94304575 4.89935107 4.85699892  
    4.81594234 4.77613748 4.73755103 4.70016146 4.66395923 4.62894971  
    4.59514699 4.562572 4.53125099 4.50121018 4.47247628 4.44507599  
    4.41903632 4.39438813 4.37116296 4.34939575 4.32912628 4.31039155  
    4.29322578 4.27765751 4.26370606 4.25137989 4.24067609 4.23158169  
    4.22407623 4.21813522 4.2137312 4.21083689 4.20942721 4.2094769  
    4.21096016 4.21384954 4.21811447 4.22371967 4.23062809 4.23880243  
    4.24820696 4.25881156 4.27059498 4.28354359 4.29764939 4.31290968  
    4.32931856 4.34686279 4.36551804 4.38524181 4.40597572 4.42764616  
    4.45016601 4.47344118 4.49737486 4.52187061 4.54683428 4.57217324  
    4.59779266 4.62359238 4.64946424 4.67528979 4.70094514 4.72630835  
    4.75126961 4.775747 4.79970091 4.82314491 4.84615372 4.86886601  
    4.8914758 4.91421843 4.93735284 4.96113921 4.98581763 5.0115943  
    5.03863171 5.06704412 5.09690833 5.12827587 5.16118699 5.19568922  
    5.23185047 5.26976442 5.30955073 5.35134828 5.39530162 5.44154453  
    5.49018332 5.5412824 5.59485691 5.6508708 5.70923956 5.76983964  
    5.83252037 5.89711666 5.96346016 6.03138572 6.10073483 6.17135429  
    6.24309273 6.31579563 6.38929993 6.46343184 6.53800648 6.61282948  
    6.6877017 6.7624259 6.83681232 6.91068018 6.98386212 7.05620241  
    7.12755334 7.19777278 7.26671739 7.33423948 7.40018569 7.46439662  
    7.52670896 7.58695889 7.64498601 7.70063803 7.75377449 7.80426884  
    7.85200915 7.8968976 7.93885062 7.97779608 8.01367171 8.04642947  
    8.07602954 8.10244179 8.12564857 8.14564272 8.16242493 8.1760025  
    8.1863877 8.19359323 8.19763064 8.19850826 
  ZBDRY = 0.557268262 0.662070979 0.766769411 0.871255852 0.975417256  
    1.07913629 1.18229436 1.28477475 1.38646555 1.48726227 1.58706909  
    1.68579859 1.78336966 1.87970523 1.97473018 2.06836872 2.16054344  
    2.25117542 2.34018498 2.42749383 2.51302671 2.59671308 2.67848886  
    2.75829539 2.83607841 2.91178724 2.9853735 3.05678987 3.12599015  
    3.19292992 3.2575679 3.31986811 3.37980175 3.43734815 3.4924933  
    3.5452292 3.59554982 3.64344629 3.68890354 3.73189465 3.77237749  
    3.81029275 3.84556308 3.87809233 3.90776753 3.93446169 3.95803534  
    3.97833767 3.99520993 4.00848906 4.01800926 4.02360678 4.02512503  
    4.02242008 4.0153673 4.00386779 3.98785281 3.96728693 3.94216971  
    3.91253434 3.878443 3.83998119 3.797252 3.75036733 3.69944358  
    3.64459816 3.58594389 3.52359156 3.45764923 3.388222 3.31541673  
    3.23934061 3.16010094 3.07780499 2.99255863 2.90446518 2.8136251  
    2.72013649 2.62409686 2.52560258 2.4247539 2.32165891 2.21642982  
    2.10918761 2.00005937 1.88917404 1.7766625 1.66265354 1.54727113  
    1.43063414 1.31285985 1.19406333 1.07436121 0.953876405 0.832739965  
    0.711089118 0.589067757 0.466825147 0.344508067 0.222260213  
    0.100218799 -0.021488435 -0.142741411 -0.263423608 -0.383419484  
    -0.502610831 -0.620869532 -0.738059984 -0.854038894 -0.968656326  
    -1.08176347 -1.19321927 -1.30289376 -1.4106708 -1.51645167  
    -1.62014903 -1.72168148 -1.82096833 -1.9179229 -2.01244456  
    -2.10441971 -2.19372453 -2.28022519 -2.36379043 -2.44429731  
    -2.52163471 -2.5957081 -2.66643593 -2.73374128 -2.79754137  
    -2.85773498 -2.91418869 -2.96673179 -3.01515609 -3.0592211  
    -3.09867088 -3.13325548 -3.16275442 -3.1870017 -3.20590911  
    -3.21947622 -3.22779447 -3.23104689 -3.22948842 -3.22342682  
    -3.21320188 -3.19915816 -3.18162619 -3.16090941 -3.13727503  
    -3.11095068 -3.08212883 -3.05097246 -3.01762064 -2.98219282  
    -2.94479247 -2.90550733 -2.86440708 -2.82153857 -2.77692728  
    -2.73057556 -2.68246226 -2.63255 -2.5807918 -2.52713776 -2.47154225  
    -2.41397132 -2.35440446 -2.29283524 -2.22927023 -2.16372471  
    -2.09621883 -2.02677321 -1.95540576 -1.88213213 -1.80696639  
    -1.72992277 -1.6510182 -1.57027547 -1.48772486 -1.40340364  
    -1.3173551 -1.22962841 -1.14027513 -1.04934824 -0.956902365  
    -0.86299392 -0.767683752 -0.671039164 -0.573135981 -0.474061318  
    -0.37391295 -0.272797793 -0.170829787 -0.0681266704 0.0351945193  
    0.1390201 0.243241414 0.347755611 0.452463692 0.557268262 
/

