&INSTATE
  TOKAMAK_ID = 'd3d' 
  MODEL_SHAPE = 0 
  DENSITY_MODEL = 0 
  R0 = 1.6955 
  B0 = 1.1323 
  IP = 0.80255 
  KAPPA = 1.7247 
  DELTA = 0.18051 
  ASPECT = 0.3712722 
  RMAJOR = 1.6955 
  AMINOR = 0.629492 
  N_ION = 1 
  Z_ION = 1 
  A_ION = 2 
  F_ION = 1 
  N_IMP = 1 
  Z_IMP = 6 
  A_IMP = 12 
  F_IMP = 1 
  N_MIN = 0 
  Z_MIN = 1 
  A_MIN = 1 
  N_BEAM = 1 
  Z_BEAM = 1 
  A_BEAM = 2 
  N_FUSION = 1 
  Z_FUSION = 2 
  A_FUSION = 4 
  RHO = 0.0 0.01 0.02 0.03 0.04 0.05 0.06 0.07 0.08 0.09 0.1 0.11 0.12  
    0.13 0.14 0.15 0.16 0.17 0.18 0.19 0.2 0.21 0.22 0.23 0.24 0.25  
    0.26 0.27 0.28 0.29 0.3 0.31 0.32 0.33 0.34 0.35 0.36 0.37 0.38  
    0.39 0.4 0.41 0.42 0.43 0.44 0.45 0.46 0.47 0.48 0.49 0.5 0.51 0.52  
    0.53 0.54 0.55 0.56 0.57 0.58 0.59 0.6 0.61 0.62 0.63 0.64 0.65  
    0.66 0.67 0.68 0.69 0.7 0.71 0.72 0.73 0.74 0.75 0.76 0.77 0.78  
    0.79 0.8 0.81 0.82 0.83 0.84 0.85 0.86 0.87 0.88 0.89 0.9 0.91 0.92  
    0.93 0.94 0.95 0.96 0.97 0.98 0.99 1.0 
  NRHO = 101 
  PSIPOL = -0.16488 -0.164795 -0.16471 -0.16446 -0.16421 -0.16379  
    -0.16337 -0.162785 -0.1622 -0.161465 -0.16073 -0.15984 -0.15895  
    -0.157905 -0.15686 -0.155665 -0.15447 -0.153115 -0.15176 -0.15025  
    -0.14874 -0.14708 -0.14542 -0.143605 -0.14179 -0.139815 -0.13784  
    -0.13572 -0.1336 -0.13132 -0.12904 -0.12662 -0.1242 -0.12163  
    -0.11906 -0.11636 -0.11366 -0.11084 -0.10802 -0.10509 -0.10216  
    -0.0991375 -0.096115 -0.0930235 -0.089932 -0.0867875 -0.083643  
    -0.080464 -0.077285 -0.074087 -0.070889 -0.067686 -0.064483  
    -0.0612865 -0.05809 -0.05491 -0.05173 -0.0485745 -0.045419  
    -0.0422945 -0.03917 -0.036083 -0.032996 -0.0299515 -0.026907  
    -0.023909 -0.020911 -0.0179635 -0.015016 -0.0121231 -0.0092303  
    -0.0063946 -0.0035589 -0.0007835 0.0019919 0.0047042 0.0074165  
    0.0100628 0.012709 0.015287 0.017865 0.020371 0.022877 0.0253085  
    0.02774 0.030093 0.032446 0.0347155 0.036985 0.039167 0.041349  
    0.043435 0.045521 0.0475005 0.04948 0.051353 0.053226 0.0549015  
    0.056577 0.0577615 0.058946 
  RHOPSI = 0.0 0.1 0.1414214 0.1732051 0.2 0.2236068 0.244949 0.2645751  
    0.2828427 0.3 0.3162278 0.3316625 0.3464102 0.3605551 0.3741657  
    0.3872983 0.4 0.4123106 0.4242641 0.4358899 0.4472136 0.4582576  
    0.4690416 0.4795832 0.4898979 0.5 0.509902 0.5196152 0.5291503  
    0.5385165 0.5477226 0.5567764 0.5656854 0.5744563 0.5830952  
    0.591608 0.6 0.6082763 0.6164414 0.6244998 0.6324555 0.6403124  
    0.6480741 0.6557439 0.663325 0.6708204 0.678233 0.6855655 0.6928203  
    0.7 0.7071068 0.7141428 0.7211103 0.728011 0.7348469 0.7416198  
    0.7483315 0.7549834 0.7615773 0.7681146 0.7745967 0.781025  
    0.7874008 0.7937254 0.8 0.8062258 0.8124038 0.8185353 0.8246211  
    0.8306624 0.83666 0.842615 0.8485281 0.8544004 0.8602325 0.8660254  
    0.8717798 0.8774964 0.8831761 0.8888194 0.8944272 0.9 0.9055385  
    0.9110434 0.9165151 0.9219544 0.9273618 0.9327379 0.9380832  
    0.9433981 0.9486833 0.9539392 0.9591663 0.9643651 0.969536  
    0.9746794 0.9797959 0.9848858 0.9899495 0.9949874 1.0 
  Q = -0.91303 -0.91189 -0.91075 -0.90733 -0.90391 -0.905645 -0.90738  
    -0.914135 -0.92089 -0.928355 -0.93582 -0.94073 -0.94564 -0.948355  
    -0.95107 -0.95295 -0.95483 -0.95642 -0.95801 -0.95932 -0.96063  
    -0.961705 -0.96278 -0.963715 -0.96465 -0.9656 -0.96655 -0.96762  
    -0.96869 -0.970105 -0.97152 -0.973615 -0.97571 -0.97883 -0.98195  
    -0.98657 -0.99119 -0.997745 -1.0043 -1.0131 -1.0219 -1.03325  
    -1.0446 -1.05865 -1.0727 -1.08945 -1.1062 -1.12545 -1.1447 -1.16645  
    -1.1882 -1.2122 -1.2362 -1.26235 -1.2885 -1.31675 -1.345 -1.37525  
    -1.4055 -1.43785 -1.4702 -1.5046 -1.539 -1.57555 -1.6121 -1.65095  
    -1.6898 -1.73105 -1.7723 -1.81615 -1.86 -1.90665 -1.9533 -2.003  
    -2.0527 -2.1058 -2.1589 -2.2158 -2.2727 -2.33395 -2.3952 -2.4615  
    -2.5278 -2.6 -2.6722 -2.7517 -2.8312 -2.9197 -3.0082 -3.10765  
    -3.2071 -3.32385 -3.4406 -3.58095 -3.7213 -3.86535 -4.0094 -4.44595  
    -4.8825 -6.96555 -9.0486 
  NE = 3.0068 3.00605 3.0053 3.003 3.0007 2.99695 2.9932 2.98805 2.9829  
    2.9764 2.9699 2.96215 2.9544 2.94545 2.9365 2.9264 2.9163 2.9051  
    2.8939 2.8817 2.8695 2.8563 2.8431 2.829 2.8149 2.79995 2.785  
    2.7693 2.7536 2.7372 2.7208 2.7037 2.6866 2.6689 2.6512 2.633  
    2.6148 2.5961 2.5774 2.5583 2.5392 2.51975 2.5003 2.4806 2.4609  
    2.4409 2.4209 2.4008 2.3807 2.36045 2.3402 2.3199 2.2996 2.27935  
    2.2591 2.23895 2.2188 2.19875 2.1787 2.15885 2.139 2.1194 2.0998  
    2.08015 2.0605 2.04055 2.0206 2.0001 1.9796 1.95825 1.9369 1.9144  
    1.8919 1.86805 1.8442 1.8186 1.793 1.76545 1.7379 1.70815 1.6784  
    1.6461 1.6138 1.5787 1.5436 1.50545 1.4673 1.42575 1.3842 1.33905  
    1.2939 1.24485 1.1958 1.14255 1.0893 1.03164 0.97398 0.91278  
    0.85158 0.7886 0.72562 
  TE = 1.1307 1.13005 1.1294 1.12745 1.1255 1.1224 1.1193 1.115 1.1107  
    1.10535 1.1 1.09355 1.0871 1.0797 1.0723 1.06395 1.0556 1.04635  
    1.0371 1.02705 1.017 1.006155 0.99531 0.98376 0.97221 0.959995  
    0.94778 0.93496 0.92214 0.90876 0.89538 0.88151 0.86764 0.85332  
    0.839 0.824295 0.80959 0.79455 0.77951 0.76419 0.74887 0.733325  
    0.71778 0.702065 0.68635 0.67052 0.65469 0.6388 0.62291 0.607015  
    0.59112 0.575275 0.55943 0.543685 0.52794 0.512355 0.49677 0.4814  
    0.46603 0.45093 0.43583 0.421045 0.40626 0.39186 0.37746 0.36349  
    0.34952 0.336035 0.32255 0.30961 0.29667 0.28432 0.27197 0.260275  
    0.24858 0.23754 0.2265 0.21607 0.20564 0.195765 0.18589 0.17652  
    0.16715 0.15824 0.14933 0.14082 0.13231 0.12416 0.11601 0.108165  
    0.10032 0.0927235 0.085127 0.077735 0.070343 0.0631035 0.055864  
    0.0487255 0.041587 0.0344995 0.027412 
  TI = 0.92292 0.922215 0.92151 0.91945 0.91739 0.914055 0.91072  
    0.906185 0.90165 0.895995 0.89034 0.88364 0.87694 0.869275 0.86161  
    0.853065 0.84452 0.83516 0.8258 0.815715 0.80563 0.794895 0.78416  
    0.77285 0.76154 0.749735 0.73793 0.72571 0.71349 0.70093 0.68837  
    0.67555 0.66273 0.64973 0.63673 0.623625 0.61052 0.59739 0.58426  
    0.571185 0.55811 0.545165 0.53222 0.519485 0.50675 0.494305 0.48186  
    0.46978 0.4577 0.44606 0.43442 0.42329 0.41216 0.40153 0.3909  
    0.380755 0.37061 0.36092 0.35123 0.34198 0.33273 0.3239 0.31507  
    0.30664 0.29821 0.29015 0.28209 0.27439 0.26669 0.25932 0.25195  
    0.244895 0.23784 0.23108 0.22432 0.21783 0.21134 0.2051 0.19886  
    0.192855 0.18685 0.18105 0.17525 0.16964 0.16403 0.158585 0.15314  
    0.14784 0.14254 0.13737 0.1322 0.12713 0.12206 0.117075 0.11209  
    0.10717 0.10225 0.0973695 0.092489 0.08763 0.082771 
  ZEFF = 1.4028 1.4025 1.4022 1.40145 1.4007 1.3995 1.3983 1.3967  
    1.3951 1.39315 1.3912 1.38895 1.3867 1.3842 1.3817 1.37895 1.3762  
    1.3733 1.3704 1.36735 1.3643 1.3612 1.3581 1.355 1.3519 1.34875  
    1.3456 1.34255 1.3395 1.33655 1.3336 1.33085 1.3281 1.3255 1.3229  
    1.32055 1.3182 1.31615 1.3141 1.31235 1.3106 1.30915 1.3077 1.30655  
    1.3054 1.3044 1.3034 1.3026 1.3018 1.3011 1.3004 1.2998 1.2992  
    1.29865 1.2981 1.29755 1.297 1.29645 1.2959 1.2952 1.2945 1.2937  
    1.2929 1.29195 1.291 1.28985 1.2887 1.28725 1.2858 1.2841 1.2824  
    1.28035 1.2783 1.2759 1.2735 1.2707 1.2679 1.2646 1.2613 1.2575  
    1.2537 1.2494 1.2451 1.24025 1.2354 1.23 1.2246 1.21885 1.2131  
    1.20695 1.2008 1.1943 1.1878 1.1811 1.1744 1.1675 1.1606 1.1536  
    1.1466 1.13955 1.1325 
  P_EQ = 5988.5498266 5983.2299278 5977.9100289 5962.0742914  
    5946.238554 5920.7412215 5895.243889 5860.3939121 5825.5439352  
    5782.1117218 5738.6795085 5687.1279388 5635.576369 5576.7599358  
    5517.9435026 5452.4303558 5386.9172089 5315.2089164 5243.500624  
    5166.577788 5089.6549519 5007.8739458 4926.0929396 4840.3538726  
    4754.6148056 4665.4717952 4576.3287849 4484.5064193 4392.6840538  
    4298.7858806 4204.8877075 4109.5050662 4014.1224249 3917.868721  
    3821.6150171 3725.1295288 3628.6440406 3532.3991161 3436.1541916  
    3340.7482862 3245.3423809 3151.2295508 3057.1167206 2964.8725298  
    2872.628339 2782.557671 2692.4870031 2605.1425987 2517.7981943  
    2433.4342587 2349.0703231 2268.0397986 2187.0092741 2109.441292  
    2031.8733099 1957.837263 1883.8012161 1813.3192794 1742.8373428  
    1675.9251 1609.0128573 1545.6680197 1482.3231821 1422.3729316  
    1362.4226811 1305.6232734 1248.8238658 1195.062051 1141.3002361  
    1090.4765202 1039.6528043 991.6462984 943.6397925 898.4497884  
    853.2597842 810.7008032 768.1418221 728.038014 687.9342058  
    650.0952946 612.2563835 576.5906992 540.925015 507.2604013  
    473.5957876 441.8496615 410.1035354 380.2496969 350.3958584  
    322.4365589 294.4772594 268.4176618 242.3580641 218.2832806  
    194.2084971 172.248808 150.289119 130.7878239 111.2865288  
    94.6242982 77.9620675 
  OMEGA = 0.0 0.0 0.0 0.0 0.0 0.0 0.0 0.0 0.0 0.0 0.0 0.0 0.0 0.0 0.0  
    0.0 0.0 0.0 0.0 0.0 0.0 0.0 0.0 0.0 0.0 0.0 0.0 0.0 0.0 0.0 0.0 0.0  
    0.0 0.0 0.0 0.0 0.0 0.0 0.0 0.0 0.0 0.0 0.0 0.0 0.0 0.0 0.0 0.0 0.0  
    0.0 0.0 0.0 0.0 0.0 0.0 0.0 0.0 0.0 0.0 0.0 0.0 0.0 0.0 0.0 0.0 0.0  
    0.0 0.0 0.0 0.0 0.0 0.0 0.0 0.0 0.0 0.0 0.0 0.0 0.0 0.0 0.0 0.0 0.0  
    0.0 0.0 0.0 0.0 0.0 0.0 0.0 0.0 0.0 0.0 0.0 0.0 0.0 0.0 0.0 0.0 0.0  
    0.0 
  PPRIME = 0.0 0.0 0.0 0.0 0.0 0.0 0.0 0.0 0.0 0.0 0.0 0.0 0.0 0.0 0.0  
    0.0 0.0 0.0 0.0 0.0 0.0 0.0 0.0 0.0 0.0 0.0 0.0 0.0 0.0 0.0 0.0 0.0  
    0.0 0.0 0.0 0.0 0.0 0.0 0.0 0.0 0.0 0.0 0.0 0.0 0.0 0.0 0.0 0.0 0.0  
    0.0 0.0 0.0 0.0 0.0 0.0 0.0 0.0 0.0 0.0 0.0 0.0 0.0 0.0 0.0 0.0 0.0  
    0.0 0.0 0.0 0.0 0.0 0.0 0.0 0.0 0.0 0.0 0.0 0.0 0.0 0.0 0.0 0.0 0.0  
    0.0 0.0 0.0 0.0 0.0 0.0 0.0 0.0 0.0 0.0 0.0 0.0 0.0 0.0 0.0 0.0 0.0  
    0.0 
  FFPRIME = 0.0 0.0 0.0 0.0 0.0 0.0 0.0 0.0 0.0 0.0 0.0 0.0 0.0 0.0 0.0  
    0.0 0.0 0.0 0.0 0.0 0.0 0.0 0.0 0.0 0.0 0.0 0.0 0.0 0.0 0.0 0.0 0.0  
    0.0 0.0 0.0 0.0 0.0 0.0 0.0 0.0 0.0 0.0 0.0 0.0 0.0 0.0 0.0 0.0 0.0  
    0.0 0.0 0.0 0.0 0.0 0.0 0.0 0.0 0.0 0.0 0.0 0.0 0.0 0.0 0.0 0.0 0.0  
    0.0 0.0 0.0 0.0 0.0 0.0 0.0 0.0 0.0 0.0 0.0 0.0 0.0 0.0 0.0 0.0 0.0  
    0.0 0.0 0.0 0.0 0.0 0.0 0.0 0.0 0.0 0.0 0.0 0.0 0.0 0.0 0.0 0.0 0.0  
    0.0 
  J_OH = 1.1978 1.1988 1.1998 1.19675 1.1937 1.1784 1.1631 1.14355  
    1.124 1.1122 1.1004 1.09755 1.0947 1.09445 1.0942 1.09325 1.0923  
    1.09165 1.091 1.0911 1.0912 1.09165 1.0921 1.09275 1.0934 1.0938  
    1.0942 1.0934 1.0926 1.08925 1.0859 1.0786 1.0713 1.0585 1.0457  
    1.02635 1.007 0.980935 0.95487 0.922965 0.89106 0.855255 0.81945  
    0.78222 0.74499 0.7087 0.67241 0.638785 0.60516 0.57508 0.545  
    0.51864 0.49228 0.46939 0.4465 0.42659 0.40668 0.38924 0.3718  
    0.3564 0.341 0.327295 0.31359 0.30132 0.28905 0.27802 0.26699  
    0.257035 0.24708 0.23806 0.22904 0.220835 0.21263 0.205125 0.19762  
    0.190665 0.18371 0.177155 0.1706 0.164305 0.15801 0.15184 0.14567  
    0.1395 0.13333 0.127065 0.1208 0.114345 0.10789 0.101183 0.094476  
    0.0874915 0.080507 0.0732335 0.06596 0.058506 0.051052 0.04363  
    0.036208 0.0289305 0.021653 
  J_BS = 0.0 0.0004014 0.0008029 0.0026175 0.0044321 0.0080096 0.011587  
    0.0159405 0.020294 0.024385 0.028476 0.0310755 0.033675 0.0347995  
    0.035924 0.0366425 0.037361 0.037843 0.038325 0.038589 0.038853  
    0.0389475 0.039042 0.03899 0.038938 0.038762 0.038586 0.0383125  
    0.038039 0.037692 0.037345 0.0369475 0.03655 0.036124 0.035698  
    0.0352655 0.034833 0.0344095 0.033986 0.0335815 0.033177 0.0327935  
    0.03241 0.032046 0.031682 0.031329 0.030976 0.030622 0.030268  
    0.029902 0.029536 0.029155 0.028774 0.028376 0.027978 0.0275575  
    0.027137 0.026688 0.026239 0.025762 0.025285 0.024798 0.024311  
    0.023825 0.023339 0.022841 0.022343 0.021818 0.021293 0.0207275  
    0.020162 0.0195465 0.018931 0.0182715 0.017612 0.0169265 0.016241  
    0.0155375 0.014834 0.0141155 0.013397 0.0126665 0.011936 0.0111895  
    0.010443 0.0096836 0.0089243 0.0081606 0.0073969 0.0066418  
    0.0058866 0.0051574 0.0044283 0.0037496 0.003071 0.0024718  
    0.0018727 0.0013862 0.0008997 0.0004788 5.8e-05 
  J_NB = 0.0 0.0 0.0 0.0 0.0 0.0 0.0 0.0 0.0 0.0 0.0 0.0 0.0 0.0 0.0  
    0.0 0.0 0.0 0.0 0.0 0.0 0.0 0.0 0.0 0.0 0.0 0.0 0.0 0.0 0.0 0.0 0.0  
    0.0 0.0 0.0 0.0 0.0 0.0 0.0 0.0 0.0 0.0 0.0 0.0 0.0 0.0 0.0 0.0 0.0  
    0.0 0.0 0.0 0.0 0.0 0.0 0.0 0.0 0.0 0.0 0.0 0.0 0.0 0.0 0.0 0.0 0.0  
    0.0 0.0 0.0 0.0 0.0 0.0 0.0 0.0 0.0 0.0 0.0 0.0 0.0 0.0 0.0 0.0 0.0  
    0.0 0.0 0.0 0.0 0.0 0.0 0.0 0.0 0.0 0.0 0.0 0.0 0.0 0.0 0.0 0.0 0.0  
    0.0 
  J_EC = 0.0 0.0 0.0 0.0 0.0 0.0 0.0 0.0 0.0 0.0 0.0 0.0 0.0 0.0 0.0  
    0.0 0.0 0.0 0.0 0.0 0.0 0.0 0.0 0.0 0.0 0.0 0.0 0.0 0.0 0.0 0.0 0.0  
    0.0 0.0 0.0 0.0 0.0 0.0 0.0 0.0 0.0 0.0 0.0 0.0 0.0 0.0 0.0 0.0 0.0  
    0.0 0.0 0.0 0.0 0.0 0.0 0.0 0.0 0.0 0.0 0.0 0.0 0.0 0.0 0.0 0.0 0.0  
    0.0 0.0 0.0 0.0 0.0 0.0 0.0 0.0 0.0 0.0 0.0 0.0 0.0 0.0 0.0 0.0 0.0  
    0.0 0.0 0.0 0.0 0.0 0.0 0.0 0.0 0.0 0.0 0.0 0.0 0.0 0.0 0.0 0.0 0.0  
    0.0 
  J_IC = 0.0 0.0 0.0 0.0 0.0 0.0 0.0 0.0 0.0 0.0 0.0 0.0 0.0 0.0 0.0  
    0.0 0.0 0.0 0.0 0.0 0.0 0.0 0.0 0.0 0.0 0.0 0.0 0.0 0.0 0.0 0.0 0.0  
    0.0 0.0 0.0 0.0 0.0 0.0 0.0 0.0 0.0 0.0 0.0 0.0 0.0 0.0 0.0 0.0 0.0  
    0.0 0.0 0.0 0.0 0.0 0.0 0.0 0.0 0.0 0.0 0.0 0.0 0.0 0.0 0.0 0.0 0.0  
    0.0 0.0 0.0 0.0 0.0 0.0 0.0 0.0 0.0 0.0 0.0 0.0 0.0 0.0 0.0 0.0 0.0  
    0.0 0.0 0.0 0.0 0.0 0.0 0.0 0.0 0.0 0.0 0.0 0.0 0.0 0.0 0.0 0.0 0.0  
    0.0 
  J_LH = 0.0 0.0 0.0 0.0 0.0 0.0 0.0 0.0 0.0 0.0 0.0 0.0 0.0 0.0 0.0  
    0.0 0.0 0.0 0.0 0.0 0.0 0.0 0.0 0.0 0.0 0.0 0.0 0.0 0.0 0.0 0.0 0.0  
    0.0 0.0 0.0 0.0 0.0 0.0 0.0 0.0 0.0 0.0 0.0 0.0 0.0 0.0 0.0 0.0 0.0  
    0.0 0.0 0.0 0.0 0.0 0.0 0.0 0.0 0.0 0.0 0.0 0.0 0.0 0.0 0.0 0.0 0.0  
    0.0 0.0 0.0 0.0 0.0 0.0 0.0 0.0 0.0 0.0 0.0 0.0 0.0 0.0 0.0 0.0 0.0  
    0.0 0.0 0.0 0.0 0.0 0.0 0.0 0.0 0.0 0.0 0.0 0.0 0.0 0.0 0.0 0.0 0.0  
    0.0 
  J_HC = 0.0 0.0 0.0 0.0 0.0 0.0 0.0 0.0 0.0 0.0 0.0 0.0 0.0 0.0 0.0  
    0.0 0.0 0.0 0.0 0.0 0.0 0.0 0.0 0.0 0.0 0.0 0.0 0.0 0.0 0.0 0.0 0.0  
    0.0 0.0 0.0 0.0 0.0 0.0 0.0 0.0 0.0 0.0 0.0 0.0 0.0 0.0 0.0 0.0 0.0  
    0.0 0.0 0.0 0.0 0.0 0.0 0.0 0.0 0.0 0.0 0.0 0.0 0.0 0.0 0.0 0.0 0.0  
    0.0 0.0 0.0 0.0 0.0 0.0 0.0 0.0 0.0 0.0 0.0 0.0 0.0 0.0 0.0 0.0 0.0  
    0.0 0.0 0.0 0.0 0.0 0.0 0.0 0.0 0.0 0.0 0.0 0.0 0.0 0.0 0.0 0.0 0.0  
    0.0 
  J_TOT = 1.2028 1.20405 1.2053 1.2038 1.2023 1.19015 1.178 1.16245  
    1.1469 1.139 1.1311 1.13075 1.1304 1.13125 1.1321 1.1319 1.1317  
    1.1316 1.1315 1.13185 1.1322 1.13275 1.1333 1.13385 1.1344 1.13445  
    1.1345 1.13305 1.1316 1.12745 1.1233 1.11505 1.1068 1.093 1.0792  
    1.059 1.0388 1.012095 0.98539 0.95316 0.92093 0.885085 0.84924  
    0.81213 0.77502 0.73887 0.70272 0.669135 0.63555 0.60535 0.57515  
    0.548515 0.52188 0.498595 0.47531 0.454925 0.43454 0.416575 0.39861  
    0.38266 0.36671 0.35245 0.33819 0.325385 0.31258 0.30102 0.28946  
    0.278955 0.26845 0.25885 0.24925 0.24042 0.23159 0.223415 0.21524  
    0.207595 0.19995 0.192695 0.18544 0.178425 0.17141 0.164505 0.1576  
    0.15069 0.14378 0.13675 0.12972 0.1225 0.11528 0.10782 0.10036  
    0.092647 0.084934 0.076982 0.06903 0.060977 0.052924 0.0450155  
    0.037107 0.0294085 0.02171 
  P_EI = 0.029215 0.0292315 0.029248 0.0292955 0.029343 0.029418  
    0.029493 0.029592 0.029691 0.029811 0.029931 0.0300685 0.030206  
    0.030359 0.030512 0.0306775 0.030843 0.0310185 0.031194 0.031377  
    0.03156 0.0317475 0.031935 0.032125 0.032315 0.032504 0.032693  
    0.0328785 0.033064 0.033243 0.033422 0.033591 0.03376 0.033915  
    0.03407 0.034207 0.034344 0.0344575 0.034571 0.0346555 0.03474  
    0.034789 0.034838 0.0348425 0.034847 0.034797 0.034747 0.0346305  
    0.034514 0.034316 0.034118 0.033822 0.033526 0.0331295 0.032733  
    0.032235 0.031737 0.031134 0.030531 0.0298195 0.029108 0.028281  
    0.027454 0.0264985 0.025543 0.024445 0.023347 0.022094 0.020841  
    0.019427 0.018013 0.01644 0.014867 0.013148 0.011429 0.0095739  
    0.0077188 0.0057212 0.0037236 0.0015772 -0.0005692 -0.0028709  
    -0.0051726 -0.0076373 -0.010102 -0.0127425 -0.015383 -0.0182225  
    -0.021062 -0.024146 -0.02723 -0.030649 -0.034068 -0.0380105  
    -0.041953 -0.0468635 -0.051774 -0.059023 -0.066272 -0.080824  
    -0.095376 
  SE_NB = 0.0 0.0 0.0 0.0 0.0 0.0 0.0 0.0 0.0 0.0 0.0 0.0 0.0 0.0 0.0  
    0.0 0.0 0.0 0.0 0.0 0.0 0.0 0.0 0.0 0.0 0.0 0.0 0.0 0.0 0.0 0.0 0.0  
    0.0 0.0 0.0 0.0 0.0 0.0 0.0 0.0 0.0 0.0 0.0 0.0 0.0 0.0 0.0 0.0 0.0  
    0.0 0.0 0.0 0.0 0.0 0.0 0.0 0.0 0.0 0.0 0.0 0.0 0.0 0.0 0.0 0.0 0.0  
    0.0 0.0 0.0 0.0 0.0 0.0 0.0 0.0 0.0 0.0 0.0 0.0 0.0 0.0 0.0 0.0 0.0  
    0.0 0.0 0.0 0.0 0.0 0.0 0.0 0.0 0.0 0.0 0.0 0.0 0.0 0.0 0.0 0.0 0.0  
    0.0 
  PE_NB = 0.0 0.0 0.0 0.0 0.0 0.0 0.0 0.0 0.0 0.0 0.0 0.0 0.0 0.0 0.0  
    0.0 0.0 0.0 0.0 0.0 0.0 0.0 0.0 0.0 0.0 0.0 0.0 0.0 0.0 0.0 0.0 0.0  
    0.0 0.0 0.0 0.0 0.0 0.0 0.0 0.0 0.0 0.0 0.0 0.0 0.0 0.0 0.0 0.0 0.0  
    0.0 0.0 0.0 0.0 0.0 0.0 0.0 0.0 0.0 0.0 0.0 0.0 0.0 0.0 0.0 0.0 0.0  
    0.0 0.0 0.0 0.0 0.0 0.0 0.0 0.0 0.0 0.0 0.0 0.0 0.0 0.0 0.0 0.0 0.0  
    0.0 0.0 0.0 0.0 0.0 0.0 0.0 0.0 0.0 0.0 0.0 0.0 0.0 0.0 0.0 0.0 0.0  
    0.0 
  PE_EC = 0.0 0.0 0.0 0.0 0.0 0.0 0.0 0.0 0.0 0.0 0.0 0.0 0.0 0.0 0.0  
    0.0 0.0 0.0 0.0 0.0 0.0 0.0 0.0 0.0 0.0 0.0 0.0 0.0 0.0 0.0 0.0 0.0  
    0.0 0.0 0.0 0.0 0.0 0.0 0.0 0.0 0.0 0.0 0.0 0.0 0.0 0.0 0.0 0.0 0.0  
    0.0 0.0 0.0 0.0 0.0 0.0 0.0 0.0 0.0 0.0 0.0 0.0 0.0 0.0 0.0 0.0 0.0  
    0.0 0.0 0.0 0.0 0.0 0.0 0.0 0.0 0.0 0.0 0.0 0.0 0.0 0.0 0.0 0.0 0.0  
    0.0 0.0 0.0 0.0 0.0 0.0 0.0 0.0 0.0 0.0 0.0 0.0 0.0 0.0 0.0 0.0 0.0  
    0.0 
  PE_IC = 0.0 0.0 0.0 0.0 0.0 0.0 0.0 0.0 0.0 0.0 0.0 0.0 0.0 0.0 0.0  
    0.0 0.0 0.0 0.0 0.0 0.0 0.0 0.0 0.0 0.0 0.0 0.0 0.0 0.0 0.0 0.0 0.0  
    0.0 0.0 0.0 0.0 0.0 0.0 0.0 0.0 0.0 0.0 0.0 0.0 0.0 0.0 0.0 0.0 0.0  
    0.0 0.0 0.0 0.0 0.0 0.0 0.0 0.0 0.0 0.0 0.0 0.0 0.0 0.0 0.0 0.0 0.0  
    0.0 0.0 0.0 0.0 0.0 0.0 0.0 0.0 0.0 0.0 0.0 0.0 0.0 0.0 0.0 0.0 0.0  
    0.0 0.0 0.0 0.0 0.0 0.0 0.0 0.0 0.0 0.0 0.0 0.0 0.0 0.0 0.0 0.0 0.0  
    0.0 
  PE_LH = 0.0 0.0 0.0 0.0 0.0 0.0 0.0 0.0 0.0 0.0 0.0 0.0 0.0 0.0 0.0  
    0.0 0.0 0.0 0.0 0.0 0.0 0.0 0.0 0.0 0.0 0.0 0.0 0.0 0.0 0.0 0.0 0.0  
    0.0 0.0 0.0 0.0 0.0 0.0 0.0 0.0 0.0 0.0 0.0 0.0 0.0 0.0 0.0 0.0 0.0  
    0.0 0.0 0.0 0.0 0.0 0.0 0.0 0.0 0.0 0.0 0.0 0.0 0.0 0.0 0.0 0.0 0.0  
    0.0 0.0 0.0 0.0 0.0 0.0 0.0 0.0 0.0 0.0 0.0 0.0 0.0 0.0 0.0 0.0 0.0  
    0.0 0.0 0.0 0.0 0.0 0.0 0.0 0.0 0.0 0.0 0.0 0.0 0.0 0.0 0.0 0.0 0.0  
    0.0 
  PE_HC = 0.0 0.0 0.0 0.0 0.0 0.0 0.0 0.0 0.0 0.0 0.0 0.0 0.0 0.0 0.0  
    0.0 0.0 0.0 0.0 0.0 0.0 0.0 0.0 0.0 0.0 0.0 0.0 0.0 0.0 0.0 0.0 0.0  
    0.0 0.0 0.0 0.0 0.0 0.0 0.0 0.0 0.0 0.0 0.0 0.0 0.0 0.0 0.0 0.0 0.0  
    0.0 0.0 0.0 0.0 0.0 0.0 0.0 0.0 0.0 0.0 0.0 0.0 0.0 0.0 0.0 0.0 0.0  
    0.0 0.0 0.0 0.0 0.0 0.0 0.0 0.0 0.0 0.0 0.0 0.0 0.0 0.0 0.0 0.0 0.0  
    0.0 0.0 0.0 0.0 0.0 0.0 0.0 0.0 0.0 0.0 0.0 0.0 0.0 0.0 0.0 0.0 0.0  
    0.0 
  SI_NB = 0.0 0.0 0.0 0.0 0.0 0.0 0.0 0.0 0.0 0.0 0.0 0.0 0.0 0.0 0.0  
    0.0 0.0 0.0 0.0 0.0 0.0 0.0 0.0 0.0 0.0 0.0 0.0 0.0 0.0 0.0 0.0 0.0  
    0.0 0.0 0.0 0.0 0.0 0.0 0.0 0.0 0.0 0.0 0.0 0.0 0.0 0.0 0.0 0.0 0.0  
    0.0 0.0 0.0 0.0 0.0 0.0 0.0 0.0 0.0 0.0 0.0 0.0 0.0 0.0 0.0 0.0 0.0  
    0.0 0.0 0.0 0.0 0.0 0.0 0.0 0.0 0.0 0.0 0.0 0.0 0.0 0.0 0.0 0.0 0.0  
    0.0 0.0 0.0 0.0 0.0 0.0 0.0 0.0 0.0 0.0 0.0 0.0 0.0 0.0 0.0 0.0 0.0  
    0.0 
  PI_NB = 0.0 0.0 0.0 0.0 0.0 0.0 0.0 0.0 0.0 0.0 0.0 0.0 0.0 0.0 0.0  
    0.0 0.0 0.0 0.0 0.0 0.0 0.0 0.0 0.0 0.0 0.0 0.0 0.0 0.0 0.0 0.0 0.0  
    0.0 0.0 0.0 0.0 0.0 0.0 0.0 0.0 0.0 0.0 0.0 0.0 0.0 0.0 0.0 0.0 0.0  
    0.0 0.0 0.0 0.0 0.0 0.0 0.0 0.0 0.0 0.0 0.0 0.0 0.0 0.0 0.0 0.0 0.0  
    0.0 0.0 0.0 0.0 0.0 0.0 0.0 0.0 0.0 0.0 0.0 0.0 0.0 0.0 0.0 0.0 0.0  
    0.0 0.0 0.0 0.0 0.0 0.0 0.0 0.0 0.0 0.0 0.0 0.0 0.0 0.0 0.0 0.0 0.0  
    0.0 
  PI_EC = 0.0 0.0 0.0 0.0 0.0 0.0 0.0 0.0 0.0 0.0 0.0 0.0 0.0 0.0 0.0  
    0.0 0.0 0.0 0.0 0.0 0.0 0.0 0.0 0.0 0.0 0.0 0.0 0.0 0.0 0.0 0.0 0.0  
    0.0 0.0 0.0 0.0 0.0 0.0 0.0 0.0 0.0 0.0 0.0 0.0 0.0 0.0 0.0 0.0 0.0  
    0.0 0.0 0.0 0.0 0.0 0.0 0.0 0.0 0.0 0.0 0.0 0.0 0.0 0.0 0.0 0.0 0.0  
    0.0 0.0 0.0 0.0 0.0 0.0 0.0 0.0 0.0 0.0 0.0 0.0 0.0 0.0 0.0 0.0 0.0  
    0.0 0.0 0.0 0.0 0.0 0.0 0.0 0.0 0.0 0.0 0.0 0.0 0.0 0.0 0.0 0.0 0.0  
    0.0 
  PI_IC = 0.0 0.0 0.0 0.0 0.0 0.0 0.0 0.0 0.0 0.0 0.0 0.0 0.0 0.0 0.0  
    0.0 0.0 0.0 0.0 0.0 0.0 0.0 0.0 0.0 0.0 0.0 0.0 0.0 0.0 0.0 0.0 0.0  
    0.0 0.0 0.0 0.0 0.0 0.0 0.0 0.0 0.0 0.0 0.0 0.0 0.0 0.0 0.0 0.0 0.0  
    0.0 0.0 0.0 0.0 0.0 0.0 0.0 0.0 0.0 0.0 0.0 0.0 0.0 0.0 0.0 0.0 0.0  
    0.0 0.0 0.0 0.0 0.0 0.0 0.0 0.0 0.0 0.0 0.0 0.0 0.0 0.0 0.0 0.0 0.0  
    0.0 0.0 0.0 0.0 0.0 0.0 0.0 0.0 0.0 0.0 0.0 0.0 0.0 0.0 0.0 0.0 0.0  
    0.0 
  PI_LH = 0.0 0.0 0.0 0.0 0.0 0.0 0.0 0.0 0.0 0.0 0.0 0.0 0.0 0.0 0.0  
    0.0 0.0 0.0 0.0 0.0 0.0 0.0 0.0 0.0 0.0 0.0 0.0 0.0 0.0 0.0 0.0 0.0  
    0.0 0.0 0.0 0.0 0.0 0.0 0.0 0.0 0.0 0.0 0.0 0.0 0.0 0.0 0.0 0.0 0.0  
    0.0 0.0 0.0 0.0 0.0 0.0 0.0 0.0 0.0 0.0 0.0 0.0 0.0 0.0 0.0 0.0 0.0  
    0.0 0.0 0.0 0.0 0.0 0.0 0.0 0.0 0.0 0.0 0.0 0.0 0.0 0.0 0.0 0.0 0.0  
    0.0 0.0 0.0 0.0 0.0 0.0 0.0 0.0 0.0 0.0 0.0 0.0 0.0 0.0 0.0 0.0 0.0  
    0.0 
  PI_HC = 0.0 0.0 0.0 0.0 0.0 0.0 0.0 0.0 0.0 0.0 0.0 0.0 0.0 0.0 0.0  
    0.0 0.0 0.0 0.0 0.0 0.0 0.0 0.0 0.0 0.0 0.0 0.0 0.0 0.0 0.0 0.0 0.0  
    0.0 0.0 0.0 0.0 0.0 0.0 0.0 0.0 0.0 0.0 0.0 0.0 0.0 0.0 0.0 0.0 0.0  
    0.0 0.0 0.0 0.0 0.0 0.0 0.0 0.0 0.0 0.0 0.0 0.0 0.0 0.0 0.0 0.0 0.0  
    0.0 0.0 0.0 0.0 0.0 0.0 0.0 0.0 0.0 0.0 0.0 0.0 0.0 0.0 0.0 0.0 0.0  
    0.0 0.0 0.0 0.0 0.0 0.0 0.0 0.0 0.0 0.0 0.0 0.0 0.0 0.0 0.0 0.0 0.0  
    0.0 
  PI_CX = -4.82e-05 -4.74e-05 -4.66e-05 -4.68e-05 -4.7e-05 -4.72e-05  
    -4.73e-05 -4.78e-05 -4.82e-05 -4.88e-05 -4.94e-05 -5.02e-05  
    -5.09e-05 -5.18e-05 -5.27e-05 -5.38e-05 -5.49e-05 -5.62e-05  
    -5.75e-05 -5.9e-05 -6.05e-05 -6.22e-05 -6.39e-05 -6.58e-05  
    -6.76e-05 -6.97e-05 -7.18e-05 -7.4e-05 -7.63e-05 -7.88e-05  
    -8.13e-05 -8.39e-05 -8.65e-05 -8.93e-05 -9.21e-05 -9.51e-05  
    -9.8e-05 -0.0001011 -0.0001042 -0.0001075 -0.0001108 -0.0001143  
    -0.0001177 -0.0001213 -0.0001249 -0.0001287 -0.0001325 -0.0001366  
    -0.0001406 -0.000145 -0.0001495 -0.0001546 -0.0001596 -0.0001654  
    -0.0001711 -0.0001776 -0.0001842 -0.0001918 -0.0001994 -0.0002082  
    -0.0002171 -0.0002276 -0.0002382 -0.000251 -0.0002637 -0.0002794  
    -0.0002951 -0.0003147 -0.0003343 -0.0003593 -0.0003842 -0.0004166  
    -0.0004489 -0.0004918 -0.0005346 -0.0005919 -0.0006493 -0.0007269  
    -0.0008045 -0.00091 -0.0010155 -0.00116 -0.0013045 -0.0015017  
    -0.0016989 -0.001967 -0.0022351 -0.0025953 -0.0029555 -0.0034236  
    -0.0038917 -0.0044767 -0.0050616 -0.0057893 -0.0065169 -0.0074088  
    -0.0083006 -0.0091893 -0.010078 -0.012014 -0.01395 
  PI_FUS = 0.0 0.0 0.0 0.0 0.0 0.0 0.0 0.0 0.0 0.0 0.0 0.0 0.0 0.0 0.0  
    0.0 0.0 0.0 0.0 0.0 0.0 0.0 0.0 0.0 0.0 0.0 0.0 0.0 0.0 0.0 0.0 0.0  
    0.0 0.0 0.0 0.0 0.0 0.0 0.0 0.0 0.0 0.0 0.0 0.0 0.0 0.0 0.0 0.0 0.0  
    0.0 0.0 0.0 0.0 0.0 0.0 0.0 0.0 0.0 0.0 0.0 0.0 0.0 0.0 0.0 0.0 0.0  
    0.0 0.0 0.0 0.0 0.0 0.0 0.0 0.0 0.0 0.0 0.0 0.0 0.0 0.0 0.0 0.0 0.0  
    0.0 0.0 0.0 0.0 0.0 0.0 0.0 0.0 0.0 0.0 0.0 0.0 0.0 0.0 0.0 0.0 0.0  
    0.0 
  PE_FUS = 0.0 0.0 0.0 0.0 0.0 0.0 0.0 0.0 0.0 0.0 0.0 0.0 0.0 0.0 0.0  
    0.0 0.0 0.0 0.0 0.0 0.0 0.0 0.0 0.0 0.0 0.0 0.0 0.0 0.0 0.0 0.0 0.0  
    0.0 0.0 0.0 0.0 0.0 0.0 0.0 0.0 0.0 0.0 0.0 0.0 0.0 0.0 0.0 0.0 0.0  
    0.0 0.0 0.0 0.0 0.0 0.0 0.0 0.0 0.0 0.0 0.0 0.0 0.0 0.0 0.0 0.0 0.0  
    0.0 0.0 0.0 0.0 0.0 0.0 0.0 0.0 0.0 0.0 0.0 0.0 0.0 0.0 0.0 0.0 0.0  
    0.0 0.0 0.0 0.0 0.0 0.0 0.0 0.0 0.0 0.0 0.0 0.0 0.0 0.0 0.0 0.0 0.0  
    0.0 
  P_RAD = -0.0050068 -0.0050121 -0.0050174 -0.0050319 -0.0050465  
    -0.0050685 -0.0050904 -0.0051178 -0.0051452 -0.0051762 -0.0052071  
    -0.0052402 -0.0052732 -0.0053088 -0.0053444 -0.0053836 -0.0054227  
    -0.0054662 -0.0055098 -0.0055587 -0.0056076 -0.0056624 -0.0057172  
    -0.0057765 -0.0058357 -0.0058976 -0.0059595 -0.0060222 -0.006085  
    -0.0061467 -0.0062084 -0.0062679 -0.0063274 -0.0063856 -0.0064438  
    -0.0065023 -0.0065608 -0.0066212 -0.0066816 -0.0067454 -0.0068093  
    -0.0068775 -0.0069457 -0.0070169 -0.0070881 -0.0071602 -0.0072324  
    -0.0073034 -0.0073745 -0.0074424 -0.0075102 -0.0075735 -0.0076368  
    -0.0076968 -0.0077567 -0.007815 -0.0078732 -0.0079317 -0.0079902  
    -0.0080506 -0.008111 -0.0081744 -0.0082379 -0.0083024 -0.0083668  
    -0.0084296 -0.0084924 -0.0085508 -0.0086092 -0.0086605 -0.0087118  
    -0.0087545 -0.0087972 -0.0088343 -0.0088714 -0.0089072 -0.008943  
    -0.0089818 -0.0090205 -0.0090664 -0.0091124 -0.0091666 -0.0092209  
    -0.0092723 -0.0093237 -0.009358 -0.0093923 -0.0093953 -0.0093982  
    -0.0093555 -0.0093127 -0.0092144 -0.009116 -0.0089698 -0.0088235  
    -0.0086413 -0.0084591 -0.0082529 -0.0080467 -0.0078285 -0.0076103 
  P_OHM = 0.045411 0.045937 0.046463 0.047123 0.047783 0.0484295  
    0.049076 0.049797 0.050518 0.0516355 0.052753 0.05427 0.055787  
    0.0574525 0.059118 0.060844 0.06257 0.064438 0.066306 0.0683695  
    0.070433 0.0727035 0.074974 0.077452 0.07993 0.08257 0.08521  
    0.0878895 0.090569 0.093071 0.095573 0.0975875 0.099602 0.100751  
    0.1019 0.10185 0.1018 0.1003685 0.098937 0.096206 0.093475  
    0.0897875 0.0861 0.081945 0.07779 0.0736425 0.069495 0.0656905  
    0.061886 0.0564015 0.050917 0.0481415 0.045366 0.0430615 0.040757  
    0.0388345 0.036912 0.0352855 0.033659 0.032259 0.030859 0.029634  
    0.028409 0.027323 0.026237 0.0252635 0.02429 0.023409 0.022528  
    0.0217245 0.020921 0.020182 0.019443 0.0187585 0.018074 0.0174335  
    0.016793 0.0161845 0.015576 0.0149875 0.014399 0.0138195 0.01324  
    0.01266 0.01208 0.0114895 0.010899 0.0102927 0.0096864 0.0090596  
    0.0084328 0.0077848 0.0071367 0.0064685 0.0058004 0.0051237  
    0.0044471 0.0037826 0.003118 0.0024712 0.0018243 
  TORQUE_NB = 0.0 0.0 0.0 0.0 0.0 0.0 0.0 0.0 0.0 0.0 0.0 0.0 0.0 0.0  
    0.0 0.0 0.0 0.0 0.0 0.0 0.0 0.0 0.0 0.0 0.0 0.0 0.0 0.0 0.0 0.0 0.0  
    0.0 0.0 0.0 0.0 0.0 0.0 0.0 0.0 0.0 0.0 0.0 0.0 0.0 0.0 0.0 0.0 0.0  
    0.0 0.0 0.0 0.0 0.0 0.0 0.0 0.0 0.0 0.0 0.0 0.0 0.0 0.0 0.0 0.0 0.0  
    0.0 0.0 0.0 0.0 0.0 0.0 0.0 0.0 0.0 0.0 0.0 0.0 0.0 0.0 0.0 0.0 0.0  
    0.0 0.0 0.0 0.0 0.0 0.0 0.0 0.0 0.0 0.0 0.0 0.0 0.0 0.0 0.0 0.0 0.0  
    0.0 0.0 
  TORQUE_IN = 0.0 0.0 0.0 0.0 0.0 0.0 0.0 0.0 0.0 0.0 0.0 0.0 0.0 0.0  
    0.0 0.0 0.0 0.0 0.0 0.0 0.0 0.0 0.0 0.0 0.0 0.0 0.0 0.0 0.0 0.0 0.0  
    0.0 0.0 0.0 0.0 0.0 0.0 0.0 0.0 0.0 0.0 0.0 0.0 0.0 0.0 0.0 0.0 0.0  
    0.0 0.0 0.0 0.0 0.0 0.0 0.0 0.0 0.0 0.0 0.0 0.0 0.0 0.0 0.0 0.0 0.0  
    0.0 0.0 0.0 0.0 0.0 0.0 0.0 0.0 0.0 0.0 0.0 0.0 0.0 0.0 0.0 0.0 0.0  
    0.0 0.0 0.0 0.0 0.0 0.0 0.0 0.0 0.0 0.0 0.0 0.0 0.0 0.0 0.0 0.0 0.0  
    0.0 0.0 
  SE_IONIZATION = 0.0 0.0 0.0 0.0 0.0 0.0 0.0 0.0 0.0 0.0 0.0 0.0 0.0  
    0.0 0.0 0.0 0.0 0.0 0.0 0.0 0.0 0.0 0.0 0.0 0.0 0.0 0.0 0.0 0.0 0.0  
    0.0 0.0 0.0 0.0 0.0 0.0 0.0 0.0 0.0 0.0 0.0 0.0 0.0 0.0 0.0 0.0 0.0  
    0.0 0.0 0.0 0.0 0.0 0.0 0.0 0.0 0.0 0.0 0.0 0.0 0.0 0.0 0.0 0.0 0.0  
    0.0 0.0 0.0 0.0 0.0 0.0 0.0 0.0 0.0 0.0 0.0 0.0 0.0 0.0 0.0 0.0 0.0  
    0.0 0.0 0.0 0.0 0.0 0.0 0.0 0.0 0.0 0.0 0.0 0.0 0.0 0.0 0.0 0.0 0.0  
    0.0 0.0 0.0 
  SI_IONIZATION = 0.0 0.0 0.0 0.0 0.0 0.0 0.0 0.0 0.0 0.0 0.0 0.0 0.0  
    0.0 0.0 0.0 0.0 0.0 0.0 0.0 0.0 0.0 0.0 0.0 0.0 0.0 0.0 0.0 0.0 0.0  
    0.0 0.0 0.0 0.0 0.0 0.0 0.0 0.0 0.0 0.0 0.0 0.0 0.0 0.0 0.0 0.0 0.0  
    0.0 0.0 0.0 0.0 0.0 0.0 0.0 0.0 0.0 0.0 0.0 0.0 0.0 0.0 0.0 0.0 0.0  
    0.0 0.0 0.0 0.0 0.0 0.0 0.0 0.0 0.0 0.0 0.0 0.0 0.0 0.0 0.0 0.0 0.0  
    0.0 0.0 0.0 0.0 0.0 0.0 0.0 0.0 0.0 0.0 0.0 0.0 0.0 0.0 0.0 0.0 0.0  
    0.0 0.0 0.0 
  PE_IONIZATION = 0.0 0.0 0.0 0.0 0.0 0.0 0.0 0.0 0.0 0.0 0.0 0.0 0.0  
    0.0 0.0 0.0 0.0 0.0 0.0 0.0 0.0 0.0 0.0 0.0 0.0 0.0 0.0 0.0 0.0 0.0  
    0.0 0.0 0.0 0.0 0.0 0.0 0.0 0.0 0.0 0.0 0.0 0.0 0.0 0.0 0.0 0.0 0.0  
    0.0 0.0 0.0 0.0 0.0 0.0 0.0 0.0 0.0 0.0 0.0 0.0 0.0 0.0 0.0 0.0 0.0  
    0.0 0.0 0.0 0.0 0.0 0.0 0.0 0.0 0.0 0.0 0.0 0.0 0.0 0.0 0.0 0.0 0.0  
    0.0 0.0 0.0 0.0 0.0 0.0 0.0 0.0 0.0 0.0 0.0 0.0 0.0 0.0 0.0 0.0 0.0  
    0.0 0.0 0.0 
  PI_IONIZATION = 0.0 0.0 0.0 0.0 0.0 0.0 0.0 0.0 0.0 0.0 0.0 0.0 0.0  
    0.0 0.0 0.0 0.0 0.0 0.0 0.0 0.0 0.0 0.0 0.0 0.0 0.0 0.0 0.0 0.0 0.0  
    0.0 0.0 0.0 0.0 0.0 0.0 0.0 0.0 0.0 0.0 0.0 0.0 0.0 0.0 0.0 0.0 0.0  
    0.0 0.0 0.0 0.0 0.0 0.0 0.0 0.0 0.0 0.0 0.0 0.0 0.0 0.0 0.0 0.0 0.0  
    0.0 0.0 0.0 0.0 0.0 0.0 0.0 0.0 0.0 0.0 0.0 0.0 0.0 0.0 0.0 0.0 0.0  
    0.0 0.0 0.0 0.0 0.0 0.0 0.0 0.0 0.0 0.0 0.0 0.0 0.0 0.0 0.0 0.0 0.0  
    0.0 0.0 0.0 
  WBEAM = 0.0 0.0 0.0 0.0 0.0 0.0 0.0 0.0 0.0 0.0 0.0 0.0 0.0 0.0 0.0  
    0.0 0.0 0.0 0.0 0.0 0.0 0.0 0.0 0.0 0.0 0.0 0.0 0.0 0.0 0.0 0.0 0.0  
    0.0 0.0 0.0 0.0 0.0 0.0 0.0 0.0 0.0 0.0 0.0 0.0 0.0 0.0 0.0 0.0 0.0  
    0.0 0.0 0.0 0.0 0.0 0.0 0.0 0.0 0.0 0.0 0.0 0.0 0.0 0.0 0.0 0.0 0.0  
    0.0 0.0 0.0 0.0 0.0 0.0 0.0 0.0 0.0 0.0 0.0 0.0 0.0 0.0 0.0 0.0 0.0  
    0.0 0.0 0.0 0.0 0.0 0.0 0.0 0.0 0.0 0.0 0.0 0.0 0.0 0.0 0.0 0.0 0.0  
    0.0 
  WALPHA = 0.0 0.0 0.0 0.0 0.0 0.0 0.0 0.0 0.0 0.0 0.0 0.0 0.0 0.0 0.0  
    0.0 0.0 0.0 0.0 0.0 0.0 0.0 0.0 0.0 0.0 0.0 0.0 0.0 0.0 0.0 0.0 0.0  
    0.0 0.0 0.0 0.0 0.0 0.0 0.0 0.0 0.0 0.0 0.0 0.0 0.0 0.0 0.0 0.0 0.0  
    0.0 0.0 0.0 0.0 0.0 0.0 0.0 0.0 0.0 0.0 0.0 0.0 0.0 0.0 0.0 0.0 0.0  
    0.0 0.0 0.0 0.0 0.0 0.0 0.0 0.0 0.0 0.0 0.0 0.0 0.0 0.0 0.0 0.0 0.0  
    0.0 0.0 0.0 0.0 0.0 0.0 0.0 0.0 0.0 0.0 0.0 0.0 0.0 0.0 0.0 0.0 0.0  
    0.0 
  DENSITY_BEAM = 0.0 0.0 0.0 0.0 0.0 0.0 0.0 0.0 0.0 0.0 0.0 0.0 0.0  
    0.0 0.0 0.0 0.0 0.0 0.0 0.0 0.0 0.0 0.0 0.0 0.0 0.0 0.0 0.0 0.0 0.0  
    0.0 0.0 0.0 0.0 0.0 0.0 0.0 0.0 0.0 0.0 0.0 0.0 0.0 0.0 0.0 0.0 0.0  
    0.0 0.0 0.0 0.0 0.0 0.0 0.0 0.0 0.0 0.0 0.0 0.0 0.0 0.0 0.0 0.0 0.0  
    0.0 0.0 0.0 0.0 0.0 0.0 0.0 0.0 0.0 0.0 0.0 0.0 0.0 0.0 0.0 0.0 0.0  
    0.0 0.0 0.0 0.0 0.0 0.0 0.0 0.0 0.0 0.0 0.0 0.0 0.0 0.0 0.0 0.0 0.0  
    0.0 0.0 0.0 
  DENSITY_ALPHA = 0.0 0.0 0.0 0.0 0.0 0.0 0.0 0.0 0.0 0.0 0.0 0.0 0.0  
    0.0 0.0 0.0 0.0 0.0 0.0 0.0 0.0 0.0 0.0 0.0 0.0 0.0 0.0 0.0 0.0 0.0  
    0.0 0.0 0.0 0.0 0.0 0.0 0.0 0.0 0.0 0.0 0.0 0.0 0.0 0.0 0.0 0.0 0.0  
    0.0 0.0 0.0 0.0 0.0 0.0 0.0 0.0 0.0 0.0 0.0 0.0 0.0 0.0 0.0 0.0 0.0  
    0.0 0.0 0.0 0.0 0.0 0.0 0.0 0.0 0.0 0.0 0.0 0.0 0.0 0.0 0.0 0.0 0.0  
    0.0 0.0 0.0 0.0 0.0 0.0 0.0 0.0 0.0 0.0 0.0 0.0 0.0 0.0 0.0 0.0 0.0  
    0.0 0.0 0.0 
  CHIE = 0.11719 0.123275 0.12936 0.135555 0.14175 0.14794 0.15413  
    0.160815 0.1675 0.176135 0.18477 0.19599 0.20721 0.220645 0.23408  
    0.249415 0.26475 0.28213 0.29951 0.31927 0.33903 0.361535 0.38404  
    0.409685 0.43533 0.46443 0.49353 0.52621 0.55889 0.594925 0.63096  
    0.66961 0.70826 0.74817 0.78808 0.827385 0.86669 0.903265 0.93984  
    0.97177 1.0037 1.02975 1.0558 1.0755 1.0952 1.10905 1.1229 1.1319  
    1.1409 1.14135 1.1418 1.1398 1.1378 1.1344 1.131 1.1271 1.1232  
    1.11945 1.1157 1.1128 1.1099 1.10855 1.1072 1.10825 1.1093 1.1138  
    1.1183 1.1276 1.1369 1.15265 1.1684 1.1929 1.2174 1.25085 1.2843  
    1.3262 1.3681 1.4208 1.4735 1.54015 1.6068 1.6912 1.7756 1.883  
    1.9904 2.12775 2.2651 2.4423 2.6195 2.85125 3.083 3.39275 3.7025  
    4.1292 4.5559 5.1696 5.7833 6.731 7.6787 3.83935 0.0 
  CHII = 0.31372 0.318 0.32228 0.327515 0.33275 0.33866 0.34457  
    0.351155 0.35774 0.365035 0.37233 0.380405 0.38848 0.39739 0.4063  
    0.416135 0.42597 0.436825 0.44768 0.459655 0.47163 0.484865 0.4981  
    0.51274 0.52738 0.543615 0.55985 0.57788 0.59591 0.615995 0.63608  
    0.658515 0.68095 0.706085 0.73122 0.759505 0.78779 0.81975 0.85171  
    0.88799 0.92427 0.965685 1.0071 1.05465 1.1022 1.15715 1.2121  
    1.27615 1.3402 1.41455 1.4889 1.5708 1.6527 1.7414 1.8301 1.92555  
    2.021 2.1232 2.2254 2.33405 2.4427 2.55745 2.6722 2.7928 2.9134  
    3.0392 3.165 3.2953 3.4256 3.55925 3.6929 3.8286 3.9643 4.1005  
    4.2367 4.3714 4.5061 4.6374 4.7687 4.89305 5.0174 5.13085 5.2443  
    5.34295 5.4416 5.51865 5.5957 5.642 5.6883 5.69095 5.6936 5.63365  
    5.5737 5.419 5.2643 4.95275 4.6412 4.0519 3.4626 1.7313 0.0 
  NBDRY = 85 
  RBDRY = 1.1502 1.1563 1.1626 1.1692 1.273 1.3424 1.364 1.3856 1.3975  
    1.3996 1.4037 1.4078 1.4099 1.4183 1.4204 1.4335 1.4492 1.456  
    1.4654 1.4778 1.4883 1.4954 1.506 1.5095 1.513 1.5199 1.5401 1.5879  
    1.594 1.5971 1.609 1.612 1.6272 1.7327 1.7919 1.8789 1.9214 1.9354  
    1.963 2.0797 2.1033 2.1776 2.2782 2.2851 2.3035 2.3137 2.33 2.33  
    2.3251 2.3189 2.2908 2.2852 2.2794 2.2674 2.2548 2.2483 2.1885  
    2.1797 2.1705 2.151 2.0445 1.929 1.9133 1.8974 1.6646 1.6252 1.6054  
    1.5855 1.5656 1.5259 1.5063 1.3143 1.2068 1.1978 1.1598 1.1366  
    1.1221 1.1177 1.0986 1.0953 1.0743 1.0684 1.0828 1.0983 1.117 
  ZBDRY = -0.56238 -0.58135 -0.60025 -0.61906 -0.8562 -0.97708 -1.0105  
    -1.0423 -1.0593 -1.0621 -1.0678 -1.0736 -1.0764 -1.0879 -1.0907  
    -1.1079 -1.1279 -1.1364 -1.1478 -1.1597 -1.153 -1.1472 -1.1385  
    -1.1356 -1.1327 -1.1269 -1.11 -1.0698 -1.0646 -1.062 -1.0519  
    -1.0494 -1.0364 -0.94403 -0.89004 -0.80708 -0.76455 -0.75018  
    -0.72113 -0.58352 -0.55106 -0.432 -0.21401 -0.19521 -0.1381  
    -0.099409 0.019269 0.059256 0.11902 0.15853 0.27507 0.29426 0.31339  
    0.3515 0.38944 0.40832 0.55619 0.57405 0.59171 0.62639 0.76995  
    0.87924 0.89152 0.90344 1.01 1.0153 1.0165 1.0167 1.016 1.0115  
    1.0077 0.90447 0.75956 0.74158 0.64848 0.57159 0.51321 0.49365  
    0.39531 0.37556 0.19666 0.036769 -0.22256 -0.34134 -0.43925 
  NLIM = 5 
  RLIM = 2.43 0.9684 0.9684 2.43 2.43 
  ZLIM = 1.1167 1.1167 -1.2597 -1.2597 1.1167 
  SHOT_ID = '090765' 
  TIME_ID = '09900' 
  SCALE_NE = 1.0 
  SCALE_SION = 1.0 
  SION = 0.069365 0.0692245 0.069084 0.0694195 0.069755 0.070295  
    0.070835 0.0716225 0.07241 0.0734505 0.074491 0.0757955 0.0771  
    0.078693 0.080286 0.0821995 0.084113 0.086382 0.088651 0.091318  
    0.093985 0.0971025 0.10022 0.103845 0.10747 0.111685 0.1159  
    0.120785 0.12567 0.131325 0.13698 0.14353 0.15008 0.157665 0.16525  
    0.174045 0.18284 0.193045 0.20325 0.21511 0.22697 0.240775 0.25458  
    0.270665 0.28675 0.305515 0.32428 0.346215 0.36815 0.393845 0.41954  
    0.44975 0.47996 0.51558 0.5512 0.593365 0.63553 0.685715 0.7359  
    0.79595 0.856 0.92825 1.0005 1.0879 1.1753 1.2817 1.3881 1.51845  
    1.6488 1.8095 1.9702 2.17015 2.3701 2.62135 2.8726 3.1914 3.5102  
    3.9193 4.3284 4.8592 5.39 6.08615 6.7823 7.7029 8.6235 9.84775  
    11.072 12.701 14.33 16.4615 18.593 21.301 24.009 27.3525 30.696  
    34.556 38.416 41.5745 44.733 47.8555 50.978 
  J_RF = 0.0 0.0 0.0 0.0 0.0 0.0 0.0 0.0 0.0 0.0 0.0 0.0 0.0 0.0 0.0  
    0.0 0.0 0.0 0.0 0.0 0.0 0.0 0.0 0.0 0.0 0.0 0.0 0.0 0.0 0.0 0.0 0.0  
    0.0 0.0 0.0 0.0 0.0 0.0 0.0 0.0 0.0 0.0 0.0 0.0 0.0 0.0 0.0 0.0 0.0  
    0.0 0.0 0.0 0.0 0.0 0.0 0.0 0.0 0.0 0.0 0.0 0.0 0.0 0.0 0.0 0.0 0.0  
    0.0 0.0 0.0 0.0 0.0 0.0 0.0 0.0 0.0 0.0 0.0 0.0 0.0 0.0 0.0 0.0 0.0  
    0.0 0.0 0.0 0.0 0.0 0.0 0.0 0.0 0.0 0.0 0.0 0.0 0.0 0.0 0.0 0.0 0.0  
    0.0 
  PE_RF = 0.0 0.0 0.0 0.0 0.0 0.0 0.0 0.0 0.0 0.0 0.0 0.0 0.0 0.0 0.0  
    0.0 0.0 0.0 0.0 0.0 0.0 0.0 0.0 0.0 0.0 0.0 0.0 0.0 0.0 0.0 0.0 0.0  
    0.0 0.0 0.0 0.0 0.0 0.0 0.0 0.0 0.0 0.0 0.0 0.0 0.0 0.0 0.0 0.0 0.0  
    0.0 0.0 0.0 0.0 0.0 0.0 0.0 0.0 0.0 0.0 0.0 0.0 0.0 0.0 0.0 0.0 0.0  
    0.0 0.0 0.0 0.0 0.0 0.0 0.0 0.0 0.0 0.0 0.0 0.0 0.0 0.0 0.0 0.0 0.0  
    0.0 0.0 0.0 0.0 0.0 0.0 0.0 0.0 0.0 0.0 0.0 0.0 0.0 0.0 0.0 0.0 0.0  
    0.0 
  PI_RF = 0.0 0.0 0.0 0.0 0.0 0.0 0.0 0.0 0.0 0.0 0.0 0.0 0.0 0.0 0.0  
    0.0 0.0 0.0 0.0 0.0 0.0 0.0 0.0 0.0 0.0 0.0 0.0 0.0 0.0 0.0 0.0 0.0  
    0.0 0.0 0.0 0.0 0.0 0.0 0.0 0.0 0.0 0.0 0.0 0.0 0.0 0.0 0.0 0.0 0.0  
    0.0 0.0 0.0 0.0 0.0 0.0 0.0 0.0 0.0 0.0 0.0 0.0 0.0 0.0 0.0 0.0 0.0  
    0.0 0.0 0.0 0.0 0.0 0.0 0.0 0.0 0.0 0.0 0.0 0.0 0.0 0.0 0.0 0.0 0.0  
    0.0 0.0 0.0 0.0 0.0 0.0 0.0 0.0 0.0 0.0 0.0 0.0 0.0 0.0 0.0 0.0 0.0  
    0.0 
/

