&INSTATE
  TOKAMAK_ID = 'd3d' 
  MODEL_SHAPE = 0 
  DENSITY_MODEL = 0 
  R0 = 1.6955 
  B0 = 2.0058 
  IP = 0.77793 
  KAPPA = 1.5409 
  DELTA = 0.74984 
  ASPECT = 0.3776051 
  RMAJOR = 1.6955 
  AMINOR = 0.6402295 
  N_ION = 1 
  Z_ION = 1 
  A_ION = 2 
  F_ION = 1 
  N_IMP = 1 
  Z_IMP = 6 
  A_IMP = 12 
  F_IMP = 1 
  N_MIN = 0 
  Z_MIN = 1 
  A_MIN = 1 
  N_BEAM = 1 
  Z_BEAM = 1 
  A_BEAM = 2 
  N_FUSION = 1 
  Z_FUSION = 2 
  A_FUSION = 4 
  RHO = 0.0 0.01 0.02 0.03 0.04 0.05 0.06 0.07 0.08 0.09 0.1 0.11 0.12  
    0.13 0.14 0.15 0.16 0.17 0.18 0.19 0.2 0.21 0.22 0.23 0.24 0.25  
    0.26 0.27 0.28 0.29 0.3 0.31 0.32 0.33 0.34 0.35 0.36 0.37 0.38  
    0.39 0.4 0.41 0.42 0.43 0.44 0.45 0.46 0.47 0.48 0.49 0.5 0.51 0.52  
    0.53 0.54 0.55 0.56 0.57 0.58 0.59 0.6 0.61 0.62 0.63 0.64 0.65  
    0.66 0.67 0.68 0.69 0.7 0.71 0.72 0.73 0.74 0.75 0.76 0.77 0.78  
    0.79 0.8 0.81 0.82 0.83 0.84 0.85 0.86 0.87 0.88 0.89 0.9 0.91 0.92  
    0.93 0.94 0.95 0.96 0.97 0.98 0.99 1.0 
  NRHO = 101 
  PSIPOL = -0.42357 -0.42349 -0.42326 -0.42287 -0.42233 -0.42165  
    -0.42084 -0.41991 -0.41885 -0.41767 -0.41638 -0.41497 -0.41345  
    -0.41182 -0.41009 -0.40826 -0.40632 -0.40429 -0.40217 -0.39995  
    -0.39766 -0.39528 -0.39282 -0.39028 -0.38768 -0.385 -0.38226  
    -0.37946 -0.37661 -0.3737 -0.37074 -0.36773 -0.36468 -0.3616  
    -0.35848 -0.35532 -0.35214 -0.34893 -0.3457 -0.34245 -0.33919  
    -0.33591 -0.33262 -0.32932 -0.32601 -0.3227 -0.31939 -0.31608  
    -0.31278 -0.30947 -0.30617 -0.30288 -0.2996 -0.29633 -0.29307  
    -0.28983 -0.2866 -0.2834 -0.2802 -0.27703 -0.27389 -0.27076  
    -0.26766 -0.26458 -0.26154 -0.25852 -0.25553 -0.25257 -0.24964  
    -0.24675 -0.24388 -0.24106 -0.23827 -0.23551 -0.2328 -0.23012  
    -0.22748 -0.22487 -0.22231 -0.21979 -0.21731 -0.21487 -0.21247  
    -0.21012 -0.2078 -0.20553 -0.2033 -0.20112 -0.19898 -0.19689  
    -0.19484 -0.19284 -0.1909 -0.189 -0.18717 -0.18539 -0.18368  
    -0.18205 -0.18051 -0.17906 -0.17804 
  RHOPSI = 0.0 0.1 0.1414214 0.1732051 0.2 0.2236068 0.244949 0.2645751  
    0.2828427 0.3 0.3162278 0.3316625 0.3464102 0.3605551 0.3741657  
    0.3872983 0.4 0.4123106 0.4242641 0.4358899 0.4472136 0.4582576  
    0.4690416 0.4795832 0.4898979 0.5 0.509902 0.5196152 0.5291503  
    0.5385165 0.5477226 0.5567764 0.5656854 0.5744563 0.5830952  
    0.591608 0.6 0.6082763 0.6164414 0.6244998 0.6324555 0.6403124  
    0.6480741 0.6557439 0.663325 0.6708204 0.678233 0.6855655 0.6928203  
    0.7 0.7071068 0.7141428 0.7211103 0.728011 0.7348469 0.7416198  
    0.7483315 0.7549834 0.7615773 0.7681146 0.7745967 0.781025  
    0.7874008 0.7937254 0.8 0.8062258 0.8124038 0.8185353 0.8246211  
    0.8306624 0.83666 0.842615 0.8485281 0.8544004 0.8602325 0.8660254  
    0.8717798 0.8774964 0.8831761 0.8888194 0.8944272 0.9 0.9055385  
    0.9110434 0.9165151 0.9219544 0.9273618 0.9327379 0.9380832  
    0.9433981 0.9486833 0.9539392 0.9591663 0.9643651 0.969536  
    0.9746794 0.9797959 0.9848858 0.9899495 0.9949874 1.0 
  Q = -0.81883 -0.81781 -0.81474 -0.81906 -0.83242 -0.85129 -0.87224  
    -0.89233 -0.91005 -0.92574 -0.94048 -0.95487 -0.9691 -0.98329  
    -0.99743 -1.0117 -1.0258 -1.04 -1.0553 -1.0708 -1.0867 -1.1031  
    -1.12 -1.1375 -1.1555 -1.1741 -1.1935 -1.2136 -1.2344 -1.256  
    -1.2785 -1.3018 -1.326 -1.3511 -1.3772 -1.4042 -1.4321 -1.4611  
    -1.491 -1.5219 -1.5538 -1.5868 -1.6207 -1.6557 -1.6916 -1.7286  
    -1.7666 -1.8057 -1.8459 -1.8872 -1.9297 -1.9734 -2.0184 -2.0646  
    -2.1123 -2.1614 -2.2121 -2.2644 -2.3183 -2.374 -2.4316 -2.4912  
    -2.5527 -2.6164 -2.6822 -2.7504 -2.821 -2.894 -2.9698 -3.0482  
    -3.1296 -3.214 -3.3016 -3.3926 -3.4871 -3.5851 -3.6868 -3.7924  
    -3.902 -4.0158 -4.1341 -4.2571 -4.3851 -4.5186 -4.658 -4.8038  
    -4.9567 -5.1176 -5.2875 -5.4678 -5.6602 -5.867 -6.0913 -6.3374  
    -6.6117 -6.9246 -7.2939 -7.7566 -8.398 -8.8012 -21.019 
  NE = 2.5441 2.5437 2.5423 2.5401 2.537 2.533 2.5283 2.5227 2.5163  
    2.5092 2.5013 2.4928 2.4835 2.4735 2.4629 2.4516 2.4397 2.4273  
    2.4142 2.4006 2.3864 2.3717 2.3565 2.3408 2.3247 2.3082 2.2912  
    2.2738 2.256 2.2379 2.2194 2.2007 2.1816 2.1622 2.1426 2.1228  
    2.1027 2.0824 2.062 2.0414 2.0206 1.9998 1.9788 1.9578 1.9367  
    1.9156 1.8945 1.8733 1.8522 1.8312 1.8102 1.7893 1.7685 1.7478  
    1.7272 1.7069 1.6867 1.6667 1.6469 1.6274 1.6082 1.5892 1.5706  
    1.5523 1.5343 1.5167 1.4995 1.4827 1.4663 1.4503 1.4349 1.4199  
    1.4052 1.3907 1.3761 1.3614 1.3463 1.3307 1.3143 1.2971 1.2789  
    1.2594 1.2385 1.216 1.1919 1.1658 1.1376 1.1071 1.0742 1.0388  
    1.0005 0.95939 0.91565 0.86958 0.82147 0.77161 0.72029 0.6678  
    0.61443 0.56049 0.50625 
  TE = 2.2785 2.2779 2.2763 2.2735 2.2696 2.2648 2.2588 2.2519 2.2439  
    2.235 2.2252 2.2144 2.2027 2.1901 2.1766 2.1623 2.1472 2.1312  
    2.1145 2.0969 2.0787 2.0597 2.04 2.0196 1.9985 1.9768 1.9545 1.9315  
    1.908 1.8839 1.8592 1.8341 1.8084 1.7822 1.7556 1.7285 1.701 1.6731  
    1.6448 1.6161 1.5871 1.5578 1.5281 1.4982 1.468 1.4376 1.4069  
    1.3761 1.345 1.3138 1.2825 1.251 1.2195 1.1878 1.1561 1.1243 1.0926  
    1.0608 1.029 0.99732 0.96566 0.93409 0.90261 0.87127 0.84009  
    0.80909 0.77829 0.74773 0.71743 0.68742 0.65771 0.62834 0.59934  
    0.57072 0.54252 0.51475 0.48745 0.46064 0.43435 0.4086 0.38342  
    0.35883 0.33486 0.31154 0.28888 0.26693 0.2457 0.22521 0.2055  
    0.18659 0.1685 0.15122 0.13468 0.11879 0.10347 0.088638 0.074216  
    0.06012 0.046269 0.032582 0.018976 
  TI = 3.7861 3.7823 3.7709 3.7525 3.7273 3.6958 3.6585 3.6155 3.5675  
    3.5146 3.4574 3.3962 3.3315 3.2635 3.1927 3.1195 3.0443 2.9674  
    2.8893 2.8103 2.7309 2.6513 2.5721 2.4936 2.4161 2.3401 2.266  
    2.1938 2.1236 2.0554 1.989 1.9244 1.8618 1.8009 1.7418 1.6844  
    1.6287 1.5748 1.5224 1.4717 1.4226 1.3751 1.329 1.2845 1.2415  
    1.1999 1.1597 1.1209 1.0834 1.0473 1.0124 0.97881 0.94645 0.91528  
    0.88529 0.85643 0.82868 0.80201 0.77639 0.75179 0.72818 0.70553  
    0.6838 0.66297 0.64301 0.62389 0.60557 0.58803 0.57124 0.55516  
    0.53978 0.52504 0.51094 0.49743 0.48449 0.47208 0.46018 0.44875  
    0.43777 0.4272 0.41702 0.4072 0.3977 0.38849 0.37955 0.37084  
    0.36234 0.35401 0.34582 0.33775 0.32976 0.32183 0.31395 0.30611  
    0.29831 0.29055 0.28281 0.27509 0.26739 0.2597 0.25202 
  ZEFF = 1.2762 1.2761 1.2758 1.2752 1.2745 1.2737 1.2726 1.2715 1.2702  
    1.2688 1.2674 1.2658 1.2642 1.2626 1.2609 1.2593 1.2576 1.256  
    1.2544 1.2528 1.2513 1.25 1.2487 1.2476 1.2466 1.2458 1.2452 1.2449  
    1.2447 1.2449 1.2454 1.2461 1.2473 1.2488 1.2507 1.2531 1.256  
    1.2594 1.2634 1.2679 1.2731 1.2788 1.285 1.2918 1.299 1.3066 1.3146  
    1.323 1.3317 1.3406 1.3498 1.3591 1.3685 1.378 1.3875 1.3969 1.4062  
    1.4153 1.4241 1.4325 1.4405 1.448 1.4549 1.4611 1.4667 1.4715  
    1.4756 1.479 1.4817 1.4836 1.4847 1.4851 1.4847 1.4837 1.4821  
    1.4799 1.4772 1.4741 1.4707 1.467 1.4631 1.459 1.4549 1.4507 1.4466  
    1.4427 1.4389 1.4355 1.4326 1.4225 1.4194 1.4095 1.3928 1.3692  
    1.3387 1.302 1.2607 1.219 1.186 1.1817 1.1855 
  P_EQ = 42264.0 42252.0 42216.0 42120.0 41971.0 41767.0 41524.0  
    41235.0 40890.0 40491.0 40045.0 39553.0 39017.0 38438.0 37820.0  
    37167.0 36481.0 35768.0 35028.0 34263.0 33478.0 32676.0 31862.0  
    31040.0 30211.0 29378.0 28544.0 27712.0 26883.0 26059.0 25242.0  
    24436.0 23638.0 22850.0 22074.0 21311.0 20561.0 19824.0 19102.0  
    18398.0 17709.0 17035.0 16378.0 15737.0 15112.0 14506.0 13916.0  
    13342.0 12784.0 12242.0 11717.0 11208.0 10713.0 10235.0 9771.6  
    9323.3 8889.3 8469.4 8063.2 7670.4 7290.8 6924.3 6570.5 6229.4  
    5900.7 5584.0 5279.1 4985.8 4704.1 4434.0 4175.0 3927.1 3689.6  
    3462.8 3246.2 3039.4 2842.1 2653.9 2474.6 2303.9 2141.5 1987.0  
    1840.2 1700.9 1568.6 1443.1 1324.2 1211.6 1105.1 1004.7 909.52  
    819.93 735.71 656.65 582.52 513.08 448.05 387.12 329.68 274.86  
    223.03 
  OMEGA = 113970.0 113730.0 113060.0 112010.0 110630.0 108970.0  
    107100.0 105060.0 102910.0 100710.0 98504.0 96341.0 94226.0 92160.0  
    90140.0 88167.0 86240.0 84358.0 82520.0 80725.0 78974.0 77264.0  
    75596.0 73968.0 72380.0 70831.0 69321.0 67848.0 66412.0 65012.0  
    63648.0 62318.0 61022.0 59760.0 58530.0 57332.0 56165.0 55028.0  
    53920.0 52842.0 51792.0 50769.0 49772.0 48802.0 47856.0 46936.0  
    46038.0 45164.0 44312.0 43482.0 42672.0 41882.0 41112.0 40360.0  
    39626.0 38909.0 38208.0 37523.0 36853.0 36197.0 35554.0 34925.0  
    34307.0 33700.0 33104.0 32517.0 31940.0 31371.0 30809.0 30254.0  
    29706.0 29162.0 28624.0 28089.0 27557.0 27028.0 26500.0 25974.0  
    25447.0 24920.0 24392.0 23862.0 23330.0 22796.0 22261.0 21724.0  
    21185.0 20645.0 20104.0 19562.0 19018.0 18474.0 17928.0 17382.0  
    16835.0 16288.0 15740.0 15191.0 14643.0 14094.0 13545.0 
  PPRIME = 0.0 0.0 0.0 0.0 0.0 0.0 0.0 0.0 0.0 0.0 0.0 0.0 0.0 0.0 0.0  
    0.0 0.0 0.0 0.0 0.0 0.0 0.0 0.0 0.0 0.0 0.0 0.0 0.0 0.0 0.0 0.0 0.0  
    0.0 0.0 0.0 0.0 0.0 0.0 0.0 0.0 0.0 0.0 0.0 0.0 0.0 0.0 0.0 0.0 0.0  
    0.0 0.0 0.0 0.0 0.0 0.0 0.0 0.0 0.0 0.0 0.0 0.0 0.0 0.0 0.0 0.0 0.0  
    0.0 0.0 0.0 0.0 0.0 0.0 0.0 0.0 0.0 0.0 0.0 0.0 0.0 0.0 0.0 0.0 0.0  
    0.0 0.0 0.0 0.0 0.0 0.0 0.0 0.0 0.0 0.0 0.0 0.0 0.0 0.0 0.0 0.0 0.0  
    0.0 
  FFPRIME = 0.0 0.0 0.0 0.0 0.0 0.0 0.0 0.0 0.0 0.0 0.0 0.0 0.0 0.0 0.0  
    0.0 0.0 0.0 0.0 0.0 0.0 0.0 0.0 0.0 0.0 0.0 0.0 0.0 0.0 0.0 0.0 0.0  
    0.0 0.0 0.0 0.0 0.0 0.0 0.0 0.0 0.0 0.0 0.0 0.0 0.0 0.0 0.0 0.0 0.0  
    0.0 0.0 0.0 0.0 0.0 0.0 0.0 0.0 0.0 0.0 0.0 0.0 0.0 0.0 0.0 0.0 0.0  
    0.0 0.0 0.0 0.0 0.0 0.0 0.0 0.0 0.0 0.0 0.0 0.0 0.0 0.0 0.0 0.0 0.0  
    0.0 0.0 0.0 0.0 0.0 0.0 0.0 0.0 0.0 0.0 0.0 0.0 0.0 0.0 0.0 0.0 0.0  
    0.0 
  J_OH = 1.9694 1.9602 1.9161 1.836 1.7303 1.6245 1.5385 1.4793 1.4383  
    1.4017 1.364 1.3275 1.2932 1.2604 1.2288 1.1982 1.1685 1.1392  
    1.1108 1.0828 1.0555 1.0285 1.0019 0.97589 0.95002 0.92455 0.89913  
    0.87438 0.84953 0.8251 0.80074 0.77672 0.75283 0.72926 0.7058  
    0.68253 0.65959 0.63677 0.61436 0.592 0.57014 0.5483 0.52707  
    0.50591 0.48527 0.46502 0.44524 0.42591 0.40711 0.38882 0.37094  
    0.35374 0.33701 0.3209 0.30541 0.29055 0.27624 0.26251 0.24938  
    0.23695 0.22511 0.21368 0.20288 0.19265 0.18285 0.17364 0.16483  
    0.15649 0.14865 0.1411 0.13398 0.12722 0.1209 0.11482 0.10905  
    0.10356 0.098308 0.093296 0.088515 0.083934 0.079526 0.07532  
    0.071245 0.067292 0.063441 0.05967 0.055944 0.052239 0.048568  
    0.044922 0.041248 0.037594 0.033999 0.03044 0.02688 0.023287  
    0.019607 0.015775 0.01177 0.0073889 0.0083678 
  J_BS = 0.0 0.0010796 0.0050618 0.012645 0.022685 0.033402 0.042781  
    0.049678 0.054452 0.058482 0.062535 0.066407 0.06986 0.072942  
    0.075683 0.078092 0.0802 0.082031 0.083605 0.084911 0.085947  
    0.086739 0.087276 0.087545 0.087582 0.087427 0.087107 0.08667  
    0.086163 0.085597 0.084973 0.084298 0.0836 0.082871 0.082092  
    0.081279 0.08045 0.079591 0.078683 0.077746 0.076795 0.075815  
    0.074802 0.073752 0.07267 0.071565 0.070444 0.069304 0.068143  
    0.066964 0.065771 0.064565 0.063347 0.06212 0.060885 0.059646  
    0.058407 0.057164 0.05592 0.054678 0.053439 0.052201 0.050964  
    0.049733 0.048512 0.047303 0.046103 0.044912 0.043731 0.042563  
    0.041415 0.040334 0.039361 0.038494 0.037719 0.037017 0.036375  
    0.035774 0.035199 0.034633 0.03406 0.033461 0.032822 0.032124  
    0.031353 0.030494 0.029532 0.028456 0.027152 0.025829 0.024421  
    0.022735 0.020965 0.019113 0.017178 0.01515 0.013005 0.010705  
    0.0081741 0.005392 0.0025014 
  J_NB = 0.14978 0.15977 0.18974 0.21592 0.23848 0.25724 0.27151  
    0.28172 0.28924 0.29539 0.30058 0.30443 0.30731 0.30947 0.31087  
    0.31178 0.31207 0.31212 0.31148 0.31047 0.30881 0.30639 0.30342  
    0.29981 0.29567 0.29046 0.28482 0.27822 0.27133 0.26385 0.2562  
    0.24826 0.24021 0.23171 0.22327 0.21503 0.20688 0.19905 0.19134  
    0.18417 0.17712 0.17062 0.16425 0.15871 0.15336 0.14811 0.14295  
    0.13792 0.133 0.12833 0.12408 0.11987 0.11589 0.11192 0.10792  
    0.10392 0.10005 0.096281 0.092471 0.088449 0.084472 0.080898  
    0.077442 0.074068 0.070883 0.067681 0.064645 0.061649 0.058655  
    0.055874 0.053057 0.050141 0.047055 0.044038 0.041064 0.038141  
    0.03531 0.032569 0.029917 0.027385 0.024978 0.022643 0.020451  
    0.018403 0.016488 0.014704 0.013065 0.011567 0.010214 0.0089912  
    0.0078928 0.0069032 0.0060026 0.0051711 0.0044177 0.0037314  
    0.0031028 0.0025251 0.0019808 0.0014419 0.0008556 
  J_EC = 0.0 0.0 0.0 0.0 0.0 0.0 0.0 0.0 0.0 0.0 0.0 0.0 0.0 0.0 0.0  
    0.0 0.0 0.0 0.0 0.0 0.0 0.0 0.0 0.0 0.0 0.0 0.0 0.0 0.0 0.0 0.0 0.0  
    0.0 0.0 0.0 0.0 0.0 0.0 0.0 0.0 0.0 0.0 0.0 0.0 0.0 0.0 0.0 0.0 0.0  
    0.0 0.0 0.0 0.0 0.0 0.0 0.0 0.0 0.0 0.0 0.0 0.0 0.0 0.0 0.0 0.0 0.0  
    0.0 0.0 0.0 0.0 0.0 0.0 0.0 0.0 0.0 0.0 0.0 0.0 0.0 0.0 0.0 0.0 0.0  
    0.0 0.0 0.0 0.0 0.0 0.0 0.0 0.0 0.0 0.0 0.0 0.0 0.0 0.0 0.0 0.0 0.0  
    0.0 
  J_IC = 0.0 0.0 0.0 0.0 0.0 0.0 0.0 0.0 0.0 0.0 0.0 0.0 0.0 0.0 0.0  
    0.0 0.0 0.0 0.0 0.0 0.0 0.0 0.0 0.0 0.0 0.0 0.0 0.0 0.0 0.0 0.0 0.0  
    0.0 0.0 0.0 0.0 0.0 0.0 0.0 0.0 0.0 0.0 0.0 0.0 0.0 0.0 0.0 0.0 0.0  
    0.0 0.0 0.0 0.0 0.0 0.0 0.0 0.0 0.0 0.0 0.0 0.0 0.0 0.0 0.0 0.0 0.0  
    0.0 0.0 0.0 0.0 0.0 0.0 0.0 0.0 0.0 0.0 0.0 0.0 0.0 0.0 0.0 0.0 0.0  
    0.0 0.0 0.0 0.0 0.0 0.0 0.0 0.0 0.0 0.0 0.0 0.0 0.0 0.0 0.0 0.0 0.0  
    0.0 
  J_LH = 0.0 0.0 0.0 0.0 0.0 0.0 0.0 0.0 0.0 0.0 0.0 0.0 0.0 0.0 0.0  
    0.0 0.0 0.0 0.0 0.0 0.0 0.0 0.0 0.0 0.0 0.0 0.0 0.0 0.0 0.0 0.0 0.0  
    0.0 0.0 0.0 0.0 0.0 0.0 0.0 0.0 0.0 0.0 0.0 0.0 0.0 0.0 0.0 0.0 0.0  
    0.0 0.0 0.0 0.0 0.0 0.0 0.0 0.0 0.0 0.0 0.0 0.0 0.0 0.0 0.0 0.0 0.0  
    0.0 0.0 0.0 0.0 0.0 0.0 0.0 0.0 0.0 0.0 0.0 0.0 0.0 0.0 0.0 0.0 0.0  
    0.0 0.0 0.0 0.0 0.0 0.0 0.0 0.0 0.0 0.0 0.0 0.0 0.0 0.0 0.0 0.0 0.0  
    0.0 
  J_HC = 0.0 0.0 0.0 0.0 0.0 0.0 0.0 0.0 0.0 0.0 0.0 0.0 0.0 0.0 0.0  
    0.0 0.0 0.0 0.0 0.0 0.0 0.0 0.0 0.0 0.0 0.0 0.0 0.0 0.0 0.0 0.0 0.0  
    0.0 0.0 0.0 0.0 0.0 0.0 0.0 0.0 0.0 0.0 0.0 0.0 0.0 0.0 0.0 0.0 0.0  
    0.0 0.0 0.0 0.0 0.0 0.0 0.0 0.0 0.0 0.0 0.0 0.0 0.0 0.0 0.0 0.0 0.0  
    0.0 0.0 0.0 0.0 0.0 0.0 0.0 0.0 0.0 0.0 0.0 0.0 0.0 0.0 0.0 0.0 0.0  
    0.0 0.0 0.0 0.0 0.0 0.0 0.0 0.0 0.0 0.0 0.0 0.0 0.0 0.0 0.0 0.0 0.0  
    0.0 
  J_TOT = 2.1192 2.1211 2.1109 2.0646 1.9915 1.9151 1.8528 1.8107  
    1.7819 1.7556 1.7272 1.6983 1.6704 1.6428 1.6153 1.5881 1.5607  
    1.5334 1.5059 1.4782 1.4502 1.4216 1.3926 1.3632 1.3333 1.3024  
    1.2711 1.2393 1.207 1.1745 1.1419 1.1093 1.0766 1.0438 1.0112  
    0.97884 0.94691 0.91541 0.88438 0.85392 0.82405 0.79474 0.76612  
    0.73837 0.7113 0.6847 0.65863 0.63313 0.60824 0.58412 0.56078  
    0.53817 0.51625 0.49494 0.47421 0.45411 0.4347 0.41596 0.39777  
    0.38007 0.36302 0.34678 0.33128 0.31645 0.30225 0.28863 0.27558  
    0.26305 0.25104 0.23954 0.22845 0.2177 0.20731 0.19735 0.18783  
    0.17871 0.16999 0.16164 0.15363 0.14595 0.13856 0.13142 0.12452  
    0.11782 0.11128 0.10487 0.09854 0.092263 0.085934 0.079742 0.073561  
    0.067233 0.060967 0.054725 0.048476 0.042168 0.035715 0.029005  
    0.021924 0.014223 0.011725 
  P_EI = -0.055738 -0.055616 -0.055258 -0.054679 -0.053893 -0.052913  
    -0.051752 -0.050426 -0.048947 -0.047329 -0.045587 -0.043733  
    -0.041781 -0.039744 -0.037637 -0.035473 -0.033264 -0.031025  
    -0.028769 -0.026508 -0.024257 -0.022028 -0.019835 -0.017691  
    -0.015609 -0.013603 -0.011684 -0.0098582 -0.0081222 -0.0064738  
    -0.004911 -0.0034314 -0.0020329 -0.0007132 0.0005298 0.0016984  
    0.0027946 0.0038207 0.0047787 0.0056707 0.0064987 0.0072647  
    0.0079708 0.0086186 0.0092102 0.0097473 0.010232 0.010665 0.011049  
    0.011384 0.011673 0.011917 0.012117 0.012274 0.012388 0.012461  
    0.012494 0.012487 0.012439 0.012352 0.012224 0.012056 0.011845  
    0.011593 0.011295 0.010952 0.010559 0.010114 0.0096122 0.009049  
    0.008418 0.0077115 0.0069192 0.0060292 0.0050286 0.0039036  
    0.0026393 0.0012196 -0.0003724 -0.0021547 -0.0041464 -0.0063672  
    -0.0088373 -0.011578 -0.014609 -0.017951 -0.021622 -0.025638  
    -0.030011 -0.034723 -0.039807 -0.045231 -0.051098 -0.057604  
    -0.065087 -0.074153 -0.085932 -0.10274 -0.12998 -0.18349 -0.33223 
  SE_NB = 0.0 0.0 0.0 0.0 0.0 0.0 0.0 0.0 0.0 0.0 0.0 0.0 0.0 0.0 0.0  
    0.0 0.0 0.0 0.0 0.0 0.0 0.0 0.0 0.0 0.0 0.0 0.0 0.0 0.0 0.0 0.0 0.0  
    0.0 0.0 0.0 0.0 0.0 0.0 0.0 0.0 0.0 0.0 0.0 0.0 0.0 0.0 0.0 0.0 0.0  
    0.0 0.0 0.0 0.0 0.0 0.0 0.0 0.0 0.0 0.0 0.0 0.0 0.0 0.0 0.0 0.0 0.0  
    0.0 0.0 0.0 0.0 0.0 0.0 0.0 0.0 0.0 0.0 0.0 0.0 0.0 0.0 0.0 0.0 0.0  
    0.0 0.0 0.0 0.0 0.0 0.0 0.0 0.0 0.0 0.0 0.0 0.0 0.0 0.0 0.0 0.0 0.0  
    0.0 
  PE_NB = 0.21023 0.21014 0.21037 0.21032 0.21008 0.20961 0.20901  
    0.20824 0.20721 0.20592 0.20441 0.20268 0.20071 0.19853 0.19615  
    0.19359 0.19086 0.18798 0.18495 0.18179 0.17851 0.17514 0.17168  
    0.16817 0.16461 0.161 0.15736 0.1537 0.15005 0.1464 0.14277 0.13919  
    0.13565 0.13214 0.12869 0.1253 0.12198 0.11871 0.11552 0.11242  
    0.10941 0.10646 0.1036 0.10082 0.098121 0.095511 0.092983 0.090528  
    0.088147 0.085842 0.083611 0.081451 0.079355 0.077323 0.075358  
    0.073451 0.071597 0.069793 0.068036 0.06632 0.064644 0.063007  
    0.061403 0.059831 0.058287 0.056767 0.055266 0.053784 0.052318  
    0.050869 0.049433 0.048007 0.04658 0.04517 0.043767 0.042372  
    0.040983 0.039601 0.038228 0.036864 0.035512 0.034177 0.03286  
    0.031567 0.030299 0.029066 0.02787 0.026718 0.025617 0.024575  
    0.023601 0.022705 0.021901 0.021206 0.020639 0.020232 0.020036  
    0.020153 0.020686 0.021807 0.023639 
  PE_EC = 0.0 0.0 0.0 0.0 0.0 0.0 0.0 0.0 0.0 0.0 0.0 0.0 0.0 0.0 0.0  
    0.0 0.0 0.0 0.0 0.0 0.0 0.0 0.0 0.0 0.0 0.0 0.0 0.0 0.0 0.0 0.0 0.0  
    0.0 0.0 0.0 0.0 0.0 0.0 0.0 0.0 0.0 0.0 0.0 0.0 0.0 0.0 0.0 0.0 0.0  
    0.0 0.0 0.0 0.0 0.0 0.0 0.0 0.0 0.0 0.0 0.0 0.0 0.0 0.0 0.0 0.0 0.0  
    0.0 0.0 0.0 0.0 0.0 0.0 0.0 0.0 0.0 0.0 0.0 0.0 0.0 0.0 0.0 0.0 0.0  
    0.0 0.0 0.0 0.0 0.0 0.0 0.0 0.0 0.0 0.0 0.0 0.0 0.0 0.0 0.0 0.0 0.0  
    0.0 
  PE_IC = 0.0 0.0 0.0 0.0 0.0 0.0 0.0 0.0 0.0 0.0 0.0 0.0 0.0 0.0 0.0  
    0.0 0.0 0.0 0.0 0.0 0.0 0.0 0.0 0.0 0.0 0.0 0.0 0.0 0.0 0.0 0.0 0.0  
    0.0 0.0 0.0 0.0 0.0 0.0 0.0 0.0 0.0 0.0 0.0 0.0 0.0 0.0 0.0 0.0 0.0  
    0.0 0.0 0.0 0.0 0.0 0.0 0.0 0.0 0.0 0.0 0.0 0.0 0.0 0.0 0.0 0.0 0.0  
    0.0 0.0 0.0 0.0 0.0 0.0 0.0 0.0 0.0 0.0 0.0 0.0 0.0 0.0 0.0 0.0 0.0  
    0.0 0.0 0.0 0.0 0.0 0.0 0.0 0.0 0.0 0.0 0.0 0.0 0.0 0.0 0.0 0.0 0.0  
    0.0 
  PE_LH = 0.0 0.0 0.0 0.0 0.0 0.0 0.0 0.0 0.0 0.0 0.0 0.0 0.0 0.0 0.0  
    0.0 0.0 0.0 0.0 0.0 0.0 0.0 0.0 0.0 0.0 0.0 0.0 0.0 0.0 0.0 0.0 0.0  
    0.0 0.0 0.0 0.0 0.0 0.0 0.0 0.0 0.0 0.0 0.0 0.0 0.0 0.0 0.0 0.0 0.0  
    0.0 0.0 0.0 0.0 0.0 0.0 0.0 0.0 0.0 0.0 0.0 0.0 0.0 0.0 0.0 0.0 0.0  
    0.0 0.0 0.0 0.0 0.0 0.0 0.0 0.0 0.0 0.0 0.0 0.0 0.0 0.0 0.0 0.0 0.0  
    0.0 0.0 0.0 0.0 0.0 0.0 0.0 0.0 0.0 0.0 0.0 0.0 0.0 0.0 0.0 0.0 0.0  
    0.0 
  PE_HC = 0.0 0.0 0.0 0.0 0.0 0.0 0.0 0.0 0.0 0.0 0.0 0.0 0.0 0.0 0.0  
    0.0 0.0 0.0 0.0 0.0 0.0 0.0 0.0 0.0 0.0 0.0 0.0 0.0 0.0 0.0 0.0 0.0  
    0.0 0.0 0.0 0.0 0.0 0.0 0.0 0.0 0.0 0.0 0.0 0.0 0.0 0.0 0.0 0.0 0.0  
    0.0 0.0 0.0 0.0 0.0 0.0 0.0 0.0 0.0 0.0 0.0 0.0 0.0 0.0 0.0 0.0 0.0  
    0.0 0.0 0.0 0.0 0.0 0.0 0.0 0.0 0.0 0.0 0.0 0.0 0.0 0.0 0.0 0.0 0.0  
    0.0 0.0 0.0 0.0 0.0 0.0 0.0 0.0 0.0 0.0 0.0 0.0 0.0 0.0 0.0 0.0 0.0  
    0.0 
  SI_NB = 0.0 0.0 0.0 0.0 0.0 0.0 0.0 0.0 0.0 0.0 0.0 0.0 0.0 0.0 0.0  
    0.0 0.0 0.0 0.0 0.0 0.0 0.0 0.0 0.0 0.0 0.0 0.0 0.0 0.0 0.0 0.0 0.0  
    0.0 0.0 0.0 0.0 0.0 0.0 0.0 0.0 0.0 0.0 0.0 0.0 0.0 0.0 0.0 0.0 0.0  
    0.0 0.0 0.0 0.0 0.0 0.0 0.0 0.0 0.0 0.0 0.0 0.0 0.0 0.0 0.0 0.0 0.0  
    0.0 0.0 0.0 0.0 0.0 0.0 0.0 0.0 0.0 0.0 0.0 0.0 0.0 0.0 0.0 0.0 0.0  
    0.0 0.0 0.0 0.0 0.0 0.0 0.0 0.0 0.0 0.0 0.0 0.0 0.0 0.0 0.0 0.0 0.0  
    0.0 
  PI_NB = 0.56776 0.56724 0.56697 0.5653 0.56246 0.55844 0.55356  
    0.54778 0.54101 0.53333 0.5249 0.5158 0.50593 0.49532 0.48423  
    0.47281 0.46094 0.44867 0.43608 0.42322 0.41016 0.39694 0.38365  
    0.37033 0.35706 0.34392 0.33088 0.31795 0.30522 0.29273 0.28048  
    0.26854 0.25688 0.24548 0.23441 0.2237 0.21332 0.20327 0.19358  
    0.18428 0.17533 0.16671 0.15844 0.1505 0.14289 0.13559 0.12861  
    0.12193 0.11554 0.10943 0.10358 0.097993 0.092664 0.087575 0.082715  
    0.078074 0.073638 0.069399 0.065351 0.061486 0.057796 0.054271  
    0.050905 0.047691 0.044623 0.041695 0.0389 0.036234 0.033694  
    0.031274 0.028972 0.026782 0.024712 0.022736 0.020863 0.019091  
    0.017416 0.015835 0.014347 0.01295 0.011642 0.010421 0.0092856  
    0.0082338 0.0072653 0.0063747 0.0055605 0.0048202 0.0041518  
    0.0035516 0.0030182 0.0025456 0.0021303 0.001768 0.0014545  
    0.0011862 0.0009606 0.0007758 0.0006244 0.0004882 0.0003369 
  PI_EC = 0.0 0.0 0.0 0.0 0.0 0.0 0.0 0.0 0.0 0.0 0.0 0.0 0.0 0.0 0.0  
    0.0 0.0 0.0 0.0 0.0 0.0 0.0 0.0 0.0 0.0 0.0 0.0 0.0 0.0 0.0 0.0 0.0  
    0.0 0.0 0.0 0.0 0.0 0.0 0.0 0.0 0.0 0.0 0.0 0.0 0.0 0.0 0.0 0.0 0.0  
    0.0 0.0 0.0 0.0 0.0 0.0 0.0 0.0 0.0 0.0 0.0 0.0 0.0 0.0 0.0 0.0 0.0  
    0.0 0.0 0.0 0.0 0.0 0.0 0.0 0.0 0.0 0.0 0.0 0.0 0.0 0.0 0.0 0.0 0.0  
    0.0 0.0 0.0 0.0 0.0 0.0 0.0 0.0 0.0 0.0 0.0 0.0 0.0 0.0 0.0 0.0 0.0  
    0.0 
  PI_IC = 0.0 0.0 0.0 0.0 0.0 0.0 0.0 0.0 0.0 0.0 0.0 0.0 0.0 0.0 0.0  
    0.0 0.0 0.0 0.0 0.0 0.0 0.0 0.0 0.0 0.0 0.0 0.0 0.0 0.0 0.0 0.0 0.0  
    0.0 0.0 0.0 0.0 0.0 0.0 0.0 0.0 0.0 0.0 0.0 0.0 0.0 0.0 0.0 0.0 0.0  
    0.0 0.0 0.0 0.0 0.0 0.0 0.0 0.0 0.0 0.0 0.0 0.0 0.0 0.0 0.0 0.0 0.0  
    0.0 0.0 0.0 0.0 0.0 0.0 0.0 0.0 0.0 0.0 0.0 0.0 0.0 0.0 0.0 0.0 0.0  
    0.0 0.0 0.0 0.0 0.0 0.0 0.0 0.0 0.0 0.0 0.0 0.0 0.0 0.0 0.0 0.0 0.0  
    0.0 
  PI_LH = 0.0 0.0 0.0 0.0 0.0 0.0 0.0 0.0 0.0 0.0 0.0 0.0 0.0 0.0 0.0  
    0.0 0.0 0.0 0.0 0.0 0.0 0.0 0.0 0.0 0.0 0.0 0.0 0.0 0.0 0.0 0.0 0.0  
    0.0 0.0 0.0 0.0 0.0 0.0 0.0 0.0 0.0 0.0 0.0 0.0 0.0 0.0 0.0 0.0 0.0  
    0.0 0.0 0.0 0.0 0.0 0.0 0.0 0.0 0.0 0.0 0.0 0.0 0.0 0.0 0.0 0.0 0.0  
    0.0 0.0 0.0 0.0 0.0 0.0 0.0 0.0 0.0 0.0 0.0 0.0 0.0 0.0 0.0 0.0 0.0  
    0.0 0.0 0.0 0.0 0.0 0.0 0.0 0.0 0.0 0.0 0.0 0.0 0.0 0.0 0.0 0.0 0.0  
    0.0 
  PI_HC = 0.0 0.0 0.0 0.0 0.0 0.0 0.0 0.0 0.0 0.0 0.0 0.0 0.0 0.0 0.0  
    0.0 0.0 0.0 0.0 0.0 0.0 0.0 0.0 0.0 0.0 0.0 0.0 0.0 0.0 0.0 0.0 0.0  
    0.0 0.0 0.0 0.0 0.0 0.0 0.0 0.0 0.0 0.0 0.0 0.0 0.0 0.0 0.0 0.0 0.0  
    0.0 0.0 0.0 0.0 0.0 0.0 0.0 0.0 0.0 0.0 0.0 0.0 0.0 0.0 0.0 0.0 0.0  
    0.0 0.0 0.0 0.0 0.0 0.0 0.0 0.0 0.0 0.0 0.0 0.0 0.0 0.0 0.0 0.0 0.0  
    0.0 0.0 0.0 0.0 0.0 0.0 0.0 0.0 0.0 0.0 0.0 0.0 0.0 0.0 0.0 0.0 0.0  
    0.0 
  PI_CX = -0.071867 -0.071548 -0.071109 -0.070426 -0.069473 -0.068262  
    -0.066828 -0.065197 -0.06339 -0.061427 -0.059324 -0.0571 -0.054779  
    -0.052381 -0.049925 -0.047429 -0.044913 -0.042394 -0.039891  
    -0.037419 -0.034994 -0.03263 -0.03034 -0.028136 -0.026029 -0.024028  
    -0.022144 -0.020377 -0.018722 -0.017171 -0.015724 -0.014371  
    -0.01311 -0.011931 -0.010838 -0.0098246 -0.0088879 -0.0080192  
    -0.007219 -0.0064721 -0.0057875 -0.0051624 -0.0045914 -0.0040684  
    -0.0035922 -0.0031492 -0.0027443 -0.0023784 -0.0020486 -0.0017549  
    -0.0014962 -0.0012656 -0.0010653 -0.0008871 -0.0007288 -0.0005891  
    -0.0004662 -0.000359 -0.0002669 -0.0001887 -0.0001235 -7.05e-05  
    -2.88e-05 1.8e-06 2.16e-05 3.06e-05 2.95e-05 1.79e-05 -4.7e-06  
    -3.99e-05 -8.73e-05 -0.0001484 -0.0002251 -0.0003186 -0.0004308  
    -0.0005641 -0.0007216 -0.0009074 -0.001126 -0.0013828 -0.0016835  
    -0.0020355 -0.0024463 -0.0029255 -0.0034842 -0.0041346 -0.0048905  
    -0.0057664 -0.006772 -0.0079213 -0.0092074 -0.010644 -0.012245  
    -0.014038 -0.016049 -0.018304 -0.020767 -0.023303 -0.025781  
    -0.028923 -0.034066 
  PI_FUS = 0.0 0.0 0.0 0.0 0.0 0.0 0.0 0.0 0.0 0.0 0.0 0.0 0.0 0.0 0.0  
    0.0 0.0 0.0 0.0 0.0 0.0 0.0 0.0 0.0 0.0 0.0 0.0 0.0 0.0 0.0 0.0 0.0  
    0.0 0.0 0.0 0.0 0.0 0.0 0.0 0.0 0.0 0.0 0.0 0.0 0.0 0.0 0.0 0.0 0.0  
    0.0 0.0 0.0 0.0 0.0 0.0 0.0 0.0 0.0 0.0 0.0 0.0 0.0 0.0 0.0 0.0 0.0  
    0.0 0.0 0.0 0.0 0.0 0.0 0.0 0.0 0.0 0.0 0.0 0.0 0.0 0.0 0.0 0.0 0.0  
    0.0 0.0 0.0 0.0 0.0 0.0 0.0 0.0 0.0 0.0 0.0 0.0 0.0 0.0 0.0 0.0 0.0  
    0.0 
  PE_FUS = 0.0 0.0 0.0 0.0 0.0 0.0 0.0 0.0 0.0 0.0 0.0 0.0 0.0 0.0 0.0  
    0.0 0.0 0.0 0.0 0.0 0.0 0.0 0.0 0.0 0.0 0.0 0.0 0.0 0.0 0.0 0.0 0.0  
    0.0 0.0 0.0 0.0 0.0 0.0 0.0 0.0 0.0 0.0 0.0 0.0 0.0 0.0 0.0 0.0 0.0  
    0.0 0.0 0.0 0.0 0.0 0.0 0.0 0.0 0.0 0.0 0.0 0.0 0.0 0.0 0.0 0.0 0.0  
    0.0 0.0 0.0 0.0 0.0 0.0 0.0 0.0 0.0 0.0 0.0 0.0 0.0 0.0 0.0 0.0 0.0  
    0.0 0.0 0.0 0.0 0.0 0.0 0.0 0.0 0.0 0.0 0.0 0.0 0.0 0.0 0.0 0.0 0.0  
    0.0 
  P_RAD = -0.012567 -0.012769 -0.01297 -0.013171 -0.013403 -0.013712  
    -0.014066 -0.014479 -0.014951 -0.015472 -0.016044 -0.016663  
    -0.017326 -0.018032 -0.018778 -0.019564 -0.020385 -0.021242  
    -0.02213 -0.023049 -0.023996 -0.024971 -0.025971 -0.026994  
    -0.028038 -0.029103 -0.030186 -0.031285 -0.0324 -0.033528 -0.034667  
    -0.035817 -0.036975 -0.038141 -0.039311 -0.040486 -0.041664  
    -0.042842 -0.04402 -0.045195 -0.046367 -0.047534 -0.048694  
    -0.049845 -0.050987 -0.052117 -0.053235 -0.054337 -0.055424  
    -0.056492 -0.057541 -0.058568 -0.059573 -0.060553 -0.061506  
    -0.062431 -0.063326 -0.064189 -0.065017 -0.06581 -0.066564  
    -0.067279 -0.067951 -0.068579 -0.069161 -0.069693 -0.070174  
    -0.070602 -0.070973 -0.071286 -0.071537 -0.071724 -0.071844  
    -0.071895 -0.071872 -0.071775 -0.071598 -0.071339 -0.070995  
    -0.070561 -0.070034 -0.069413 -0.06869 -0.067864 -0.066929  
    -0.065882 -0.064718 -0.063433 -0.062022 -0.06048 -0.058802  
    -0.056986 -0.055037 -0.052965 -0.050777 -0.048481 -0.046087  
    -0.043602 -0.041033 -0.038388 -0.035676 
  P_OHM = 0.040168 0.040005 0.03912 0.037486 0.035317 0.033141 0.031374  
    0.030168 0.029341 0.028601 0.027831 0.027083 0.026384 0.025715  
    0.02507 0.024447 0.023841 0.023244 0.022663 0.022093 0.021535  
    0.020985 0.020442 0.019911 0.019384 0.018864 0.018345 0.01784  
    0.017333 0.016835 0.016337 0.015847 0.01536 0.014879 0.0144  
    0.013926 0.013458 0.012992 0.012535 0.012079 0.011633 0.011187  
    0.010754 0.010322 0.0099014 0.0094882 0.0090846 0.0086903 0.0083066  
    0.0079336 0.0075687 0.0072178 0.0068766 0.0065477 0.0062316  
    0.0059284 0.0056365 0.0053563 0.0050884 0.0048346 0.0045931  
    0.0043599 0.0041395 0.0039308 0.0037309 0.0035429 0.0033631  
    0.0031929 0.003033 0.0028789 0.0027336 0.0025956 0.0024665  
    0.0023425 0.0022246 0.0021126 0.0020055 0.0019033 0.0018057  
    0.0017123 0.0016224 0.0015366 0.0014535 0.0013728 0.0012943  
    0.0012174 0.0011415 0.0010659 0.000991 0.0009167 0.0008418  
    0.0007672 0.0006939 0.0006214 0.0005489 0.0004757 0.0004009  
    0.0003233 0.0002424 0.0001509 0.0001668 
  TORQUE_NB = 0.62965 0.6292 0.62867 0.62682 0.62506 0.62243 0.61763  
    0.61139 0.60496 0.5982 0.59061 0.58227 0.57312 0.5632 0.55282  
    0.54228 0.53111 0.51908 0.50669 0.49408 0.48123 0.46834 0.45523  
    0.44165 0.42804 0.41448 0.40102 0.388 0.37509 0.36233 0.34968  
    0.33674 0.32412 0.31224 0.3006 0.28902 0.2778 0.26738 0.25725  
    0.24675 0.2366 0.2271 0.21794 0.20919 0.20077 0.19235 0.18414  
    0.1765 0.16935 0.16242 0.15568 0.14922 0.14312 0.13725 0.1314  
    0.12576 0.12036 0.11518 0.11025 0.10565 0.10122 0.096941 0.092813  
    0.088798 0.084843 0.081031 0.077443 0.074008 0.070677 0.067326  
    0.064094 0.060982 0.057997 0.05511 0.052293 0.049535 0.046875  
    0.044322 0.041888 0.039541 0.03728 0.035097 0.033001 0.030994  
    0.029098 0.027316 0.02562 0.024012 0.02252 0.021137 0.019859  
    0.018678 0.017606 0.016635 0.015812 0.015163 0.014747 0.014664  
    0.015042 0.016048 0.017997 
  TORQUE_IN = 0.0 0.0 0.0 0.0 0.0 0.0 0.0 0.0 0.0 0.0 0.0 0.0 0.0 0.0  
    0.0 0.0 0.0 0.0 0.0 0.0 0.0 0.0 0.0 0.0 0.0 0.0 0.0 0.0 0.0 0.0 0.0  
    0.0 0.0 0.0 0.0 0.0 0.0 0.0 0.0 0.0 0.0 0.0 0.0 0.0 0.0 0.0 0.0 0.0  
    0.0 0.0 0.0 0.0 0.0 0.0 0.0 0.0 0.0 0.0 0.0 0.0 0.0 0.0 0.0 0.0 0.0  
    0.0 0.0 0.0 0.0 0.0 0.0 0.0 0.0 0.0 0.0 0.0 0.0 0.0 0.0 0.0 0.0 0.0  
    0.0 0.0 0.0 0.0 0.0 0.0 0.0 0.0 0.0 0.0 0.0 0.0 0.0 0.0 0.0 0.0 0.0  
    0.0 0.0 
  SE_IONIZATION = 0.0 0.0 0.0 0.0 0.0 0.0 0.0 0.0 0.0 0.0 0.0 0.0 0.0  
    0.0 0.0 0.0 0.0 0.0 0.0 0.0 0.0 0.0 0.0 0.0 0.0 0.0 0.0 0.0 0.0 0.0  
    0.0 0.0 0.0 0.0 0.0 0.0 0.0 0.0 0.0 0.0 0.0 0.0 0.0 0.0 0.0 0.0 0.0  
    0.0 0.0 0.0 0.0 0.0 0.0 0.0 0.0 0.0 0.0 0.0 0.0 0.0 0.0 0.0 0.0 0.0  
    0.0 0.0 0.0 0.0 0.0 0.0 0.0 0.0 0.0 0.0 0.0 0.0 0.0 0.0 0.0 0.0 0.0  
    0.0 0.0 0.0 0.0 0.0 0.0 0.0 0.0 0.0 0.0 0.0 0.0 0.0 0.0 0.0 0.0 0.0  
    0.0 0.0 0.0 
  SI_IONIZATION = 0.0 0.0 0.0 0.0 0.0 0.0 0.0 0.0 0.0 0.0 0.0 0.0 0.0  
    0.0 0.0 0.0 0.0 0.0 0.0 0.0 0.0 0.0 0.0 0.0 0.0 0.0 0.0 0.0 0.0 0.0  
    0.0 0.0 0.0 0.0 0.0 0.0 0.0 0.0 0.0 0.0 0.0 0.0 0.0 0.0 0.0 0.0 0.0  
    0.0 0.0 0.0 0.0 0.0 0.0 0.0 0.0 0.0 0.0 0.0 0.0 0.0 0.0 0.0 0.0 0.0  
    0.0 0.0 0.0 0.0 0.0 0.0 0.0 0.0 0.0 0.0 0.0 0.0 0.0 0.0 0.0 0.0 0.0  
    0.0 0.0 0.0 0.0 0.0 0.0 0.0 0.0 0.0 0.0 0.0 0.0 0.0 0.0 0.0 0.0 0.0  
    0.0 0.0 0.0 
  PE_IONIZATION = 0.0 0.0 0.0 0.0 0.0 0.0 0.0 0.0 0.0 0.0 0.0 0.0 0.0  
    0.0 0.0 0.0 0.0 0.0 0.0 0.0 0.0 0.0 0.0 0.0 0.0 0.0 0.0 0.0 0.0 0.0  
    0.0 0.0 0.0 0.0 0.0 0.0 0.0 0.0 0.0 0.0 0.0 0.0 0.0 0.0 0.0 0.0 0.0  
    0.0 0.0 0.0 0.0 0.0 0.0 0.0 0.0 0.0 0.0 0.0 0.0 0.0 0.0 0.0 0.0 0.0  
    0.0 0.0 0.0 0.0 0.0 0.0 0.0 0.0 0.0 0.0 0.0 0.0 0.0 0.0 0.0 0.0 0.0  
    0.0 0.0 0.0 0.0 0.0 0.0 0.0 0.0 0.0 0.0 0.0 0.0 0.0 0.0 0.0 0.0 0.0  
    0.0 0.0 0.0 
  PI_IONIZATION = 0.0 0.0 0.0 0.0 0.0 0.0 0.0 0.0 0.0 0.0 0.0 0.0 0.0  
    0.0 0.0 0.0 0.0 0.0 0.0 0.0 0.0 0.0 0.0 0.0 0.0 0.0 0.0 0.0 0.0 0.0  
    0.0 0.0 0.0 0.0 0.0 0.0 0.0 0.0 0.0 0.0 0.0 0.0 0.0 0.0 0.0 0.0 0.0  
    0.0 0.0 0.0 0.0 0.0 0.0 0.0 0.0 0.0 0.0 0.0 0.0 0.0 0.0 0.0 0.0 0.0  
    0.0 0.0 0.0 0.0 0.0 0.0 0.0 0.0 0.0 0.0 0.0 0.0 0.0 0.0 0.0 0.0 0.0  
    0.0 0.0 0.0 0.0 0.0 0.0 0.0 0.0 0.0 0.0 0.0 0.0 0.0 0.0 0.0 0.0 0.0  
    0.0 0.0 0.0 
  WBEAM = 0.0 0.0 0.0 0.0 0.0 0.0 0.0 0.0 0.0 0.0 0.0 0.0 0.0 0.0 0.0  
    0.0 0.0 0.0 0.0 0.0 0.0 0.0 0.0 0.0 0.0 0.0 0.0 0.0 0.0 0.0 0.0 0.0  
    0.0 0.0 0.0 0.0 0.0 0.0 0.0 0.0 0.0 0.0 0.0 0.0 0.0 0.0 0.0 0.0 0.0  
    0.0 0.0 0.0 0.0 0.0 0.0 0.0 0.0 0.0 0.0 0.0 0.0 0.0 0.0 0.0 0.0 0.0  
    0.0 0.0 0.0 0.0 0.0 0.0 0.0 0.0 0.0 0.0 0.0 0.0 0.0 0.0 0.0 0.0 0.0  
    0.0 0.0 0.0 0.0 0.0 0.0 0.0 0.0 0.0 0.0 0.0 0.0 0.0 0.0 0.0 0.0 0.0  
    0.0 
  WALPHA = 0.0 0.0 0.0 0.0 0.0 0.0 0.0 0.0 0.0 0.0 0.0 0.0 0.0 0.0 0.0  
    0.0 0.0 0.0 0.0 0.0 0.0 0.0 0.0 0.0 0.0 0.0 0.0 0.0 0.0 0.0 0.0 0.0  
    0.0 0.0 0.0 0.0 0.0 0.0 0.0 0.0 0.0 0.0 0.0 0.0 0.0 0.0 0.0 0.0 0.0  
    0.0 0.0 0.0 0.0 0.0 0.0 0.0 0.0 0.0 0.0 0.0 0.0 0.0 0.0 0.0 0.0 0.0  
    0.0 0.0 0.0 0.0 0.0 0.0 0.0 0.0 0.0 0.0 0.0 0.0 0.0 0.0 0.0 0.0 0.0  
    0.0 0.0 0.0 0.0 0.0 0.0 0.0 0.0 0.0 0.0 0.0 0.0 0.0 0.0 0.0 0.0 0.0  
    0.0 
  DENSITY_BEAM = 0.6537 0.6532 0.65353 0.65277 0.65115 0.64856 0.64529  
    0.64126 0.63634 0.63052 0.62383 0.61629 0.60793 0.59881 0.58898  
    0.57852 0.56748 0.55592 0.54388 0.53143 0.51862 0.50552 0.49218  
    0.47867 0.46503 0.45133 0.43759 0.42384 0.41015 0.39657 0.38313  
    0.36988 0.35682 0.34395 0.33132 0.31897 0.30689 0.29508 0.28356  
    0.27239 0.26152 0.25094 0.24068 0.23073 0.22108 0.21175 0.20271  
    0.19396 0.18549 0.17729 0.16937 0.1617 0.15427 0.14709 0.14015  
    0.13343 0.12692 0.12062 0.11451 0.10859 0.10286 0.097297 0.091912  
    0.086695 0.081642 0.076749 0.072012 0.067431 0.063004 0.058734  
    0.054617 0.050653 0.046849 0.043208 0.039735 0.036435 0.033307  
    0.030352 0.027568 0.024957 0.022515 0.020241 0.018131 0.016181  
    0.014386 0.012741 0.01124 0.0098759 0.0086441 0.0075387 0.0065515  
    0.0056747 0.0048962 0.0042042 0.0035877 0.0030376 0.0025471  
    0.002111 0.0017121 0.001313 0.000857 
  DENSITY_ALPHA = 0.0 0.0 0.0 0.0 0.0 0.0 0.0 0.0 0.0 0.0 0.0 0.0 0.0  
    0.0 0.0 0.0 0.0 0.0 0.0 0.0 0.0 0.0 0.0 0.0 0.0 0.0 0.0 0.0 0.0 0.0  
    0.0 0.0 0.0 0.0 0.0 0.0 0.0 0.0 0.0 0.0 0.0 0.0 0.0 0.0 0.0 0.0 0.0  
    0.0 0.0 0.0 0.0 0.0 0.0 0.0 0.0 0.0 0.0 0.0 0.0 0.0 0.0 0.0 0.0 0.0  
    0.0 0.0 0.0 0.0 0.0 0.0 0.0 0.0 0.0 0.0 0.0 0.0 0.0 0.0 0.0 0.0 0.0  
    0.0 0.0 0.0 0.0 0.0 0.0 0.0 0.0 0.0 0.0 0.0 0.0 0.0 0.0 0.0 0.0 0.0  
    0.0 0.0 0.0 
  CHIE = 1.6094 1.621 1.6312 1.6392 1.6447 1.6488 1.6533 1.6588 1.6649  
    1.6714 1.6779 1.6841 1.69 1.6957 1.7009 1.7057 1.71 1.7139 1.7173  
    1.7202 1.7227 1.7247 1.7263 1.7275 1.7284 1.729 1.7293 1.7292  
    1.7291 1.7286 1.728 1.7272 1.7263 1.7252 1.724 1.7226 1.7211 1.7195  
    1.7177 1.7158 1.7138 1.7117 1.7095 1.7071 1.7046 1.7021 1.6993  
    1.6965 1.6936 1.6906 1.6876 1.6844 1.6813 1.6781 1.675 1.6718  
    1.6687 1.6656 1.6626 1.6597 1.6569 1.6544 1.6523 1.6507 1.6495  
    1.6488 1.6485 1.6489 1.6498 1.6514 1.6537 1.657 1.6615 1.6677  
    1.6759 1.6866 1.7005 1.7181 1.7403 1.768 1.8023 1.8446 1.8966  
    1.9604 2.0386 2.1347 2.2529 2.3988 2.58 2.806 3.0833 3.4131 3.8062  
    4.278 4.8495 5.5509 6.4283 7.5593 9.0625 11.931 0.0 
  CHII = 0.47795 0.48959 0.50408 0.51941 0.53553 0.55253 0.57057  
    0.58968 0.60978 0.63087 0.65301 0.67633 0.70094 0.72694 0.75452  
    0.78393 0.81539 0.84918 0.88563 0.92514 0.96819 1.0153 1.0673 1.125  
    1.1895 1.262 1.3396 1.4201 1.5035 1.5899 1.6796 1.7729 1.8698  
    1.9707 2.0758 2.1855 2.3 2.4197 2.545 2.6763 2.8141 2.9586 3.1105  
    3.27 3.4378 3.6144 3.8004 3.9962 4.2026 4.4203 4.6499 4.8923 5.1481  
    5.4183 5.7039 6.0053 6.324 6.6605 7.0161 7.3915 7.7877 8.2056  
    8.6463 9.1106 9.599 10.113 10.652 11.218 11.81 12.429 13.074 13.744  
    14.442 15.167 15.921 16.702 17.512 18.35 19.215 20.105 21.019  
    21.954 22.908 23.878 24.862 25.858 26.863 27.879 28.894 29.926  
    31.004 32.182 33.484 34.927 36.536 38.344 40.404 42.816 45.629  
    51.861 0.0 
  NBDRY = 85 
  RBDRY = 1.1724 1.2201 1.2437 1.2568 1.2854 1.3529 1.3715 1.4101  
    1.4299 1.4699 1.5702 1.6879 1.7634 1.7818 1.8357 1.8705 1.9369  
    1.9684 1.9837 2.0416 2.0813 2.1058 2.1286 2.1695 2.2544 2.2712  
    2.2805 2.2932 2.2963 2.2955 2.2893 2.2502 2.2366 2.2218 2.1707 2.13  
    2.005 1.9321 1.8377 1.702 1.6487 1.6307 1.5576 1.5391 1.5205 1.4831  
    1.3697 1.3506 1.3315 1.2845 1.2811 1.2642 1.2189 1.2117 1.2044  
    1.1911 1.1902 1.1893 1.1858 1.185 1.1816 1.1754 1.1711 1.1682  
    1.1676 1.1575 1.1539 1.1468 1.1433 1.1399 1.1014 1.0884 1.0753  
    1.063 1.0601 1.0574 1.0523 1.05 1.0401 1.0374 1.0377 1.0382 1.0389  
    1.0613 1.149
  ZBDRY = -0.65266 -0.73965 -0.77149 -0.78644 -0.81391 -0.85596  
    -0.86333 -0.87429 -0.87804 -0.88231 -0.87796 -0.85192 -0.82428  
    -0.81618 -0.78917 -0.76896 -0.72368 -0.69869 -0.68567 -0.6299  
    -0.5845 -0.55261 -0.51952 -0.4504 -0.2472 -0.18956 -0.15062  
    -0.071639 0.0082483 0.028227 0.087856 0.24259 0.28017 0.31726  
    0.4254 0.4939 0.64838 0.71612 0.78927 0.87242 0.89929 0.90778  
    0.93932 0.94666 0.95388 0.9677 1.0059 1.0118 1.0176 1.0315 1.0325  
    1.0372 1.0495 1.0515 1.0534 1.0493 1.0453 1.0413 1.0255 1.0215  
    1.006 0.97546 0.95316 0.93858 0.93496 0.88131 0.86161 0.8222  
    0.80248 0.78275 0.54578 0.46686 0.38793 0.30885 0.28904 0.26921  
    0.2295 0.20962 0.089996 -0.0099604 -0.029954 -0.049941 -0.069918  
    -0.26834 -0.59578
  NLIM = 5 
  RLIM = 2.3963 0.9374000000000001 0.9374000000000001 2.3963 2.3963 
  ZLIM = 1.1534 1.1534 -0.98231 -0.98231 1.1534 
  SHOT_ID = '106748' 
  TIME_ID = '13100' 
  SCALE_SION = 1.0 
  SCALE_NE = 1.0 
  SION = 2.3366 2.3335 2.3319 2.331 2.3301 2.329 2.3275 2.3254 2.3229  
    2.3199 2.3164 2.3125 2.3082 2.3034 2.2983 2.2927 2.2867 2.2804  
    2.2738 2.2668 2.2596 2.252 2.2443 2.2363 2.228 2.2196 2.2111 2.2024  
    2.1936 2.1849 2.1762 2.1676 2.1593 2.1512 2.1434 2.1361 2.1292  
    2.1229 2.1173 2.1124 2.1084 2.1052 2.1031 2.1021 2.1022 2.1037  
    2.1066 2.111 2.1171 2.1248 2.1344 2.1459 2.1595 2.1754 2.1936  
    2.2143 2.2378 2.2641 2.2937 2.3267 2.3635 2.4043 2.4495 2.4996  
    2.5552 2.617 2.6857 2.7621 2.8471 2.9419 3.0479 3.1669 3.3007 3.451  
    3.6199 3.81 4.0244 4.2668 4.542 4.8551 5.2124 5.6211 6.0896 6.6277  
    7.2471 7.9608 8.7839 9.7326 10.82 12.055 13.445 14.992 16.696  
    18.557 20.557 22.645 24.652 26.204 26.662 25.351 19.399 
  J_RF = 0.0 0.0 0.0 0.0 0.0 0.0 0.0 0.0 0.0 0.0 0.0 0.0 0.0 0.0 0.0  
    0.0 0.0 0.0 0.0 0.0 0.0 0.0 0.0 0.0 0.0 0.0 0.0 0.0 0.0 0.0 0.0 0.0  
    0.0 0.0 0.0 0.0 0.0 0.0 0.0 0.0 0.0 0.0 0.0 0.0 0.0 0.0 0.0 0.0 0.0  
    0.0 0.0 0.0 0.0 0.0 0.0 0.0 0.0 0.0 0.0 0.0 0.0 0.0 0.0 0.0 0.0 0.0  
    0.0 0.0 0.0 0.0 0.0 0.0 0.0 0.0 0.0 0.0 0.0 0.0 0.0 0.0 0.0 0.0 0.0  
    0.0 0.0 0.0 0.0 0.0 0.0 0.0 0.0 0.0 0.0 0.0 0.0 0.0 0.0 0.0 0.0 0.0  
    0.0 
  PE_RF = 0.0 0.0 0.0 0.0 0.0 0.0 0.0 0.0 0.0 0.0 0.0 0.0 0.0 0.0 0.0  
    0.0 0.0 0.0 0.0 0.0 0.0 0.0 0.0 0.0 0.0 0.0 0.0 0.0 0.0 0.0 0.0 0.0  
    0.0 0.0 0.0 0.0 0.0 0.0 0.0 0.0 0.0 0.0 0.0 0.0 0.0 0.0 0.0 0.0 0.0  
    0.0 0.0 0.0 0.0 0.0 0.0 0.0 0.0 0.0 0.0 0.0 0.0 0.0 0.0 0.0 0.0 0.0  
    0.0 0.0 0.0 0.0 0.0 0.0 0.0 0.0 0.0 0.0 0.0 0.0 0.0 0.0 0.0 0.0 0.0  
    0.0 0.0 0.0 0.0 0.0 0.0 0.0 0.0 0.0 0.0 0.0 0.0 0.0 0.0 0.0 0.0 0.0  
    0.0 
  PI_RF = 0.0 0.0 0.0 0.0 0.0 0.0 0.0 0.0 0.0 0.0 0.0 0.0 0.0 0.0 0.0  
    0.0 0.0 0.0 0.0 0.0 0.0 0.0 0.0 0.0 0.0 0.0 0.0 0.0 0.0 0.0 0.0 0.0  
    0.0 0.0 0.0 0.0 0.0 0.0 0.0 0.0 0.0 0.0 0.0 0.0 0.0 0.0 0.0 0.0 0.0  
    0.0 0.0 0.0 0.0 0.0 0.0 0.0 0.0 0.0 0.0 0.0 0.0 0.0 0.0 0.0 0.0 0.0  
    0.0 0.0 0.0 0.0 0.0 0.0 0.0 0.0 0.0 0.0 0.0 0.0 0.0 0.0 0.0 0.0 0.0  
    0.0 0.0 0.0 0.0 0.0 0.0 0.0 0.0 0.0 0.0 0.0 0.0 0.0 0.0 0.0 0.0 0.0  
    0.0 
/

