&INSTATE
  R0 = 0.668884285 
  B0 = 5.7122937 
  IP = 1.1117943799999999 
  N_ION = 1 
  Z_ION = 1.0 
  A_ION = 2.0 
  F_ION = 1.0 
  N_IMP = 4 
  Z_IMP = 18 5 32 10 
  A_IMP = 40 11 72 20 
  F_IMP = 0.25 0.25 0.25 0.25 
  NRHO = 51 
  RHO = 0.0 0.02 0.04 0.06 0.08 0.1 0.12 0.14 0.16 0.18 0.2 0.22 0.24  
    0.26 0.28 0.3 0.32 0.34 0.36 0.38 0.4 0.42 0.44 0.46 0.48 0.5 0.52  
    0.54 0.56 0.58 0.6 0.62 0.64 0.66 0.68 0.7 0.72 0.74 0.76 0.78 0.8  
    0.82 0.84 0.86 0.88 0.9 0.92 0.94 0.96 0.98 1.0 
  NE = 16.926612075511304 16.926612075511304 16.919079104734916  
    16.903946024281442 16.880501590405213 16.849262417681334  
    16.80987288848132 16.762614728976292 16.70888424995442  
    16.64622446133181 16.577001582273066 16.499447713327758  
    16.415305608115528 16.32344163806687 16.224717129956442  
    16.11870146080305 16.005946356366056 15.885856984390323  
    15.759748320362501 15.626817360106614 15.488449653984805  
    15.344056408653465 15.195369054300528 15.037584757353333  
    14.873932722820072 14.702027321439179 14.524983541748561  
    14.340468881473655 14.151728080261016 13.956223229960585  
    13.757304869310975 13.552617594530261 13.34517871185501  
    13.132962390148666 12.918957342212973 12.701168064659761  
    12.482699147779638 12.258136855822958 12.035926223601042  
    11.804861288014514 11.5774601185393 11.315340676029308  
    11.073573317015239 10.800791779431943 10.554113151908883  
    10.269871143804789 9.925894115288628 9.430142987198916  
    8.695117606249944 7.636588691336225 6.26935914075079 
  TE = 6.2898049863223 6.2898049863223 6.286590142125719  
    6.276901644782968 6.254335263481523 6.224647785422111  
    6.182191730112762 6.132621330676575 6.072103006248152  
    6.003354714077731 5.9232120026663475 5.832610056332519  
    5.729938907012174 5.617542100714227 5.492763986806952  
    5.358036793149977 5.209971019105134 5.051890029163782  
    4.8816646014122975 4.707338993601415 4.531755992979279  
    4.353816100267102 4.175176619921197 3.996675736028842  
    3.825168039618272 3.654721732050529 3.4901133768213697  
    3.326808867026587 3.168840126750114 3.011254377526414  
    2.8579188961680275 2.707458399811145 2.5605178536559317  
    2.40930096690787 2.274817165518132 2.131984607337179  
    2.005569280916651 1.8717652423468176 1.7527024591030274  
    1.6228567871400723 1.515862684729706 1.3992602460042542  
    1.3130281364137661 1.2167997494902614 1.1485261691611397  
    1.0682732349898707 0.9991829545632469 0.9012584073733783  
    0.7861851623085696 0.5468762299900236 0.1826660199824851 
  TI = 3.8958880801818574 3.8958880801818574 3.8862936341777057  
    3.886820453703326 3.8692028250798853 3.857600703653025  
    3.8260155957564703 3.792644600246373 3.738105007897976  
    3.689740384334503 3.620694961418415 3.5578160468000255  
    3.474299892068347 3.3975645554554865 3.3019340273421762  
    3.215364805772827 3.111934566987681 3.019863330025187  
    2.915272465914908 2.8279504087266827 2.7301024998668297  
    2.6515747334701465 2.566043878905408 2.5011148734023334  
    2.426358408947269 2.372563078373221 2.307110298424798  
    2.2603524119131815 2.200414464406847 2.1582765354457325  
    2.099554466965554 2.0587803745175957 1.9990987050907898  
    1.9563121868483822 1.8928920396551163 1.8456891173467374  
    1.7766149700833669 1.7229645638966304 1.6458095288296821  
    1.583744031834661 1.5001226253177005 1.4247251956291498  
    1.3334936649772433 1.2474499173682134 1.1555537389875825  
    1.0698785527691754 0.9927917196485141 0.9036112976845954  
    0.7814180408094289 0.5499764570634309 0.17596104785705702 
  ZEFF = 4.051797732512412 4.051797732512412 4.051802574230285  
    4.051810799011122 4.05181983797889 4.051813468782418  
    4.051793778939377 4.051755526159962 4.051693754517167  
    4.051635975505135 4.051561931756492 4.051531888253848  
    4.051469099594254 4.051446205686405 4.051408444395836  
    4.051391338404342 4.0513666746151635 4.051376480196346  
    4.051356806555805 4.0513721715276425 4.0513568259816175  
    4.051374148597523 4.0513249395784765 4.051305519383007  
    4.051233341750219 4.05120085146903 4.051101464768923  
    4.051049015616927 4.050932080086627 4.050863773676895  
    4.050732568513789 4.050653428012529 4.050538778307821  
    4.050413305523325 4.05028921642217 4.050149810366166  
    4.050016424367568 4.049809457251726 4.049687797095359  
    4.049212412303712 4.049224685243246 4.048809084882572  
    4.048989049748952 4.048632461811707 4.048805897643565  
    4.048539196725306 4.048805947046599 4.049348931336336  
    4.050538754386707 4.052286326090025 4.056027380443396 
  OMEGA = -106588.71897933111 -106588.71897933111 -103964.85906465302  
    -104190.54471895003 -101766.3764060452 -102157.65591920313  
    -99860.17352408255 -100339.66980329351 -98092.59765861975  
    -98581.88818621653 -96309.62454970315 -96740.73699878424  
    -94373.91523101163 -94672.53789398837 -92139.54837956597  
    -92239.9311652912 -89475.04206079338 -89312.92869492137  
    -86258.92908553811 -85784.89066255436 -82404.97782123278  
    -81614.68683183019 -77945.81481394047 -76890.01650941034  
    -72972.63814688919 -71689.38064488448 -67569.89565911566  
    -66107.43742352 -61827.39851959635 -60222.61072509059  
    -55824.035135214 -54124.40383972108 -49652.188430030554  
    -47891.82448760659 -43371.602649812325 -41585.39976773762  
    -37065.33860380582 -35296.3438377368 -30800.8670997632  
    -29075.143991695702 -24643.13882380969 -22997.658653567778  
    -18707.795315821706 -17265.102468621393 -13191.177130884807  
    -11971.161315058733 -8125.80589718392 -7142.305978486367  
    -3544.7509230411724 -2838.9303567257375 336.457218271883 
  J_TOT = 14.172223212456164 14.192760118628721 14.195616885594934  
    14.155096144569356 14.114223984496501 14.075622368824224  
    14.015864885676967 13.939076390033968 13.875235206303943  
    13.868781312638031 13.898476625678077 13.915642476386543  
    13.926825469740383 13.943571307392093 13.959088924264973  
    13.941423813226677 13.817943716148587 13.420133273729908  
    12.62049275780617 11.487883247635963 10.289523929003328  
    9.317555485271853 8.60791030375852 8.021553396720922  
    7.484463173944311 6.961649393162338 6.4473323688052036  
    5.973174211621214 5.540658867165948 5.146878903380227  
    4.788935051879614 4.435753063817348 4.09539256607035  
    3.7966006803096946 3.5201287733151316 3.2565208645601587  
    3.022463892370388 2.8084676635679497 2.606087722728858  
    2.420232890430124 2.2452217849546834 2.0886260995115253  
    1.9552842593461017 1.8233403560953827 1.6963116659601047  
    1.6209240092529373 1.6240729484223775 1.6644780766139953  
    1.7045051962808884 1.777584677670597 1.830315318214655 
  J_OH = 0.0 0.0 0.0 0.0 0.0 0.0 0.0 0.0 0.0 0.0 0.0 0.0 0.0 0.0 0.0  
    0.0 0.0 0.0 0.0 0.0 0.0 0.0 0.0 0.0 0.0 0.0 0.0 0.0 0.0 0.0 0.0 0.0  
    0.0 0.0 0.0 0.0 0.0 0.0 0.0 0.0 0.0 0.0 0.0 0.0 0.0 0.0 0.0 0.0 0.0  
    0.0 0.0 
  J_BS = 0.0 0.0 0.0 0.0 0.0 0.0 0.0 0.0 0.0 0.0 0.0 0.0 0.0 0.0 0.0  
    0.0 0.0 0.0 0.0 0.0 0.0 0.0 0.0 0.0 0.0 0.0 0.0 0.0 0.0 0.0 0.0 0.0  
    0.0 0.0 0.0 0.0 0.0 0.0 0.0 0.0 0.0 0.0 0.0 0.0 0.0 0.0 0.0 0.0 0.0  
    0.0 0.0 
  J_NB = 0.0 0.0 0.0 0.0 0.0 0.0 0.0 0.0 0.0 0.0 0.0 0.0 0.0 0.0 0.0  
    0.0 0.0 0.0 0.0 0.0 0.0 0.0 0.0 0.0 0.0 0.0 0.0 0.0 0.0 0.0 0.0 0.0  
    0.0 0.0 0.0 0.0 0.0 0.0 0.0 0.0 0.0 0.0 0.0 0.0 0.0 0.0 0.0 0.0 0.0  
    0.0 0.0 
  J_EC = 0.0 0.0 0.0 0.0 0.0 0.0 0.0 0.0 0.0 0.0 0.0 0.0 0.0 0.0 0.0  
    0.0 0.0 0.0 0.0 0.0 0.0 0.0 0.0 0.0 0.0 0.0 0.0 0.0 0.0 0.0 0.0 0.0  
    0.0 0.0 0.0 0.0 0.0 0.0 0.0 0.0 0.0 0.0 0.0 0.0 0.0 0.0 0.0 0.0 0.0  
    0.0 0.0 
  J_IC = 0.0 0.0 0.0 0.0 0.0 0.0 0.0 0.0 0.0 0.0 0.0 0.0 0.0 0.0 0.0  
    0.0 0.0 0.0 0.0 0.0 0.0 0.0 0.0 0.0 0.0 0.0 0.0 0.0 0.0 0.0 0.0 0.0  
    0.0 0.0 0.0 0.0 0.0 0.0 0.0 0.0 0.0 0.0 0.0 0.0 0.0 0.0 0.0 0.0 0.0  
    0.0 0.0 
  J_LH = 0.0 0.0 0.0 0.0 0.0 0.0 0.0 0.0 0.0 0.0 0.0 0.0 0.0 0.0 0.0  
    0.0 0.0 0.0 0.0 0.0 0.0 0.0 0.0 0.0 0.0 0.0 0.0 0.0 0.0 0.0 0.0 0.0  
    0.0 0.0 0.0 0.0 0.0 0.0 0.0 0.0 0.0 0.0 0.0 0.0 0.0 0.0 0.0 0.0 0.0  
    0.0 0.0 
  PE_NB = 0.0 0.0 0.0 0.0 0.0 0.0 0.0 0.0 0.0 0.0 0.0 0.0 0.0 0.0 0.0  
    0.0 0.0 0.0 0.0 0.0 0.0 0.0 0.0 0.0 0.0 0.0 0.0 0.0 0.0 0.0 0.0 0.0  
    0.0 0.0 0.0 0.0 0.0 0.0 0.0 0.0 0.0 0.0 0.0 0.0 0.0 0.0 0.0 0.0 0.0  
    0.0 0.0 
  PE_EC = 0.0 0.0 0.0 0.0 0.0 0.0 0.0 0.0 0.0 0.0 0.0 0.0 0.0 0.0 0.0  
    0.0 0.0 0.0 0.0 0.0 0.0 0.0 0.0 0.0 0.0 0.0 0.0 0.0 0.0 0.0 0.0 0.0  
    0.0 0.0 0.0 0.0 0.0 0.0 0.0 0.0 0.0 0.0 0.0 0.0 0.0 0.0 0.0 0.0 0.0  
    0.0 0.0 
  PE_IC = 4.116825190088024 3.6771786563663236 3.0088307475889575  
    2.5272436225631574 2.067863911117744 1.6721914364548474  
    1.3722434498971456 1.2157067994012898 1.1974930856331698  
    1.2776692347093044 1.386867612679032 1.4190072459360334  
    1.3346923002808926 1.2113374958289045 1.0704275427813517  
    0.9534849305467722 0.8828264586800122 0.8223421301685871  
    0.7451787176465066 0.6477418859654573 0.5392106516863743  
    0.4319955322504108 0.4013282771229504 0.3881163562463177  
    0.37160687424414357 0.4050291579150905 0.4050492025782935  
    0.36945466638277363 0.3492963797076934 0.31640141961654467  
    0.2546699920524981 0.2112807059627398 0.19401115347589257  
    0.16880097532114605 0.1428312539810321 0.1297617322781673  
    0.1081621758346073 0.09185518023652409 0.09282402255477246  
    0.07626259470861656 0.06921421112610368 0.0645791183376377  
    0.0469382246244504 0.04236441760460893 0.0365109924806047  
    0.029931365739669216 0.023388697501858922 0.013453538299972334  
    0.006475970329776124 0.004067421655383645 0.001806239692808325 
  PE_LH = 0.0 0.0 0.0 0.0 0.0 0.0 0.0 0.0 0.0 0.0 0.0 0.0 0.0 0.0 0.0  
    0.0 0.0 0.0 0.0 0.0 0.0 0.0 0.0 0.0 0.0 0.0 0.0 0.0 0.0 0.0 0.0 0.0  
    0.0 0.0 0.0 0.0 0.0 0.0 0.0 0.0 0.0 0.0 0.0 0.0 0.0 0.0 0.0 0.0 0.0  
    0.0 0.0 
  PE_FUS = 0.0 0.0 0.0 0.0 0.0 0.0 0.0 0.0 0.0 0.0 0.0 0.0 0.0 0.0 0.0  
    0.0 0.0 0.0 0.0 0.0 0.0 0.0 0.0 0.0 0.0 0.0 0.0 0.0 0.0 0.0 0.0 0.0  
    0.0 0.0 0.0 0.0 0.0 0.0 0.0 0.0 0.0 0.0 0.0 0.0 0.0 0.0 0.0 0.0 0.0  
    0.0 0.0 
  PE_IONIZATION = 0.0 0.0 0.0 0.0 0.0 0.0 0.0 0.0 0.0 0.0 0.0 0.0 0.0  
    0.0 0.0 0.0 0.0 0.0 0.0 0.0 0.0 0.0 0.0 0.0 0.0 0.0 0.0 0.0 0.0 0.0  
    0.0 0.0 0.0 0.0 0.0 0.0 0.0 0.0 0.0 0.0 0.0 0.0 0.0 0.0 0.0 0.0 0.0  
    0.0 0.0 0.0 0.0 
  P_RAD = 0.0 0.0 0.0 0.0 0.0 0.0 0.0 0.0 0.0 0.0 0.0 0.0 0.0 0.0 0.0  
    0.0 0.0 0.0 0.0 0.0 0.0 0.0 0.0 0.0 0.0 0.0 0.0 0.0 0.0 0.0 0.0 0.0  
    0.0 0.0 0.0 0.0 0.0 0.0 0.0 0.0 0.0 0.0 0.0 0.0 0.0 0.0 0.0 0.0 0.0  
    0.0 0.0 
  PI_NB = 0.0 0.0 0.0 0.0 0.0 0.0 0.0 0.0 0.0 0.0 0.0 0.0 0.0 0.0 0.0  
    0.0 0.0 0.0 0.0 0.0 0.0 0.0 0.0 0.0 0.0 0.0 0.0 0.0 0.0 0.0 0.0 0.0  
    0.0 0.0 0.0 0.0 0.0 0.0 0.0 0.0 0.0 0.0 0.0 0.0 0.0 0.0 0.0 0.0 0.0  
    0.0 0.0 
  PI_EC = 0.0 0.0 0.0 0.0 0.0 0.0 0.0 0.0 0.0 0.0 0.0 0.0 0.0 0.0 0.0  
    0.0 0.0 0.0 0.0 0.0 0.0 0.0 0.0 0.0 0.0 0.0 0.0 0.0 0.0 0.0 0.0 0.0  
    0.0 0.0 0.0 0.0 0.0 0.0 0.0 0.0 0.0 0.0 0.0 0.0 0.0 0.0 0.0 0.0 0.0  
    0.0 0.0 
  PI_IC = 0.0 0.0 0.0 0.0 0.0 0.0 0.0 0.0 0.0 0.0 0.0 0.0 0.0 0.0 0.0  
    0.0 0.0 0.0 0.0 0.0 0.0 0.0 0.0 0.0 0.0 0.0 0.0 0.0 0.0 0.0 0.0 0.0  
    0.0 0.0 0.0 0.0 0.0 0.0 0.0 0.0 0.0 0.0 0.0 0.0 0.0 0.0 0.0 0.0 0.0  
    0.0 0.0 
  PI_LH = 0.0 0.0 0.0 0.0 0.0 0.0 0.0 0.0 0.0 0.0 0.0 0.0 0.0 0.0 0.0  
    0.0 0.0 0.0 0.0 0.0 0.0 0.0 0.0 0.0 0.0 0.0 0.0 0.0 0.0 0.0 0.0 0.0  
    0.0 0.0 0.0 0.0 0.0 0.0 0.0 0.0 0.0 0.0 0.0 0.0 0.0 0.0 0.0 0.0 0.0  
    0.0 0.0 
  PI_FUS = 0.0 0.0 0.0 0.0 0.0 0.0 0.0 0.0 0.0 0.0 0.0 0.0 0.0 0.0 0.0  
    0.0 0.0 0.0 0.0 0.0 0.0 0.0 0.0 0.0 0.0 0.0 0.0 0.0 0.0 0.0 0.0 0.0  
    0.0 0.0 0.0 0.0 0.0 0.0 0.0 0.0 0.0 0.0 0.0 0.0 0.0 0.0 0.0 0.0 0.0  
    0.0 0.0 
  PI_IONIZATION = 0.0 0.0 0.0 0.0 0.0 0.0 0.0 0.0 0.0 0.0 0.0 0.0 0.0  
    0.0 0.0 0.0 0.0 0.0 0.0 0.0 0.0 0.0 0.0 0.0 0.0 0.0 0.0 0.0 0.0 0.0  
    0.0 0.0 0.0 0.0 0.0 0.0 0.0 0.0 0.0 0.0 0.0 0.0 0.0 0.0 0.0 0.0 0.0  
    0.0 0.0 0.0 0.0 
  PI_CX = 0.0 0.0 0.0 0.0 0.0 0.0 0.0 0.0 0.0 0.0 0.0 0.0 0.0 0.0 0.0  
    0.0 0.0 0.0 0.0 0.0 0.0 0.0 0.0 0.0 0.0 0.0 0.0 0.0 0.0 0.0 0.0 0.0  
    0.0 0.0 0.0 0.0 0.0 0.0 0.0 0.0 0.0 0.0 0.0 0.0 0.0 0.0 0.0 0.0 0.0  
    0.0 0.0 
  P_OHM = 0.0 0.0 0.0 0.0 0.0 0.0 0.0 0.0 0.0 0.0 0.0 0.0 0.0 0.0 0.0  
    0.0 0.0 0.0 0.0 0.0 0.0 0.0 0.0 0.0 0.0 0.0 0.0 0.0 0.0 0.0 0.0 0.0  
    0.0 0.0 0.0 0.0 0.0 0.0 0.0 0.0 0.0 0.0 0.0 0.0 0.0 0.0 0.0 0.0 0.0  
    0.0 0.0 
  P_EI = 0.0 0.0 0.0 0.0 0.0 0.0 0.0 0.0 0.0 0.0 0.0 0.0 0.0 0.0 0.0  
    0.0 0.0 0.0 0.0 0.0 0.0 0.0 0.0 0.0 0.0 0.0 0.0 0.0 0.0 0.0 0.0 0.0  
    0.0 0.0 0.0 0.0 0.0 0.0 0.0 0.0 0.0 0.0 0.0 0.0 0.0 0.0 0.0 0.0 0.0  
    0.0 0.0 
  TORQUE_NB = 0.0 0.0 0.0 0.0 0.0 0.0 0.0 0.0 0.0 0.0 0.0 0.0 0.0 0.0  
    0.0 0.0 0.0 0.0 0.0 0.0 0.0 0.0 0.0 0.0 0.0 0.0 0.0 0.0 0.0 0.0 0.0  
    0.0 0.0 0.0 0.0 0.0 0.0 0.0 0.0 0.0 0.0 0.0 0.0 0.0 0.0 0.0 0.0 0.0  
    0.0 0.0 0.0 
  TORQUE_IN = 0.0 0.0 0.0 0.0 0.0 0.0 0.0 0.0 0.0 0.0 0.0 0.0 0.0 0.0  
    0.0 0.0 0.0 0.0 0.0 0.0 0.0 0.0 0.0 0.0 0.0 0.0 0.0 0.0 0.0 0.0 0.0  
    0.0 0.0 0.0 0.0 0.0 0.0 0.0 0.0 0.0 0.0 0.0 0.0 0.0 0.0 0.0 0.0 0.0  
    0.0 0.0 0.0 
  SE_NB = 0.0 0.0 0.0 0.0 0.0 0.0 0.0 0.0 0.0 0.0 0.0 0.0 0.0 0.0 0.0  
    0.0 0.0 0.0 0.0 0.0 0.0 0.0 0.0 0.0 0.0 0.0 0.0 0.0 0.0 0.0 0.0 0.0  
    0.0 0.0 0.0 0.0 0.0 0.0 0.0 0.0 0.0 0.0 0.0 0.0 0.0 0.0 0.0 0.0 0.0  
    0.0 0.0 
  SE_IONIZATION = 0.0 0.0 0.0 0.0 0.0 0.0 0.0 0.0 0.0 0.0 0.0 0.0 0.0  
    0.0 0.0 0.0 0.0 0.0 0.0 0.0 0.0 0.0 0.0 0.0 0.0 0.0 0.0 0.0 0.0 0.0  
    0.0 0.0 0.0 0.0 0.0 0.0 0.0 0.0 0.0 0.0 0.0 0.0 0.0 0.0 0.0 0.0 0.0  
    0.0 0.0 0.0 0.0 
  SI_NB = 0.0 0.0 0.0 0.0 0.0 0.0 0.0 0.0 0.0 0.0 0.0 0.0 0.0 0.0 0.0  
    0.0 0.0 0.0 0.0 0.0 0.0 0.0 0.0 0.0 0.0 0.0 0.0 0.0 0.0 0.0 0.0 0.0  
    0.0 0.0 0.0 0.0 0.0 0.0 0.0 0.0 0.0 0.0 0.0 0.0 0.0 0.0 0.0 0.0 0.0  
    0.0 0.0 
  SI_IONIZATION = 0.0 0.0 0.0 0.0 0.0 0.0 0.0 0.0 0.0 0.0 0.0 0.0 0.0  
    0.0 0.0 0.0 0.0 0.0 0.0 0.0 0.0 0.0 0.0 0.0 0.0 0.0 0.0 0.0 0.0 0.0  
    0.0 0.0 0.0 0.0 0.0 0.0 0.0 0.0 0.0 0.0 0.0 0.0 0.0 0.0 0.0 0.0 0.0  
    0.0 0.0 0.0 0.0 
  Q = 0.0 0.0 0.0 0.0 0.0 0.0 0.0 0.0 0.0 0.0 0.0 0.0 0.0 0.0 0.0 0.0  
    0.0 0.0 0.0 0.0 0.0 0.0 0.0 0.0 0.0 0.0 0.0 0.0 0.0 0.0 0.0 0.0 0.0  
    0.0 0.0 0.0 0.0 0.0 0.0 0.0 0.0 0.0 0.0 0.0 0.0 0.0 0.0 0.0 0.0 0.0  
    0.0 
  DENSITY_BEAM = 0.0 0.0 0.0 0.0 0.0 0.0 0.0 0.0 0.0 0.0 0.0 0.0 0.0  
    0.0 0.0 0.0 0.0 0.0 0.0 0.0 0.0 0.0 0.0 0.0 0.0 0.0 0.0 0.0 0.0 0.0  
    0.0 0.0 0.0 0.0 0.0 0.0 0.0 0.0 0.0 0.0 0.0 0.0 0.0 0.0 0.0 0.0 0.0  
    0.0 0.0 0.0 0.0 
  WBEAM = 0.0 0.0 0.0 0.0 0.0 0.0 0.0 0.0 0.0 0.0 0.0 0.0 0.0 0.0 0.0  
    0.0 0.0 0.0 0.0 0.0 0.0 0.0 0.0 0.0 0.0 0.0 0.0 0.0 0.0 0.0 0.0 0.0  
    0.0 0.0 0.0 0.0 0.0 0.0 0.0 0.0 0.0 0.0 0.0 0.0 0.0 0.0 0.0 0.0 0.0  
    0.0 0.0 
  DENSITY_ALPHA = 0.0 0.0 0.0 0.0 0.0 0.0 0.0 0.0 0.0 0.0 0.0 0.0 0.0  
    0.0 0.0 0.0 0.0 0.0 0.0 0.0 0.0 0.0 0.0 0.0 0.0 0.0 0.0 0.0 0.0 0.0  
    0.0 0.0 0.0 0.0 0.0 0.0 0.0 0.0 0.0 0.0 0.0 0.0 0.0 0.0 0.0 0.0 0.0  
    0.0 0.0 0.0 0.0 
  WALPHA = 0.0 0.0 0.0 0.0 0.0 0.0 0.0 0.0 0.0 0.0 0.0 0.0 0.0 0.0 0.0  
    0.0 0.0 0.0 0.0 0.0 0.0 0.0 0.0 0.0 0.0 0.0 0.0 0.0 0.0 0.0 0.0 0.0  
    0.0 0.0 0.0 0.0 0.0 0.0 0.0 0.0 0.0 0.0 0.0 0.0 0.0 0.0 0.0 0.0 0.0  
    0.0 0.0 
  CHIE = 0.0 0.0 0.0 0.0 0.0 0.0 0.0 0.0 0.0 0.0 0.0 0.0 0.0 0.0 0.0  
    0.0 0.0 0.0 0.0 0.0 0.0 0.0 0.0 0.0 0.0 0.0 0.0 0.0 0.0 0.0 0.0 0.0  
    0.0 0.0 0.0 0.0 0.0 0.0 0.0 0.0 0.0 0.0 0.0 0.0 0.0 0.0 0.0 0.0 0.0  
    0.0 0.0 
  CHII = 0.0 0.0 0.0 0.0 0.0 0.0 0.0 0.0 0.0 0.0 0.0 0.0 0.0 0.0 0.0  
    0.0 0.0 0.0 0.0 0.0 0.0 0.0 0.0 0.0 0.0 0.0 0.0 0.0 0.0 0.0 0.0 0.0  
    0.0 0.0 0.0 0.0 0.0 0.0 0.0 0.0 0.0 0.0 0.0 0.0 0.0 0.0 0.0 0.0 0.0  
    0.0 0.0 
/

&BDRY
  NBDRY = 201 
  RBDRY = 0.887052655 0.886902322 0.886405198 0.885565441 0.884387851  
    0.882877838 0.881041236 0.878884221 0.876413465 0.873636189  
    0.870559824 0.867192391 0.863542438 0.859618891 0.855431211  
    0.850989208 0.846302986 0.841382978 0.836240005 0.830884822  
    0.82532841 0.819582162 0.813657175 0.807564907 0.801316917  
    0.79492453 0.788399351 0.781752877 0.77499634 0.768140737  
    0.761196935 0.754175506 0.747086644 0.739940194 0.732745805  
    0.72551275 0.718250036 0.710966499 0.703670592 0.696370651  
    0.689074695 0.681790297 0.674525046 0.66728597 0.660079837  
    0.652913449 0.645793063 0.638725061 0.631715953 0.624772212  
    0.617900471 0.611107546 0.604400456 0.597786377 0.59127243  
    0.584865693 0.578572989 0.572400705 0.566354863 0.560440741  
    0.554662943 0.549025491 0.543531541 0.538183612 0.532983661  
    0.527933108 0.523032928 0.518283779 0.513686121 0.509240311  
    0.504946665 0.500805433 0.496816993 0.492981976 0.489301045  
    0.485775065 0.482405186 0.479192841 0.476139647 0.473247469  
    0.47051841 0.467954781 0.465559062 0.463333813 0.461281627  
    0.459405098 0.457706743 0.456188924 0.454853773 0.453703119  
    0.452738416 0.451960803 0.451370955 0.450968959 0.450754439  
    0.450726367 0.45088309 0.451222346 0.451741096 0.452435669  
    0.453301758 0.454334388 0.455527984 0.456876436 0.458373219  
    0.460011452 0.461783846 0.463682882 0.465700865 0.467829946  
    0.470062217 0.472389816 0.474804938 0.477299879 0.479867281  
    0.482500129 0.485191762 0.487935965 0.490727199 0.493560427  
    0.496431142 0.49933547 0.502270215 0.505232898 0.508221805  
    0.511236084 0.514275937 0.517342908 0.520439923 0.523571295  
    0.526742842 0.529961902 0.53323704 0.536577708 0.539994012  
    0.543496093 0.547093749 0.550796126 0.554611277 0.558545983  
    0.562605798 0.566795198 0.571117741 0.57557635 0.580173731  
    0.584912722 0.589796326 0.594827896 0.600010991 0.605349108  
    0.610845418 0.616502502 0.622321844 0.628303456 0.634445953  
    0.640746058 0.647198915 0.653798418 0.660536783 0.66740528  
    0.674394429 0.681493971 0.688692921 0.695979865 0.703342736  
    0.710768604 0.718244011 0.725754562 0.73328495 0.740819139  
    0.748340448 0.755831485 0.763274431 0.77065134 0.777944109  
    0.785134592 0.792204738 0.799136675 0.805912657 0.812515179  
    0.81892699 0.825131127 0.83111113 0.836851101 0.84233588 0.8475512  
    0.8524837 0.857121129 0.861452401 0.865467588 0.869157949  
    0.872515829 0.875534713 0.878209238 0.880534969 0.88250858  
    0.884127855 0.885391601 0.8862996 0.886852671 0.887052655 
  ZBDRY = -0.00120633515 0.00822737725 0.0176493788 0.0270506259  
    0.0364221893 0.0457552572 0.055041167 0.0642713939 0.0734375641  
    0.0825314757 0.0915451067 0.100470639 0.109300442 0.118027059  
    0.126643261 0.135142028 0.14351657 0.151760354 0.159867096  
    0.167830767 0.17564559 0.183306022 0.190806708 0.19814248  
    0.205308229 0.212298845 0.219109416 0.225734881 0.23217012  
    0.238410081 0.244449569 0.25028327 0.255905747 0.261311413  
    0.266494414 0.27144859 0.276167452 0.280644171 0.28487155  
    0.288842028 0.292547673 0.295980239 0.29913139 0.301992472  
    0.304554641 0.306809012 0.308746471 0.310357778 0.311633676  
    0.312564973 0.313142567 0.313357676 0.313202173 0.312668848  
    0.311751445 0.310445127 0.308746636 0.306654337 0.304168316  
    0.301290171 0.298022985 0.294371247 0.290340492 0.285937085  
    0.281168193 0.276041663 0.270565621 0.264748781 0.258600265  
    0.252129361 0.245345716 0.238259198 0.230879754 0.223217344  
    0.215282021 0.207083649 0.198632002 0.189936941 0.181008369  
    0.171856103 0.162490159 0.152920944 0.143158856 0.133214668  
    0.123099327 0.112823724 0.102398984 0.0918362437 0.0811465457  
    0.0703408856 0.0594304786 0.0484265381 0.0373404063 0.026183745  
    0.0149684617 0.00370647937 -0.0075901472 -0.0189091993  
    -0.0302387697 -0.041566998 -0.0528821517 -0.064172761 -0.0754274695  
    -0.0866348511 -0.0977834836 -0.108861949 -0.119858475 -0.130761385  
    -0.141559064 -0.152239874 -0.162792504 -0.173206066 -0.183469981  
    -0.193573871 -0.203507628 -0.21326102 -0.222823486 -0.232184057  
    -0.241331385 -0.250253531 -0.258938283 -0.267373523 -0.275547285  
    -0.283448326 -0.29106614 -0.298390823 -0.305413109 -0.31212393  
    -0.318513721 -0.324571765 -0.330285823 -0.33564161 -0.340622663  
    -0.3452106 -0.349385939 -0.353128821 -0.356420249 -0.359243505  
    -0.361585432 -0.363437298 -0.364795476 -0.36566188 -0.366043823  
    -0.365953354 -0.365406513 -0.364422439 -0.363022161 -0.36122775  
    -0.359061629 -0.356545939 -0.353702057 -0.350550495 -0.347110927  
    -0.343402137 -0.339441751 -0.335246568 -0.330832392 -0.326213731  
    -0.321403704 -0.316413981 -0.31125471 -0.305934468 -0.300460307  
    -0.294838077 -0.289072543 -0.28316751 -0.277126167 -0.270951159  
    -0.264644682 -0.25820857 -0.251644218 -0.244952582 -0.23813422  
    -0.231189305 -0.224117534 -0.216918551 -0.209591925 -0.202137162  
    -0.19455421 -0.186843356 -0.17900531 -0.17104132 -0.162953173  
    -0.154743173 -0.146414071 -0.137969032 -0.129411765 -0.120746443  
    -0.111977749 -0.103110961 -0.0941519913 -0.0851074404 -0.0759845451  
    -0.0667911133 -0.0575355493 -0.0482266662 -0.0388735756  
    -0.0294855983 -0.0200721363 -0.0106425961 -0.00120633515 
/

