&INSTATE
  R0 = 0.674377273 
  B0 = 5.45694494 
  IP = -0.9115068749999999 
  N_ION = 1 
  Z_ION = 1.0 
  A_ION = 2.0 
  F_ION = 1.0 
  N_IMP = 3 
  Z_IMP = 18 5 31 
  A_IMP = 40 11 69 
  F_IMP = 0.3333333333333333 0.3333333333333333 0.3333333333333333 
  NRHO = 51 
  RHO = 0.0 0.02 0.04 0.06 0.08 0.1 0.12 0.14 0.16 0.18 0.2 0.22 0.24  
    0.26 0.28 0.3 0.32 0.34 0.36 0.38 0.4 0.42 0.44 0.46 0.48 0.5 0.52  
    0.54 0.56 0.58 0.6 0.62 0.64 0.66 0.68 0.7 0.72 0.74 0.76 0.78 0.8  
    0.82 0.84 0.86 0.88 0.9 0.92 0.94 0.96 0.98 1.0 
  NE = 22.02155226237905 22.02155226237905 22.013492480101082  
    21.99199416478015 21.960003391490833 21.91481899496907  
    21.859188922063854 21.790765203051162 21.712700333990856  
    21.620892522028523 21.520352883954583 21.406493257881078  
    21.284022836086873 21.14806294398353 21.004470519904803  
    20.847142660585316 20.68271481424905 20.505055417810812  
    20.320728151625648 20.124226767087247 19.921933316170463  
    19.708243230198054 19.49001018446582 19.271729208586454  
    19.057495725474144 18.843366206139205 18.633576594829723  
    18.424053707074474 18.218931015377418 18.014216113135422  
    17.814085131105717 17.614537648378896 17.418955671489453  
    17.22633823894704 17.04229226908762 16.85845162482312  
    16.68221734015265 16.50480738040309 16.344397700480112  
    16.17257023420669 16.0568876662711 15.950667673691289  
    15.858686389932377 15.753015879205488 15.631365209550935  
    15.496458637028226 15.265104285516337 14.800864114797573  
    13.339126242254718 10.318722171586018 6.878543832251577 
  TE = 3.09155800821593 3.09155800821593 3.0819149325478445  
    3.068598050466841 3.04532852625505 3.018561441539121  
    2.9818166924910754 2.9418526381359182 2.892380649342252  
    2.83913240938701 2.7769089492434667 2.7110943971087558  
    2.6364883564301413 2.5580553473286836 2.471541408110684  
    2.3809225553166016 2.282602103751813 2.1805769526858656  
    2.0776325457361713 1.9802570477097632 1.882514683137718  
    1.790551375887611 1.6999588413651212 1.615958674794352  
    1.5332165124579804 1.4568828246314087 1.3818315471537077  
    1.3127885690288954 1.2452867374607717 1.182227138190766  
    1.122760120109818 1.0665899790579227 1.0142059270350048  
    0.9673636805893662 0.9229993509375436 0.8831436695450612  
    0.8441755062961904 0.808588923475515 0.773325580372326  
    0.7407994737079029 0.7073054451056664 0.6762513224112883  
    0.6438736694209062 0.6140975356914444 0.58373845057534  
    0.5606321292373779 0.5266093312861233 0.48793309838074017  
    0.3797317275488935 0.1996668592636921 0.08125889906786327 
  TI = 2.56112709152324 2.56112709152324 2.5384975840452406  
    2.5250254962590266 2.4907319206273955 2.4610953974549035  
    2.4165101651361494 2.381451984767127 2.32801233492826  
    2.2820259918168904 2.2202556216732483 2.16728009430109  
    2.0980119995387025 2.040496881987774 1.9684295718473552  
    1.9078082301054273 1.8339782726198943 1.773273010964445  
    1.7013463097657109 1.6468245908202568 1.582573627061962  
    1.5341908415428356 1.4756156668238125 1.432942787459114  
    1.3776220350598365 1.3390142867519668 1.2869192333431467  
    1.2506401996535037 1.2003245582747626 1.1650614173343397  
    1.1164146384680924 1.0813558596056998 1.033356696487537  
    0.9995702330076544 0.9515402039571148 0.9179759110764436  
    0.8700571788673999 0.8362365328994286 0.7876809927669268  
    0.7536753012274877 0.7045543781905239 0.6703615226827717  
    0.6208007675598048 0.5864336339276872 0.5840394969635729  
    0.5496782631497785 0.5370585646099075 0.4768924452711094  
    0.3903063224099703 0.18854925947959322 0.09197135043198162 
  ZEFF = 2.0000001342266147 2.0000001342266147 2.0000000843817576  
    2.0000006549655884 1.9999984644205244 2.0000021921733393  
    1.9999984554514536 2.0000004525811996 1.9999996622480904  
    1.9999993978763815 2.0000010859391635 1.9999976702857443  
    2.0000023729097056 1.9999963211840353 2.0000042552156243  
    1.9999955152555784 2.0000035850811253 1.9999951906261293  
    2.000004928786371 1.9999943731345557 2.000005035637049  
    1.999994914710459 2.0000037965395947 1.999996902772872  
    2.000003883466789 1.9999964062945015 2.000004023338148  
    1.9999967753121144 2.000003560373436 1.9999956325002932  
    2.0000056654098097 1.999994179731238 2.000006104940775  
    1.99999429700265 2.000005628152426 1.9999946057858216  
    2.000006061261133 1.9999923445022056 2.0000069014290145  
    1.999992697259362 2.000007430938078 1.9999934251129945  
    2.0000065396207574 1.9999928229545723 2.000007103930479  
    1.9999923266321558 2.000008512377267 1.9999910643105823  
    2.0000088651180485 1.9999909126107194 2.0000093643637578 
  OMEGA = 63941.746102929195 63941.746102929195 62841.12843789331  
    63300.22306368156 62591.511331541005 63364.83229479544  
    62887.99630158621 63803.37027565628 63382.722966081325  
    64277.27664711541 63755.92627586776 64469.15173287328  
    63686.3020344012 64064.6042155988 62878.68388459429  
    62782.06093671054 61048.88462815474 60352.03904548965  
    58022.37972945494 56782.91233754921 53978.93759474313  
    52336.053761250696 49203.23752233227 47311.11126092396  
    43999.90412423232 41990.340624773125 38625.618135156525  
    36621.61600988363 33317.449738699965 31425.71217619275  
    28282.20320194921 26594.799342017403 23697.229290955176  
    22294.198151151526 19684.55026491722 18497.19538689153  
    16038.606937715354 14998.659997748775 12687.898596001225  
    11785.71011946111 9586.626388018543 8778.42373447997  
    6672.792621620127 5960.022123415167 3952.605764395181  
    3344.1528047996517 1448.5227736028774 963.32752191379  
    -780.2790687094846 -1042.493483700545 -2422.9690990570743 
  J_TOT = 13.136796686632849 13.174020623798606 13.216634473709902  
    13.20122387263417 13.166137059661915 13.135811095108549  
    13.111691291694589 13.098333548317838 13.107486323863021  
    13.1337923399827 13.150860174515895 13.15514099793034  
    13.135193643321216 13.020810602967545 12.682287659352653  
    12.045527673480558 11.171708958866978 10.183064164855528  
    9.22974688748096 8.429813725648538 7.769851770645685  
    7.1910935837246885 6.6563502329354405 6.156925183452751  
    5.708147067890463 5.302186396517158 4.927274623806225  
    4.592931895644872 4.289507942223949 4.002307912981581  
    3.744832728658308 3.518835556997373 3.3109506764825527  
    3.1250918749135543 2.966498609655253 2.825322828531559  
    2.6948710808625713 2.5762025092320964 2.4682739525173005  
    2.3695665914980006 2.2802379082525586 2.19901731773095  
    2.1128807354768293 1.99991741808572 1.9166882481239205  
    1.859953110720103 1.7591155972801704 1.6412722517970517  
    1.5434232585933807 1.4962783721820812 1.4907843990914649 
  J_OH = 0.0 0.0 0.0 0.0 0.0 0.0 0.0 0.0 0.0 0.0 0.0 0.0 0.0 0.0 0.0  
    0.0 0.0 0.0 0.0 0.0 0.0 0.0 0.0 0.0 0.0 0.0 0.0 0.0 0.0 0.0 0.0 0.0  
    0.0 0.0 0.0 0.0 0.0 0.0 0.0 0.0 0.0 0.0 0.0 0.0 0.0 0.0 0.0 0.0 0.0  
    0.0 0.0 
  J_BS = 0.0 0.0 0.0 0.0 0.0 0.0 0.0 0.0 0.0 0.0 0.0 0.0 0.0 0.0 0.0  
    0.0 0.0 0.0 0.0 0.0 0.0 0.0 0.0 0.0 0.0 0.0 0.0 0.0 0.0 0.0 0.0 0.0  
    0.0 0.0 0.0 0.0 0.0 0.0 0.0 0.0 0.0 0.0 0.0 0.0 0.0 0.0 0.0 0.0 0.0  
    0.0 0.0 
  J_NB = 0.0 0.0 0.0 0.0 0.0 0.0 0.0 0.0 0.0 0.0 0.0 0.0 0.0 0.0 0.0  
    0.0 0.0 0.0 0.0 0.0 0.0 0.0 0.0 0.0 0.0 0.0 0.0 0.0 0.0 0.0 0.0 0.0  
    0.0 0.0 0.0 0.0 0.0 0.0 0.0 0.0 0.0 0.0 0.0 0.0 0.0 0.0 0.0 0.0 0.0  
    0.0 0.0 
  J_EC = 0.0 0.0 0.0 0.0 0.0 0.0 0.0 0.0 0.0 0.0 0.0 0.0 0.0 0.0 0.0  
    0.0 0.0 0.0 0.0 0.0 0.0 0.0 0.0 0.0 0.0 0.0 0.0 0.0 0.0 0.0 0.0 0.0  
    0.0 0.0 0.0 0.0 0.0 0.0 0.0 0.0 0.0 0.0 0.0 0.0 0.0 0.0 0.0 0.0 0.0  
    0.0 0.0 
  J_IC = 0.0 0.0 0.0 0.0 0.0 0.0 0.0 0.0 0.0 0.0 0.0 0.0 0.0 0.0 0.0  
    0.0 0.0 0.0 0.0 0.0 0.0 0.0 0.0 0.0 0.0 0.0 0.0 0.0 0.0 0.0 0.0 0.0  
    0.0 0.0 0.0 0.0 0.0 0.0 0.0 0.0 0.0 0.0 0.0 0.0 0.0 0.0 0.0 0.0 0.0  
    0.0 0.0 
  J_LH = 0.0 0.0 0.0 0.0 0.0 0.0 0.0 0.0 0.0 0.0 0.0 0.0 0.0 0.0 0.0  
    0.0 0.0 0.0 0.0 0.0 0.0 0.0 0.0 0.0 0.0 0.0 0.0 0.0 0.0 0.0 0.0 0.0  
    0.0 0.0 0.0 0.0 0.0 0.0 0.0 0.0 0.0 0.0 0.0 0.0 0.0 0.0 0.0 0.0 0.0  
    0.0 0.0 
  PE_NB = 0.0 0.0 0.0 0.0 0.0 0.0 0.0 0.0 0.0 0.0 0.0 0.0 0.0 0.0 0.0  
    0.0 0.0 0.0 0.0 0.0 0.0 0.0 0.0 0.0 0.0 0.0 0.0 0.0 0.0 0.0 0.0 0.0  
    0.0 0.0 0.0 0.0 0.0 0.0 0.0 0.0 0.0 0.0 0.0 0.0 0.0 0.0 0.0 0.0 0.0  
    0.0 0.0 
  PE_EC = 0.0 0.0 0.0 0.0 0.0 0.0 0.0 0.0 0.0 0.0 0.0 0.0 0.0 0.0 0.0  
    0.0 0.0 0.0 0.0 0.0 0.0 0.0 0.0 0.0 0.0 0.0 0.0 0.0 0.0 0.0 0.0 0.0  
    0.0 0.0 0.0 0.0 0.0 0.0 0.0 0.0 0.0 0.0 0.0 0.0 0.0 0.0 0.0 0.0 0.0  
    0.0 0.0 
  PE_IC = 0.4912246753640911 0.5314335972548665 0.6433053976626804  
    0.7221572073193747 0.77020531482801 0.7772754526805917  
    0.6925296754463227 0.573148968223565 0.440157117252311  
    0.337243452655772 0.28864290086927985 0.2713779040284663  
    0.2684395050355656 0.2507397048396669 0.22177791215135068  
    0.19584192559069868 0.15670368252877648 0.1270346932905194  
    0.10868707660061397 0.0943349652485867 0.08938687074380973  
    0.08888866869756722 0.07954935941991201 0.06776706423772898  
    0.057601956492890405 0.043399071459975846 0.031083903705788295  
    0.022899209312523903 0.019658467753166573 0.017327358653387914  
    0.016034245727572803 0.017441164340841146 0.015703358939282368  
    0.012679390393813373 0.010837653828080671 0.008655703118641205  
    0.006606643045235641 0.006127278894255252 0.005514443026383298  
    0.004690210820320826 0.00400122427275366 0.0031378097855718585  
    0.0031674231611991148 0.0029938027279893045 0.002571426677775392  
    0.0020371692146565557 0.0014814323761315645 0.0009600951398654021  
    0.0003579305373505737 3.137258861689599e-05 1.1961507150118062e-05 
  PE_LH = 0.0 0.0 0.0 0.0 0.0 0.0 0.0 0.0 0.0 0.0 0.0 0.0 0.0 0.0 0.0  
    0.0 0.0 0.0 0.0 0.0 0.0 0.0 0.0 0.0 0.0 0.0 0.0 0.0 0.0 0.0 0.0 0.0  
    0.0 0.0 0.0 0.0 0.0 0.0 0.0 0.0 0.0 0.0 0.0 0.0 0.0 0.0 0.0 0.0 0.0  
    0.0 0.0 
  PE_FUS = 0.0 0.0 0.0 0.0 0.0 0.0 0.0 0.0 0.0 0.0 0.0 0.0 0.0 0.0 0.0  
    0.0 0.0 0.0 0.0 0.0 0.0 0.0 0.0 0.0 0.0 0.0 0.0 0.0 0.0 0.0 0.0 0.0  
    0.0 0.0 0.0 0.0 0.0 0.0 0.0 0.0 0.0 0.0 0.0 0.0 0.0 0.0 0.0 0.0 0.0  
    0.0 0.0 
  PE_IONIZATION = 0.0 0.0 0.0 0.0 0.0 0.0 0.0 0.0 0.0 0.0 0.0 0.0 0.0  
    0.0 0.0 0.0 0.0 0.0 0.0 0.0 0.0 0.0 0.0 0.0 0.0 0.0 0.0 0.0 0.0 0.0  
    0.0 0.0 0.0 0.0 0.0 0.0 0.0 0.0 0.0 0.0 0.0 0.0 0.0 0.0 0.0 0.0 0.0  
    0.0 0.0 0.0 0.0 
  P_RAD = 0.0 0.0 0.0 0.0 0.0 0.0 0.0 0.0 0.0 0.0 0.0 0.0 0.0 0.0 0.0  
    0.0 0.0 0.0 0.0 0.0 0.0 0.0 0.0 0.0 0.0 0.0 0.0 0.0 0.0 0.0 0.0 0.0  
    0.0 0.0 0.0 0.0 0.0 0.0 0.0 0.0 0.0 0.0 0.0 0.0 0.0 0.0 0.0 0.0 0.0  
    0.0 0.0 
  PI_NB = 0.0 0.0 0.0 0.0 0.0 0.0 0.0 0.0 0.0 0.0 0.0 0.0 0.0 0.0 0.0  
    0.0 0.0 0.0 0.0 0.0 0.0 0.0 0.0 0.0 0.0 0.0 0.0 0.0 0.0 0.0 0.0 0.0  
    0.0 0.0 0.0 0.0 0.0 0.0 0.0 0.0 0.0 0.0 0.0 0.0 0.0 0.0 0.0 0.0 0.0  
    0.0 0.0 
  PI_EC = 0.0 0.0 0.0 0.0 0.0 0.0 0.0 0.0 0.0 0.0 0.0 0.0 0.0 0.0 0.0  
    0.0 0.0 0.0 0.0 0.0 0.0 0.0 0.0 0.0 0.0 0.0 0.0 0.0 0.0 0.0 0.0 0.0  
    0.0 0.0 0.0 0.0 0.0 0.0 0.0 0.0 0.0 0.0 0.0 0.0 0.0 0.0 0.0 0.0 0.0  
    0.0 0.0 
  PI_IC = 0.0 0.0 0.0 0.0 0.0 0.0 0.0 0.0 0.0 0.0 0.0 0.0 0.0 0.0 0.0  
    0.0 0.0 0.0 0.0 0.0 0.0 0.0 0.0 0.0 0.0 0.0 0.0 0.0 0.0 0.0 0.0 0.0  
    0.0 0.0 0.0 0.0 0.0 0.0 0.0 0.0 0.0 0.0 0.0 0.0 0.0 0.0 0.0 0.0 0.0  
    0.0 0.0 
  PI_LH = 0.0 0.0 0.0 0.0 0.0 0.0 0.0 0.0 0.0 0.0 0.0 0.0 0.0 0.0 0.0  
    0.0 0.0 0.0 0.0 0.0 0.0 0.0 0.0 0.0 0.0 0.0 0.0 0.0 0.0 0.0 0.0 0.0  
    0.0 0.0 0.0 0.0 0.0 0.0 0.0 0.0 0.0 0.0 0.0 0.0 0.0 0.0 0.0 0.0 0.0  
    0.0 0.0 
  PI_FUS = 0.0 0.0 0.0 0.0 0.0 0.0 0.0 0.0 0.0 0.0 0.0 0.0 0.0 0.0 0.0  
    0.0 0.0 0.0 0.0 0.0 0.0 0.0 0.0 0.0 0.0 0.0 0.0 0.0 0.0 0.0 0.0 0.0  
    0.0 0.0 0.0 0.0 0.0 0.0 0.0 0.0 0.0 0.0 0.0 0.0 0.0 0.0 0.0 0.0 0.0  
    0.0 0.0 
  PI_IONIZATION = 0.0 0.0 0.0 0.0 0.0 0.0 0.0 0.0 0.0 0.0 0.0 0.0 0.0  
    0.0 0.0 0.0 0.0 0.0 0.0 0.0 0.0 0.0 0.0 0.0 0.0 0.0 0.0 0.0 0.0 0.0  
    0.0 0.0 0.0 0.0 0.0 0.0 0.0 0.0 0.0 0.0 0.0 0.0 0.0 0.0 0.0 0.0 0.0  
    0.0 0.0 0.0 0.0 
  PI_CX = 0.0 0.0 0.0 0.0 0.0 0.0 0.0 0.0 0.0 0.0 0.0 0.0 0.0 0.0 0.0  
    0.0 0.0 0.0 0.0 0.0 0.0 0.0 0.0 0.0 0.0 0.0 0.0 0.0 0.0 0.0 0.0 0.0  
    0.0 0.0 0.0 0.0 0.0 0.0 0.0 0.0 0.0 0.0 0.0 0.0 0.0 0.0 0.0 0.0 0.0  
    0.0 0.0 
  P_OHM = 0.0 0.0 0.0 0.0 0.0 0.0 0.0 0.0 0.0 0.0 0.0 0.0 0.0 0.0 0.0  
    0.0 0.0 0.0 0.0 0.0 0.0 0.0 0.0 0.0 0.0 0.0 0.0 0.0 0.0 0.0 0.0 0.0  
    0.0 0.0 0.0 0.0 0.0 0.0 0.0 0.0 0.0 0.0 0.0 0.0 0.0 0.0 0.0 0.0 0.0  
    0.0 0.0 
  P_EI = 0.0 0.0 0.0 0.0 0.0 0.0 0.0 0.0 0.0 0.0 0.0 0.0 0.0 0.0 0.0  
    0.0 0.0 0.0 0.0 0.0 0.0 0.0 0.0 0.0 0.0 0.0 0.0 0.0 0.0 0.0 0.0 0.0  
    0.0 0.0 0.0 0.0 0.0 0.0 0.0 0.0 0.0 0.0 0.0 0.0 0.0 0.0 0.0 0.0 0.0  
    0.0 0.0 
  TORQUE_NB = 0.0 0.0 0.0 0.0 0.0 0.0 0.0 0.0 0.0 0.0 0.0 0.0 0.0 0.0  
    0.0 0.0 0.0 0.0 0.0 0.0 0.0 0.0 0.0 0.0 0.0 0.0 0.0 0.0 0.0 0.0 0.0  
    0.0 0.0 0.0 0.0 0.0 0.0 0.0 0.0 0.0 0.0 0.0 0.0 0.0 0.0 0.0 0.0 0.0  
    0.0 0.0 0.0 
  TORQUE_IN = 0.0 0.0 0.0 0.0 0.0 0.0 0.0 0.0 0.0 0.0 0.0 0.0 0.0 0.0  
    0.0 0.0 0.0 0.0 0.0 0.0 0.0 0.0 0.0 0.0 0.0 0.0 0.0 0.0 0.0 0.0 0.0  
    0.0 0.0 0.0 0.0 0.0 0.0 0.0 0.0 0.0 0.0 0.0 0.0 0.0 0.0 0.0 0.0 0.0  
    0.0 0.0 0.0 
  SE_NB = 0.0 0.0 0.0 0.0 0.0 0.0 0.0 0.0 0.0 0.0 0.0 0.0 0.0 0.0 0.0  
    0.0 0.0 0.0 0.0 0.0 0.0 0.0 0.0 0.0 0.0 0.0 0.0 0.0 0.0 0.0 0.0 0.0  
    0.0 0.0 0.0 0.0 0.0 0.0 0.0 0.0 0.0 0.0 0.0 0.0 0.0 0.0 0.0 0.0 0.0  
    0.0 0.0 
  SE_IONIZATION = 0.0 0.0 0.0 0.0 0.0 0.0 0.0 0.0 0.0 0.0 0.0 0.0 0.0  
    0.0 0.0 0.0 0.0 0.0 0.0 0.0 0.0 0.0 0.0 0.0 0.0 0.0 0.0 0.0 0.0 0.0  
    0.0 0.0 0.0 0.0 0.0 0.0 0.0 0.0 0.0 0.0 0.0 0.0 0.0 0.0 0.0 0.0 0.0  
    0.0 0.0 0.0 0.0 
  SI_NB = 0.0 0.0 0.0 0.0 0.0 0.0 0.0 0.0 0.0 0.0 0.0 0.0 0.0 0.0 0.0  
    0.0 0.0 0.0 0.0 0.0 0.0 0.0 0.0 0.0 0.0 0.0 0.0 0.0 0.0 0.0 0.0 0.0  
    0.0 0.0 0.0 0.0 0.0 0.0 0.0 0.0 0.0 0.0 0.0 0.0 0.0 0.0 0.0 0.0 0.0  
    0.0 0.0 
  SI_IONIZATION = 0.0 0.0 0.0 0.0 0.0 0.0 0.0 0.0 0.0 0.0 0.0 0.0 0.0  
    0.0 0.0 0.0 0.0 0.0 0.0 0.0 0.0 0.0 0.0 0.0 0.0 0.0 0.0 0.0 0.0 0.0  
    0.0 0.0 0.0 0.0 0.0 0.0 0.0 0.0 0.0 0.0 0.0 0.0 0.0 0.0 0.0 0.0 0.0  
    0.0 0.0 0.0 0.0 
  Q = 0.0 0.0 0.0 0.0 0.0 0.0 0.0 0.0 0.0 0.0 0.0 0.0 0.0 0.0 0.0 0.0  
    0.0 0.0 0.0 0.0 0.0 0.0 0.0 0.0 0.0 0.0 0.0 0.0 0.0 0.0 0.0 0.0 0.0  
    0.0 0.0 0.0 0.0 0.0 0.0 0.0 0.0 0.0 0.0 0.0 0.0 0.0 0.0 0.0 0.0 0.0  
    0.0 
  DENSITY_BEAM = 0.0 0.0 0.0 0.0 0.0 0.0 0.0 0.0 0.0 0.0 0.0 0.0 0.0  
    0.0 0.0 0.0 0.0 0.0 0.0 0.0 0.0 0.0 0.0 0.0 0.0 0.0 0.0 0.0 0.0 0.0  
    0.0 0.0 0.0 0.0 0.0 0.0 0.0 0.0 0.0 0.0 0.0 0.0 0.0 0.0 0.0 0.0 0.0  
    0.0 0.0 0.0 0.0 
  WBEAM = 0.0 0.0 0.0 0.0 0.0 0.0 0.0 0.0 0.0 0.0 0.0 0.0 0.0 0.0 0.0  
    0.0 0.0 0.0 0.0 0.0 0.0 0.0 0.0 0.0 0.0 0.0 0.0 0.0 0.0 0.0 0.0 0.0  
    0.0 0.0 0.0 0.0 0.0 0.0 0.0 0.0 0.0 0.0 0.0 0.0 0.0 0.0 0.0 0.0 0.0  
    0.0 0.0 
  DENSITY_ALPHA = 0.0 0.0 0.0 0.0 0.0 0.0 0.0 0.0 0.0 0.0 0.0 0.0 0.0  
    0.0 0.0 0.0 0.0 0.0 0.0 0.0 0.0 0.0 0.0 0.0 0.0 0.0 0.0 0.0 0.0 0.0  
    0.0 0.0 0.0 0.0 0.0 0.0 0.0 0.0 0.0 0.0 0.0 0.0 0.0 0.0 0.0 0.0 0.0  
    0.0 0.0 0.0 0.0 
  WALPHA = 0.0 0.0 0.0 0.0 0.0 0.0 0.0 0.0 0.0 0.0 0.0 0.0 0.0 0.0 0.0  
    0.0 0.0 0.0 0.0 0.0 0.0 0.0 0.0 0.0 0.0 0.0 0.0 0.0 0.0 0.0 0.0 0.0  
    0.0 0.0 0.0 0.0 0.0 0.0 0.0 0.0 0.0 0.0 0.0 0.0 0.0 0.0 0.0 0.0 0.0  
    0.0 0.0 
  CHIE = 0.0 0.0 0.0 0.0 0.0 0.0 0.0 0.0 0.0 0.0 0.0 0.0 0.0 0.0 0.0  
    0.0 0.0 0.0 0.0 0.0 0.0 0.0 0.0 0.0 0.0 0.0 0.0 0.0 0.0 0.0 0.0 0.0  
    0.0 0.0 0.0 0.0 0.0 0.0 0.0 0.0 0.0 0.0 0.0 0.0 0.0 0.0 0.0 0.0 0.0  
    0.0 0.0 
  CHII = 0.0 0.0 0.0 0.0 0.0 0.0 0.0 0.0 0.0 0.0 0.0 0.0 0.0 0.0 0.0  
    0.0 0.0 0.0 0.0 0.0 0.0 0.0 0.0 0.0 0.0 0.0 0.0 0.0 0.0 0.0 0.0 0.0  
    0.0 0.0 0.0 0.0 0.0 0.0 0.0 0.0 0.0 0.0 0.0 0.0 0.0 0.0 0.0 0.0 0.0  
    0.0 0.0 
/

&BDRY
  NBDRY = 201 
  RBDRY = 0.891692042 0.891923311 0.891769018 0.891232414 0.890318036  
    0.889031374 0.88737919 0.885369526 0.883011401 0.880314653  
    0.877290334 0.873950216 0.87030673 0.866372973 0.862162392  
    0.857688776 0.85296613 0.848008476 0.842829608 0.837443432  
    0.831863642 0.826103406 0.820175807 0.814093526 0.807868838  
    0.801513615 0.795039053 0.788456141 0.781775296 0.775006075  
    0.768157867 0.761239389 0.754258871 0.747224318 0.740143186  
    0.733022728 0.725869954 0.718691542 0.711494009 0.70428382  
    0.697067261 0.689850415 0.682639561 0.675440948 0.668260813  
    0.661105554 0.653981979 0.646896916 0.639857292 0.632870274  
    0.625943038 0.619082706 0.612296224 0.605590284 0.598971419  
    0.592445788 0.586019218 0.579697307 0.573485399 0.567388715  
    0.561412394 0.555561502 0.549841072 0.544256112 0.538811624  
    0.533512537 0.528363492 0.523369226 0.518534362 0.51386318  
    0.509359922 0.505028744 0.500873685 0.496898606 0.493107095  
    0.489502531 0.486087948 0.48286588 0.479838386 0.477006818  
    0.47437185 0.471933519 0.469691026 0.467642968 0.465787232  
    0.464120924 0.462640676 0.461342524 0.460221827 0.459273282  
    0.458491044 0.457868647 0.45739904 0.457074675 0.456887552  
    0.456829402 0.456891805 0.457066311 0.457344638 0.457718717  
    0.458180785 0.458723464 0.459339709 0.46002281 0.460766405  
    0.461564495 0.462411388 0.463301812 0.464231014 0.465194848  
    0.466189894 0.467213575 0.468264252 0.469341266 0.470444872  
    0.471576189 0.472737044 0.473929815 0.475157364 0.476422809  
    0.477729529 0.479081249 0.480482106 0.481936939 0.483451515  
    0.485032784 0.486689232 0.488431105 0.490270346 0.492220481  
    0.494296589 0.49651469 0.498891234 0.501442531 0.504183905  
    0.507129155 0.510290146 0.513676384 0.517294544 0.521148754  
    0.525240839 0.529570529 0.53413579 0.538933449 0.543959677  
    0.54921032 0.554681036 0.560367523 0.566265523 0.572370681  
    0.578678322 0.585183309 0.591879845 0.598761312 0.605820243  
    0.61304812 0.620435596 0.627972676 0.635648457 0.643451645  
    0.651370466 0.659392506 0.667505006 0.675694699 0.683947742  
    0.692249708 0.70058562 0.708939958 0.71729666 0.725639195  
    0.733950807 0.742214614 0.750413597 0.758530705 0.766549263  
    0.774452474 0.782223701 0.789846672 0.797304783 0.804581966  
    0.811662376 0.818530035 0.82516957 0.83156594 0.837704599  
    0.843571686 0.84915383 0.85443847 0.859413803 0.864068658  
    0.868392597 0.872375861 0.876009405 0.879284975 0.882195213  
    0.884733541 0.886894345 0.888673213 0.890066966 0.891073499  
    0.891692042 
  ZBDRY = 0.000779380614 0.00970437207 0.0186111856 0.0274924226  
    0.0363404602 0.0451474236 0.0539052897 0.0626060107 0.071241729  
    0.0798050131 0.0882890516 0.0966876922 0.10499543 0.113207324  
    0.121318786 0.129325379 0.137222618 0.145005798 0.152669955  
    0.160209905 0.167620271 0.174895553 0.182030273 0.189019058  
    0.195856512 0.202537093 0.209055167 0.215404637 0.221578836  
    0.227570501 0.233371704 0.238973848 0.244367823 0.249544183  
    0.254493205 0.25920506 0.263669878 0.267877727 0.27181844  
    0.275481761 0.278857231 0.281934118 0.284701696 0.287149198  
    0.289266139 0.291042689 0.292469763 0.293539281 0.294244349  
    0.294579339 0.294539796 0.294122406 0.293324888 0.292145895  
    0.290584973 0.288642493 0.286319703 0.283618778 0.280542745  
    0.277095513 0.273281842 0.26910723 0.264577652 0.259699412  
    0.254479051 0.248923231 0.243038519 0.236831649 0.230309501  
    0.223479106 0.216347976 0.208924165 0.201216161 0.193232839  
    0.184983672 0.176478249 0.167726234 0.158737444 0.14952173  
    0.140088896 0.130448923 0.120612185 0.110589414 0.100391926  
    0.0900315717 0.0795206121 0.0688717339 0.0580978164 0.047211647  
    0.0362257685 0.0251526534 0.0140044638 0.0027932236 -0.00846889068  
    -0.0197694306 -0.0310957527 -0.0424348041 -0.0537730406  
    -0.0650969393 -0.076392911 -0.0876475498 -0.0988479239 -0.109981561  
    -0.121036338 -0.132000417 -0.14286206 -0.153609169 -0.164229279  
    -0.174709469 -0.185036303 -0.195196034 -0.205175083 -0.214960188  
    -0.224538572 -0.233898394 -0.243028424 -0.251917839 -0.260556007  
    -0.268932049 -0.277034337 -0.284850448 -0.292367248 -0.299570908  
    -0.306447799 -0.312985063 -0.319171102 -0.324996236 -0.330453123  
    -0.33553642 -0.340242248 -0.34456778 -0.348509922 -0.35206458  
    -0.35522617 -0.357987191 -0.360338579 -0.362270534 -0.363773651  
    -0.364840419 -0.365466637 -0.365652561 -0.365403751 -0.364731245  
    -0.363651008 -0.362183034 -0.360350138 -0.358176221 -0.355684957  
    -0.352898657 -0.349837398 -0.346518745 -0.342957902 -0.339168131  
    -0.335161281 -0.330948339 -0.326539924 -0.321946472 -0.317178197  
    -0.312244766 -0.307155043 -0.301916748 -0.296536145 -0.291017921  
    -0.285365429 -0.279580951 -0.273666005 -0.267621791 -0.261449547  
    -0.255150765 -0.248727259 -0.242180988 -0.235513914 -0.228727788  
    -0.22182395 -0.214803244 -0.207666148 -0.200412914 -0.193043792  
    -0.185559463 -0.177961168 -0.170250863 -0.162431321 -0.154506045  
    -0.146478974 -0.138354316 -0.130136413 -0.121829574 -0.113438024  
    -0.104966044 -0.0964181558 -0.0877992732 -0.0791149746  
    -0.0703715608 -0.0615760378 -0.0527360963 -0.0438598467  
    -0.0349555947 -0.0260316316 -0.0170960174 -0.00815651618  
    0.000779380614 
/

